ncomps	x	y	amplitude	err amplitude	shift	err shift	width	err width	rms	residual	chisq	dof	redchisq	aic
3.0	88.0	0.0	0.3572873115387932	0.06016293784677215	23.840645823209776	1.34026257760663	5.614295258292921	1.3915579617756966	0.10408698903421125	0.10448544647920004	126.41223443766269	116.0	1.0897606417039887	-544.6625403219023
3.0	88.0	0.0	1.028852560237677	0.05808214439535053	44.48312166585294	0.48981940612352654	6.464097051486492	0.5897598730085405	0.10408698903421125	0.10448544647920004	126.41223443766269	116.0	1.0897606417039887	-544.6625403219023
3.0	88.0	0.0	0.3098636200786629	0.05866396705322155	69.2992818913269	1.3559621204224597	5.941348346463358	1.4288479517327244	0.10408698903421125	0.10448544647920004	126.41223443766269	116.0	1.0897606417039887	-544.6625403219023
2.0	218.0	0.0	10.231160389501722	0.7373118540879392	25.544103684055674	0.3886829211763424	4.6708910244975765	0.38868292414513794	0.8159458657608135	0.9699574439803893	268.15144483442555	119.0	2.253373486003576	57.26481964095669
2.0	218.0	0.0	7.333896921049382	0.7699613638964891	59.28361175829167	0.519191886132634	4.284292779710987	0.5191960374338251	0.8159458657608135	0.9699574439803893	268.15144483442555	119.0	2.253373486003576	57.26481964095669
2.0	228.0	0.0	15.540924323012504	0.8965092378171764	25.193353610074215	0.28420490510255836	4.266623050892142	0.28420490515809493	0.8577760132792323	1.1343536973503554	327.67753484836277	119.0	2.7535927298181746	94.82332957123477
2.0	228.0	0.0	6.984962997124753	0.9917197862078238	56.18647013605831	0.5716235318873312	3.4867102560806416	0.5716235267233771	0.8577760132792323	1.1343536973503554	327.67753484836277	119.0	2.7535927298181746	94.82332957123477
2.0	238.0	0.0	17.447304529398032	0.9405978089154019	25.206554691198278	0.26400039077745424	4.240920554639462	0.26400039671251285	0.7993614616888659	1.3310054742886706	412.84014431723114	119.0	3.469244910228833	106.06969379950147
2.0	238.0	0.0	7.195975848954107	1.2921083245190985	53.95318000996972	0.46567886154384236	2.2468213507024757	0.465180914500891	0.7993614616888659	1.3310054742886706	412.84014431723114	119.0	3.469244910228833	106.06969379950147
2.0	248.0	0.0	16.115243728551054	0.997123638667883	25.496911964517267	0.3166180651638798	4.4315350774102225	0.31661806715530577	0.6251670715281202	1.5242543779466105	792.6120436906339	119.0	6.66060540916499	126.15529408945758
2.0	248.0	0.0	6.518309104616862	1.6298480709336465	53.2042584993378	0.4856633495794822	1.7264838079698457	0.5102130996310299	0.6251670715281202	1.5242543779466105	792.6120436906339	119.0	6.66060540916499	126.15529408945758
3.0	258.0	0.0	14.94396473667056	0.9493640178729191	26.074221433580522	0.3395905427357868	4.629342137066044	0.33959054325502813	0.5647641483322785	1.4634130022128464	896.5246865431031	116.0	7.72866109088882	123.0049609924943
3.0	258.0	0.0	6.413074963841097	1.8006430228091348	53.00733040879135	0.44216376684187203	1.535920254875737	0.5341194271850764	0.5647641483322785	1.4634130022128464	896.5246865431031	116.0	7.72866109088882	123.0049609924943
3.0	258.0	0.0	1.8250821901932974	0.9988962594416774	152.9561320259023	2.6414676711089267	4.187574595303591	2.6415850141204973	0.5647641483322785	1.4634130022128464	896.5246865431031	116.0	7.72866109088882	123.0049609924943
2.0	268.0	0.0	11.491721990418792	0.828725484115436	27.523303747648498	0.40927571854135725	4.914971573657714	0.40927574290995716	0.5118318874386202	1.3172429548559252	905.9169146344225	119.0	7.612747181801869	92.8513335845098
2.0	268.0	0.0	5.282646173791833	1.8207824644291042	53.07553457864512	0.455227402371893	1.4279643735724807	0.6258983252259003	0.5118318874386202	1.3172429548559252	905.9169146344225	119.0	7.612747181801869	92.8513335845098
1.0	278.0	0.0	7.978497734061964	0.7466306161506464	31.760292206710822	0.5069458021454348	4.692817904516224	0.5069483800042769	0.773173779833822	1.1059988491103239	315.370024932452	122.0	2.5850002043643605	57.36625094188462
1.0	288.0	0.0	9.63384899282814	0.5941129822826101	35.95467645335294	0.3417495121901527	4.799787963002011	0.341750215653242	0.7227185316179009	0.8835068300875978	233.776096723876	122.0	1.9161975141301313	3.0723988411601244
2.0	298.0	0.0	11.338912388675089	1.6999634507934953	34.466940661189945	0.4716510900937961	3.226965950223068	0.3304294755867888	0.5327095103589006	0.6768138520841708	202.29974526077777	119.0	1.699997859334267	-84.55329516004319
2.0	298.0	0.0	10.198584314045707	0.6544598128353635	43.175238892095635	0.9695467961941905	4.884374227751325	0.6697558635386563	0.5327095103589006	0.6768138520841708	202.29974526077777	119.0	1.699997859334267	-84.55329516004319
2.0	308.0	0.0	12.178594000993682	1.4278119388814658	34.47107434206624	0.3818897127323232	3.084165351579424	0.3114486189609411	0.6047598690806161	0.7598358719248717	225.1229458683258	119.0	1.8917894610783679	-39.47747046274889
2.0	308.0	0.0	16.92662795557998	0.5545084225149494	43.930613626940435	0.5130259826055722	5.116174393393823	0.4092871457490748	0.6047598690806161	0.7598358719248717	225.1229458683258	119.0	1.8917894610783679	-39.47747046274889
3.0	318.0	0.0	9.10862050382036	0.8446016563376246	34.325431830187384	0.33529567363361584	2.82585757641431	0.3007674715267353	0.535161404370817	0.6955602955461418	217.71103865654953	116.0	1.876819298763358	-67.37463746807185
3.0	318.0	0.0	18.05931521786412	0.4447215096652558	44.40414345136208	0.27957578277924094	4.974584838286264	0.263477201011442	0.535161404370817	0.6955602955461418	217.71103865654953	116.0	1.876819298763358	-67.37463746807185
3.0	318.0	0.0	2.0354032784247504	0.47325191967646213	92.57110606648546	1.0905984142839846	4.062127770050269	1.0905984253424799	0.535161404370817	0.6955602955461418	217.71103865654953	116.0	1.876819298763358	-67.37463746807185
3.0	328.0	0.0	4.897979360314808	0.6099774966313471	34.55503356904485	0.4354494290844682	2.505482500381795	0.42934902373636585	0.5699292779163242	0.6847960589313083	186.53445904887278	116.0	1.6080556814557998	-70.95775106274087
3.0	328.0	0.0	15.435871205753886	0.46661491239162234	45.57357694190446	0.18363810503506822	4.3646424373768085	0.2026247715432076	0.5699292779163242	0.6847960589313083	186.53445904887278	116.0	1.6080556814557998	-70.95775106274087
3.0	328.0	0.0	1.8728511536324879	0.5114680083523832	94.98338855214212	1.0657049117174882	3.379499501784103	1.0657049158017042	0.5699292779163242	0.6847960589313083	186.53445904887278	116.0	1.6080556814557998	-70.95775106274087
1.0	338.0	0.0	13.082865057288707	0.5258417009463825	46.46343260224221	0.18294247286417983	3.942141020862155	0.1829428467130048	0.5353457167564568	0.7914420353452658	274.1327683856271	122.0	2.2469899048002224	-52.04828432481004
1.0	348.0	0.0	11.076714073978032	0.6188705913881474	47.85833306615531	0.21605858102979406	3.348447340065311	0.21605758635349104	0.629545616534414	0.8108173974003364	233.26456995926722	122.0	1.9120046717972723	-31.70679517028035
1.0	358.0	0.0	9.873086016491802	0.5526856840120636	49.12255273335137	0.2141904534345914	3.3132100251775576	0.21418964388763714	0.5825029949787329	0.7607883070879905	215.01077306824936	122.0	1.7623833858053226	-61.308438382249946
2.0	878.0	0.0	1.8250126248516434	0.1783424337875949	55.943159529257144	0.8033938285713391	7.122817115214179	0.803419298765692	0.37046913637390866	0.3213698388367969	116.01949413843901	119.0	0.9749537322557901	-244.85385910552324
2.0	878.0	0.0	1.870292158381387	0.23012874718433834	92.51871305718032	0.6076154713386369	4.276574391552736	0.6076282301788924	0.37046913637390866	0.3213698388367969	116.01949413843901	119.0	0.9749537322557901	-244.85385910552324
3.0	888.0	0.0	0.7976356410162404	0.14900518963242987	46.08267620504775	0.6832064398836869	2.6804371884053	0.6669507835801712	0.16884185652811795	0.16015279353855738	119.1579737257746	116.0	1.0272239114290913	-431.1159249764595
3.0	888.0	0.0	1.1919675859589072	0.10218595160086519	57.757359831139006	0.6757130048470239	5.13395363229673	0.7329734184656385	0.16884185652811795	0.16015279353855738	119.1579737257746	116.0	1.0272239114290913	-431.1159249764595
3.0	888.0	0.0	1.00157834728058	0.1048820500009656	91.66114237438217	0.5448224719211995	4.505778443684254	0.5448230464254368	0.16884185652811795	0.16015279353855738	119.1579737257746	116.0	1.0272239114290913	-431.1159249764595
2.0	218.0	10.0	8.737502864458865	0.47266652600339404	27.254831212969876	0.32558421940123466	5.212283273970126	0.32558839126752304	0.4624312297537401	0.6804943223530007	382.86045983893945	119.0	3.217314788562516	-40.182885612151935
2.0	218.0	10.0	6.633939837461068	0.5077420170096092	58.797102577368584	0.39921538375792137	4.517764484697392	0.3992220262668392	0.4624312297537401	0.6804943223530007	382.86045983893945	119.0	3.217314788562516	-40.182885612151935
2.0	228.0	10.0	13.69319815595694	0.55035708274715	26.258122892988457	0.21793530721539942	4.69589788279512	0.21793538043295682	0.39886212109946323	0.770982384696492	628.5830940848192	119.0	5.282210874662346	-15.17869481637046
2.0	228.0	10.0	6.770011683701312	0.631459461508211	55.940749165688594	0.38420693157850205	3.566448670331962	0.38420423032121365	0.39886212109946323	0.770982384696492	628.5830940848192	119.0	5.282210874662346	-15.17869481637046
2.0	238.0	10.0	16.730773167956716	0.6113864348171257	25.97374971554894	0.1879121237186638	4.4533378211639345	0.18791212297462068	0.42880225277340345	0.8794908547552303	636.5078601790991	119.0	5.348805547723522	4.4823892246098005
2.0	238.0	10.0	6.503957148181567	0.8387378096154182	54.09025919292883	0.35232354921057507	2.3659611956854403	0.35220593617749996	0.42880225277340345	0.8794908547552303	636.5078601790991	119.0	5.348805547723522	4.4823892246098005
2.0	248.0	10.0	16.907316106120934	0.6876877123885303	26.123738582687196	0.21404742910786595	4.5574724738573975	0.2140474282647207	0.4356860724809603	1.0795385077550368	798.2884942657226	119.0	6.708306674501871	36.77307590921958
2.0	248.0	10.0	6.117096012704851	1.0760077070530358	53.435099389762854	0.37860233958446426	1.8694303527479144	0.3804418206034642	0.4356860724809603	1.0795385077550368	798.2884942657226	119.0	6.708306674501871	36.77307590921958
2.0	258.0	10.0	16.39193745199547	0.7318725083739726	26.55692398139768	0.2393389069994424	4.6423596752401135	0.239338907543623	0.3733959988718999	1.1631283623865947	1253.9233291369549	119.0	10.537170833083655	54.64777869809451
2.0	258.0	10.0	5.4421991702031525	1.2187815589771425	53.39014804176514	0.4362087640098446	1.7076653973678515	0.4463836599788535	0.3733959988718999	1.1631283623865947	1253.9233291369549	119.0	10.537170833083655	54.64777869809451
2.0	268.0	10.0	13.243551838416709	0.6492902834917557	27.807864844634246	0.2707669832505444	4.7829067428412095	0.2707669896333992	0.36302839189775665	1.023813467890844	1075.6950608902678	119.0	9.039454293195528	28.44437643568415
2.0	268.0	10.0	4.1580143827516105	1.101256899885567	53.55106177592388	0.5085131027382742	1.6472235545766072	0.5009140010686168	0.36302839189775665	1.023813467890844	1075.6950608902678	119.0	9.039454293195528	28.44437643568415
1.0	278.0	10.0	9.327325612050505	0.5380378730204051	30.66308118063318	0.31114799041719776	4.670392735091077	0.3111468792732251	0.4467416478799163	0.8497991456248541	488.35830436821516	122.0	4.002936921050944	-25.101751426633445
1.0	288.0	10.0	8.197725799681095	0.40931583888750217	34.045769224542745	0.2879753508955696	4.994999174271559	0.2879755058915602	0.465191185028245	0.6794079193125747	278.7361357669271	122.0	2.2847224243190745	-85.08272093940175
3.0	298.0	10.0	9.13248300944405	0.5307876313168446	34.14824276934207	0.45701610758629124	3.729337310143106	0.32198713919242067	0.41624282075290503	0.445328056382579	151.9291846856941	116.0	1.3097343507387422	-175.16880583315483
3.0	298.0	10.0	7.658018023423352	0.4205013879865449	43.88056107708492	0.598826667429433	4.119677532549711	0.4421389616922039	0.41624282075290503	0.445328056382579	151.9291846856941	116.0	1.3097343507387422	-175.16880583315483
3.0	298.0	10.0	2.161525453702358	0.3439454001605272	92.1934234851134	0.5965457519021536	3.246696075964148	0.5965456115178916	0.41624282075290503	0.445328056382579	151.9291846856941	116.0	1.3097343507387422	-175.16880583315483
2.0	308.0	10.0	9.09124854877369	0.7255547704147118	34.64052207835848	0.5147601876615983	3.4180695513956927	0.3857260782995855	0.43419328627088416	0.573636078992935	294.5884949119214	119.0	2.4755335706884147	-88.69629249276622
2.0	308.0	10.0	13.893423727615035	0.4905417363930855	44.43354242249498	0.40555920287033925	4.232833392903576	0.33053456872483705	0.43419328627088416	0.573636078992935	294.5884949119214	119.0	2.4755335706884147	-88.69629249276622
3.0	318.0	10.0	6.256002987417628	0.5104360895825358	34.49095957130815	0.38122145500021	2.921616781661734	0.33028133886743966	0.3802539549352734	0.5011962887615184	234.4768397029435	116.0	2.021352066404685	-143.5333842232847
3.0	318.0	10.0	14.759875547849681	0.346029221667525	44.558360226681465	0.21709424039811484	4.405956695543912	0.20952771428858696	0.3802539549352734	0.5011962887615184	234.4768397029435	116.0	2.021352066404685	-143.5333842232847
3.0	318.0	10.0	1.8299235375929586	0.3205108256702499	93.11258822447627	0.9739338973752404	4.815599368311199	0.9739338838855198	0.3802539549352734	0.5011962887615184	234.4768397029435	116.0	2.021352066404685	-143.5333842232847
2.0	328.0	10.0	2.6486056577128507	0.5021359174933047	34.52559366923016	0.576394382603279	2.2872398774071616	0.5782498254763814	0.37272700051887486	0.5541325085467015	285.423063506445	119.0	2.3985131387096215	-130.80804598908915
2.0	328.0	10.0	12.198716171672231	0.3806975708683546	45.42077303779263	0.16767870126717738	4.162210045010654	0.18612539164562522	0.37272700051887486	0.5541325085467015	285.423063506445	119.0	2.3985131387096215	-130.80804598908915
1.0	338.0	10.0	10.34138658014812	0.41357737884810075	46.59149588004269	0.17787125728047323	3.8522672072082385	0.17787181721287884	0.38268956505093915	0.6163391981822743	324.2735671691422	122.0	2.6579800587634606	-114.97356772598896
1.0	348.0	10.0	8.81695857414564	0.5225244869585967	48.15461316587354	0.24511160201853258	3.580962630250089	0.24511003143932253	0.4650363505374762	0.7039733941429878	325.92975154502346	122.0	2.6715553405329793	-65.61390896460064
3.0	868.0	10.0	3.1970355141068434	0.245966458134095	56.37304312715734	0.36504226044927324	4.109088843011143	0.3650422617200148	0.36667713331494445	0.3481808895120684	126.71884400746634	116.0	1.0924038276505719	-229.54604003709926
3.0	868.0	10.0	2.6090771576559755	0.40313204770901584	90.82131642316939	1.9144509081813366	4.545003346394603	1.199534151938183	0.36667713331494445	0.3481808895120684	126.71884400746634	116.0	1.0924038276505719	-229.54604003709926
3.0	868.0	10.0	1.1302896998326561	1.1669168083982477	96.42011276018367	0.8725449330627426	1.962130689102461	1.5705944362280861	0.36667713331494445	0.3481808895120684	126.71884400746634	116.0	1.0924038276505719	-229.54604003709926
2.0	878.0	10.0	2.1595010140558193	0.18350822795607608	56.972631448512125	0.49439297800963633	5.039431614096399	0.49439451651027083	0.3060685759689105	0.28603559096817144	127.35086655253022	119.0	1.0701753491809263	-280.94562643471545
2.0	878.0	10.0	2.2533076562417484	0.19567720432896474	91.2563502004879	0.4443727616070766	4.43157679916834	0.44437283998249777	0.3060685759689105	0.28603559096817144	127.35086655253022	119.0	1.0701753491809263	-280.94562643471545
2.0	888.0	10.0	1.3584871044337623	0.13979593279092953	56.90542430929093	0.7820580230934001	6.581623585791095	0.7820624712305578	0.2747820674595844	0.26144478878075517	119.76866320755136	119.0	1.0064593546853056	-315.5763376752058
2.0	888.0	10.0	1.167470859119918	0.19227211433392752	91.09841136711601	0.6617910519495356	3.477767292237851	0.6617820838226334	0.2747820674595844	0.26144478878075517	119.76866320755136	119.0	1.0064593546853056	-315.5763376752058
1.0	898.0	10.0	0.9761689933535316	0.10825061307703124	57.10765175783782	1.112225333695872	8.68822249764814	1.1122272036803305	0.20691168513669195	0.22364293182369335	171.37988781589988	122.0	1.4047531788188514	-348.41968948328946
2.0	218.0	20.0	7.731689732948189	0.2905275874724726	29.542993820205268	0.21131106737802527	4.870272394732526	0.2113570198900577	0.30802782529924877	0.4514329810118226	304.57424562021293	119.0	2.5594474421866633	-170.35428163190772
2.0	218.0	20.0	5.327998437523789	0.29575692708561147	57.63395339042996	0.3012472305648474	4.698726597178397	0.3013100389505132	0.30802782529924877	0.4514329810118226	304.57424562021293	119.0	2.5594474421866633	-170.35428163190772
2.0	228.0	20.0	10.880942791106886	0.2503305140668811	28.135015702631133	0.12640748991364764	4.758376965343128	0.1264111037584173	0.24592665346789655	0.38398374158876897	346.6315998846029	119.0	2.9128705872655707	-210.4750207699937
2.0	228.0	20.0	5.306046408109913	0.27337733200504605	55.815392210404916	0.2373860723207282	3.9892308816248665	0.2373909993130735	0.24592665346789655	0.38398374158876897	346.6315998846029	119.0	2.9128705872655707	-210.4750207699937
2.0	238.0	20.0	15.020490731096656	0.289938175536735	27.37860605872666	0.09840984050975635	4.415174466959098	0.09840984672576229	0.2977162520644476	0.40510263125843826	294.4111330516365	119.0	2.474043134887702	-183.1088075702782
2.0	238.0	20.0	4.9100075085639725	0.3636916301848166	54.46370834604207	0.23997866931655498	2.806543833862991	0.23998102575297106	0.2977162520644476	0.40510263125843826	294.4111330516365	119.0	2.474043134887702	-183.1088075702782
2.0	248.0	20.0	16.86688063629033	0.36961323997965073	27.107632057973046	0.11050952608185584	4.367342746171456	0.11050952436074592	0.32102092341581806	0.5749365971632959	407.04880568725457	119.0	3.420578199052559	-123.77296001156829
2.0	248.0	20.0	4.614243339354058	0.5189291583313759	53.938730241328344	0.2876817491459972	2.2131945180933	0.2872557056023588	0.32102092341581806	0.5749365971632959	407.04880568725457	119.0	3.420578199052559	-123.77296001156829
2.0	258.0	20.0	16.999181334983458	0.4529462219899691	26.975603849792158	0.13623102363902723	4.427800217459137	0.13623102351829633	0.28497986661141084	0.7015455242521584	786.4182525673667	119.0	6.608556744263586	-71.22544156944996
2.0	258.0	20.0	3.758346654218038	0.6678366653550938	54.239518635239136	0.41732240426791617	2.028789042253328	0.41513635223830886	0.28497986661141084	0.7015455242521584	786.4182525673667	119.0	6.608556744263586	-71.22544156944996
2.0	268.0	20.0	13.962278156397199	0.42794010854850617	27.433717899517408	0.1630937966919456	4.608306631485892	0.16309379643742625	0.2832755782656771	0.671966380519357	739.4175036461588	119.0	6.21359246761478	-80.42828297186917
2.0	268.0	20.0	3.116062414925417	0.6465732433679274	54.7708118981179	0.48440782806728	2.0271292996945385	0.4870931197763214	0.2832755782656771	0.671966380519357	739.4175036461588	119.0	6.21359246761478	-80.42828297186917
2.0	278.0	20.0	9.33217452496606	0.33099845762126023	28.930732798995603	0.18472289335853376	4.510337761560733	0.1847229070997583	0.271825047377833	0.5271798455324249	470.1995465901937	119.0	3.951256694035241	-147.33186322999006
2.0	278.0	20.0	2.1441908596915007	0.5011635695236036	54.222732147730376	0.5295824327448175	1.9522129667349	0.5243810582434569	0.271825047377833	0.5271798455324249	470.1995465901937	119.0	3.951256694035241	-147.33186322999006
2.0	288.0	20.0	5.948213370752964	0.23993364326287195	30.707043394041516	0.2009864769983791	4.315119778880058	0.20098648040448394	0.2747878847795694	0.3728085757946139	231.30266820740766	119.0	1.9437199009025854	-233.3004164012552
2.0	288.0	20.0	1.6501585562480243	0.3235045159998413	93.36701449664218	0.5372515478046185	2.374715974134665	0.5373363324759028	0.2747878847795694	0.3728085757946139	231.30266820740766	119.0	1.9437199009025854	-233.3004164012552
3.0	298.0	20.0	3.7987203441187356	0.2422095581973858	32.66382831298053	0.5122300262745815	4.556698881606321	0.5245661734481826	0.3125876848846215	0.35303792676127205	177.7280178027339	116.0	1.5321380845063266	-227.1597651732293
3.0	298.0	20.0	3.762997126299625	0.2917829684618291	44.386879571177374	0.43392124239641877	3.3258976736575585	0.4012432608924191	0.3125876848846215	0.35303792676127205	177.7280178027339	116.0	1.5321380845063266	-227.1597651732293
3.0	298.0	20.0	2.4460681776309583	0.2928065514048849	93.27746127882237	0.40855271668777565	2.9549251027681924	0.40854897410181806	0.3125876848846215	0.35303792676127205	177.7280178027339	116.0	1.5321380845063266	-227.1597651732293
2.0	308.0	20.0	7.858698756825755	0.34788013489496017	43.462752375576656	0.23386801030430157	4.575345772722579	0.2338680254389845	0.31068212147585933	0.5292969969527324	403.32053092411473	119.0	3.3892481590261743	-133.1071535079818
2.0	308.0	20.0	1.9316038644034836	0.3151701257538223	93.73091520551965	1.0500013322821513	5.576858289508632	1.0500109099739776	0.31068212147585933	0.5292969969527324	403.32053092411473	119.0	3.3892481590261743	-133.1071535079818
2.0	318.0	20.0	8.958900398918903	0.2960958498659252	44.110741889078305	0.15306196737453276	4.010307852869003	0.15306163467153755	0.32182129959474376	0.4447125753268644	238.6941734021993	119.0	2.005833389934448	-189.86917676225002
2.0	318.0	20.0	1.2635691485575697	0.2511661988052778	93.95118030126218	1.279289218271085	5.574047935228117	1.2792905286720353	0.32182129959474376	0.4447125753268644	238.6941734021993	119.0	2.005833389934448	-189.86917676225002
1.0	328.0	20.0	7.851910726225409	0.3062065065731984	45.05315918075677	0.16134953680045946	3.5833329870714214	0.16134980764725962	0.30291713860317954	0.43720897698578676	263.91448938876033	122.0	2.1632335195800025	-199.16006901407633
1.0	338.0	20.0	6.904473475070002	0.4005195747402694	46.36366573020488	0.22868479211510256	3.4133940147509056	0.22868349796631005	0.2848146890815929	0.5535472618508296	486.6105476833201	122.0	3.988611046584591	-138.0853348478
1.0	348.0	20.0	5.646837200169906	0.43786949387871577	48.373050813348776	0.3621223177742972	4.042998119257778	0.3621197106039021	0.3342009866249217	0.6232639680289331	500.364251494958	122.0	4.101346323729164	-94.62535279649981
3.0	618.0	20.0	3.746949283450517	0.21893462072078732	49.239840696217215	0.21770064313247103	3.007747099673745	0.22968198983692575	0.2821675075804207	0.2781182656127891	121.50053630047616	116.0	1.047418416383415	-300.2977616454594
3.0	618.0	20.0	1.173927177178226	0.20749875022520634	61.33633208411609	0.7336166052295714	3.399023131683328	0.7877424210329896	0.2821675075804207	0.2781182656127891	121.50053630047616	116.0	1.047418416383415	-300.2977616454594
3.0	618.0	20.0	5.922893356589274	0.21286578100877024	84.16270863163098	0.12927373331114916	3.1150782968693296	0.12927383497202055	0.2821675075804207	0.2781182656127891	121.50053630047616	116.0	1.047418416383415	-300.2977616454594
3.0	628.0	20.0	2.5614774184083253	0.2015142395611581	50.84422600683497	0.4384384594625989	3.6301485151749784	0.45421334011227943	0.2815859383102408	0.279432301326482	123.97269747477148	116.0	1.0687301506445817	-298.29572753889977
3.0	628.0	20.0	1.8413609258139718	0.20263377184954798	62.50591846029236	0.6062488422796517	3.5789419997084098	0.6252335783353106	0.2815859383102408	0.279432301326482	123.97269747477148	116.0	1.0687301506445817	-298.29572753889977
3.0	628.0	20.0	6.099848792210519	0.22188359395138735	83.70447320619587	0.12236693402272472	2.9133292728310485	0.12236864820607747	0.2815859383102408	0.279432301326482	123.97269747477148	116.0	1.0687301506445817	-298.29572753889977
2.0	868.0	20.0	2.2444446550693775	0.18027163232070043	55.7610873574165	0.498407915772957	5.374486061501554	0.4984105633511175	0.2746961958640096	0.3048063951226039	162.72701991420746	119.0	1.3674539488588862	-277.3404772780476
2.0	868.0	20.0	3.2129438070585157	0.186536790521156	90.56095006818853	0.3364660725554512	5.019810767249951	0.33646831681891126	0.2746961958640096	0.3048063951226039	162.72701991420746	119.0	1.3674539488588862	-277.3404772780476
1.0	58.0	30.0	1.3100981875369149	0.16794111072045892	13.950506234209548	0.6793164999615732	4.586987942984708	0.6793102084653186	0.2502389920859462	0.2646585610122015	148.96807253911214	122.0	1.2210497749107552	-318.4074289280475
2.0	68.0	30.0	1.769510212052671	0.432393067064368	13.720137253063985	1.0453781470372916	3.704916271108983	1.045378144710239	0.2410080493638236	0.6064328497957199	838.442708646129	119.0	7.045737047446462	-105.11530769015752
2.0	68.0	30.0	1.3598682517173826	0.4394348468470641	64.57731960547356	1.3384861651721403	3.5871278413252146	1.338486162233002	0.2410080493638236	0.6064328497957199	838.442708646129	119.0	7.045737047446462	-105.11530769015752
2.0	228.0	30.0	7.3527705899244635	0.18951541935651317	28.838611786673727	0.1276937135525173	4.290580215843414	0.12773127800960288	0.22150547580550012	0.27051531396146383	220.78313038457947	119.0	1.8553204233998275	-293.0067311842072
2.0	228.0	30.0	3.6518964664165035	0.1788632359856242	55.2111024226911	0.2724209107158916	4.816610026806486	0.27250630542869186	0.22150547580550012	0.27051531396146383	220.78313038457947	119.0	1.8553204233998275	-293.0067311842072
2.0	238.0	30.0	11.626446861592035	0.23682365909158712	27.79375579443217	0.09107454823826724	3.8721272885546263	0.09107459678287953	0.23932845759294016	0.2931993423926864	266.57021615144276	119.0	2.240085850012124	-250.10223498418756
2.0	238.0	30.0	3.338325001723528	0.24627708444567256	54.08990201244116	0.3049935698823108	3.5809932587288866	0.3049951500869144	0.23932845759294016	0.2931993423926864	266.57021615144276	119.0	2.240085850012124	-250.10223498418756
2.0	248.0	30.0	13.824959298064037	0.25537254050718894	27.17628235171291	0.08178084625942053	3.834174694689727	0.08178084644047426	0.2129561360894133	0.3522291179259037	387.6507413219969	119.0	3.257569254806697	-232.48152196265028
2.0	248.0	30.0	2.72572383964582	0.31047061751299143	54.09197251602193	0.34121593891236485	2.5933557259088524	0.3412003770428961	0.2129561360894133	0.3522291179259037	387.6507413219969	119.0	3.257569254806697	-232.48152196265028
2.0	258.0	30.0	13.624582845555116	0.30900728370574254	26.57109739369697	0.10709114198997546	4.089202944025289	0.10709114141265884	0.23362166574920654	0.4432822645575976	502.9797762516375	119.0	4.22672080883729	-176.77167865566176
2.0	258.0	30.0	2.3510270255317094	0.4123422925006013	54.73937440931188	0.46514153121464047	2.2968390917963424	0.4653556411684788	0.23362166574920654	0.4432822645575976	502.9797762516375	119.0	4.22672080883729	-176.77167865566176
2.0	268.0	30.0	10.648630949219944	0.3164150507590363	26.427643283454177	0.14334997409334957	4.177965879216034	0.14334997363297725	0.2446986770291048	0.4717262459660509	491.15273347149696	119.0	4.127333894718462	-168.16488832378266
2.0	268.0	30.0	2.6894084181283873	0.42725358763287036	55.406638728846296	0.42031111350060213	2.2926280355216844	0.4204103595733038	0.2446986770291048	0.4717262459660509	491.15273347149696	119.0	4.127333894718462	-168.16488832378266
2.0	278.0	30.0	5.649204123368726	0.29203328581636456	27.05362212478359	0.23465168721234672	3.9310556297894346	0.23465168593319263	0.2336346016866696	0.43249058238505705	431.81750623481804	119.0	3.628718539788387	-195.82619912562737
2.0	278.0	30.0	2.3990560220852926	0.38497147142467597	55.357602155508054	0.4192838076819724	2.2619534580065546	0.4194465920214282	0.2336346016866696	0.43249058238505705	431.81750623481804	119.0	3.628718539788387	-195.82619912562737
2.0	318.0	30.0	6.0944151953547765	0.33441092290180424	44.08558559890582	0.21269603096678033	3.3569285338285173	0.2126971788897204	0.27991517220249573	0.4393358506698529	336.85991902044543	119.0	2.8307556220205496	-181.68612561741995
2.0	318.0	30.0	1.6672932141601002	0.3938461492850457	63.41407838858064	0.6601462643911414	2.420285843090419	0.6601855063231545	0.27991517220249573	0.4393358506698529	336.85991902044543	119.0	2.8307556220205496	-181.68612561741995
2.0	328.0	30.0	6.925017845863562	0.3182161441352215	44.9039322649359	0.17936169506046096	3.3803553305786895	0.17936620889954388	0.22514640767716693	0.4363234417836274	474.7554162293403	119.0	3.9895413128515993	-193.22847987958548
2.0	328.0	30.0	1.1905016232298669	0.3444738385315859	64.80277519079758	0.9642231311127626	2.8821216892070733	0.9642017303815849	0.22514640767716693	0.4363234417836274	474.7554162293403	119.0	3.9895413128515993	-193.22847987958548
2.0	338.0	30.0	6.757373129455771	0.3432171560424883	46.15515494563119	0.18948840723928803	3.1837458249200807	0.19200583778592725	0.21245545602616436	0.4583821813426147	582.3973629359139	119.0	4.894095486856419	-182.1889644605111
2.0	338.0	30.0	0.8741741166118847	0.2625413230428735	65.24653159750807	1.916622695564542	5.510541453667647	1.974850386619178	0.21245545602616436	0.4583821813426147	582.3973629359139	119.0	4.894095486856419	-182.1889644605111
1.0	348.0	30.0	5.626472142726752	0.32216698833037505	47.533997154997955	0.23662561699987622	3.5783228691726583	0.23662465393621573	0.20789724516819397	0.4611504965056514	619.4453072838768	122.0	5.077420551507187	-186.61399941336578
1.0	358.0	30.0	4.905274768124843	0.2383598311876871	49.73794276336934	0.2668688027107164	4.756540574264068	0.2668691472756755	0.23710923460601507	0.3728799082804596	346.4593235380261	122.0	2.839830520803493	-226.37712437393037
1.0	368.0	30.0	4.7898984761050345	0.1828943999018204	50.23274498126964	0.22383187810661767	5.0757513047468015	0.22383125149320293	0.2147474666525788	0.312104685967285	265.4059437090342	122.0	2.1754585549920837	-284.45478127499484
1.0	378.0	30.0	4.619499600340675	0.19045138173613008	48.78151618984104	0.19313803645795616	4.056694728151311	0.19313767870032575	0.21848703835530298	0.28869651593059165	222.19145376046396	122.0	1.821241424266098	-302.3539371536733
1.0	388.0	30.0	4.4087004158939695	0.17734970328663105	48.21926933090788	0.18716400857252727	4.02937145617234	0.18716405122942573	0.218790476012914	0.2703288465938021	190.8323657153429	122.0	1.5641997189782204	-321.0249795450327
2.0	608.0	30.0	2.7327554532304696	0.18192270621371817	48.93312252596739	0.3186365005645153	4.145158550426915	0.31863651736545784	0.23897848691943085	0.24185892413040166	168.88739865557434	119.0	1.4192218374418013	-307.5187621644575
2.0	608.0	30.0	3.4831140190861962	0.17411757343433612	86.18738405971331	0.2611789836062116	4.5258405965720865	0.2611801556853626	0.23897848691943085	0.24185892413040166	168.88739865557434	119.0	1.4192218374418013	-307.5187621644575
2.0	618.0	30.0	2.1995365570778347	0.18655211235508284	49.406081923801004	0.4652752598271535	4.752335190147282	0.4652777559744557	0.09873783312627052	0.24800064443954387	1192.478458306293	119.0	10.020827380725152	-284.17548088017196
2.0	618.0	30.0	5.813750362468306	0.21415198664266846	85.00642318816674	0.15335853910047112	3.605561115368463	0.15335853898128776	0.09873783312627052	0.24800064443954387	1192.478458306293	119.0	10.020827380725152	-284.17548088017196
3.0	628.0	30.0	1.5360554061917557	0.16629354585839692	50.21898062925743	0.6416696139384701	4.087668149992847	0.6851289785054023	0.23197571675402043	0.23101796900497973	137.96586527372483	116.0	1.1893609075321105	-333.37885757698695
3.0	628.0	30.0	1.4766710338995461	0.17609846747617067	62.806982138766614	0.6270459154356314	3.5464641118749496	0.6417824920611698	0.23197571675402043	0.23101796900497973	137.96586527372483	116.0	1.1893609075321105	-333.37885757698695
3.0	628.0	30.0	6.0612879590883235	0.1837233815451478	84.49863708116717	0.11232830939616252	3.2093863117854973	0.11233081728765323	0.23197571675402043	0.23101796900497973	137.96586527372483	116.0	1.1893609075321105	-333.37885757698695
3.0	638.0	30.0	1.4149479403192073	0.15943883964037364	58.575036245798756	1.1294788129466398	6.836446300180529	0.7649445811569158	0.20108207449162405	0.2303404146680631	167.0963897958453	116.0	1.440486118929701	-345.1631768477873
3.0	638.0	30.0	1.094133562526458	0.30038397604448364	64.58068479789843	0.47649873053894887	1.7754775065427384	0.6121847979147107	0.20108207449162405	0.2303404146680631	167.0963897958453	116.0	1.440486118929701	-345.1631768477873
3.0	638.0	30.0	4.08765138053947	0.17356869111820203	84.18729889841148	0.1613084863768572	3.277018179897885	0.16218797556306944	0.20108207449162405	0.2303404146680631	167.0963897958453	116.0	1.440486118929701	-345.1631768477873
3.0	858.0	30.0	0.7779364681454051	0.1709536595112158	45.919797800542206	1.171068070954308	4.458844728660664	1.2767584242258776	0.23921190249878047	0.2599440037547029	148.47347474956993	116.0	1.2799437478411202	-316.5245842706854
3.0	858.0	30.0	1.3124566509617712	0.266980952227535	57.34101286206465	0.4385444066810816	1.7923812294658301	0.4550557920098267	0.23921190249878047	0.2599440037547029	148.47347474956993	116.0	1.2799437478411202	-316.5245842706854
3.0	858.0	30.0	2.6981775980712	0.16567476089078062	90.4981196812444	0.320217258136971	4.516386497909343	0.3202172806922129	0.23921190249878047	0.2599440037547029	148.47347474956993	116.0	1.2799437478411202	-316.5245842706854
3.0	868.0	30.0	1.2513184655704355	0.11930436040656897	53.226159647161985	1.7872927985776608	12.442397459620626	1.9554390694974206	0.2862287056480886	0.2660160903007095	135.897333506839	116.0	1.1715287371279224	-282.72756668269113
3.0	868.0	30.0	1.0574982597977933	0.21275335838976647	78.31024083160864	1.6280351250050509	4.703852642328055	1.9239952999264747	0.2862287056480886	0.2660160903007095	135.897333506839	116.0	1.1715287371279224	-282.72756668269113
3.0	868.0	30.0	3.6538206148808876	0.22714141875504984	90.51192148578863	0.42129767246404287	3.666030018163317	0.3741589702214517	0.2862287056480886	0.2660160903007095	135.897333506839	116.0	1.1715287371279224	-282.72756668269113
4.0	58.0	40.0	0.673570484883357	0.2556434327738167	0.8618147771514599	6.931048095578768	7.512164547055921	6.413063804779002	0.10215632856379087	0.4904948025086429	2881.707007929823	113.0	25.501831928582504	-151.29899079865925
4.0	58.0	40.0	1.351718230683251	0.585746160616534	14.677415540600007	1.6797461363404054	3.745770409579717	1.6706798993552519	0.10215632856379087	0.4904948025086429	2881.707007929823	113.0	25.501831928582504	-151.29899079865925
4.0	58.0	40.0	1.0686853148543725	0.3650269852857196	62.58809741804038	1.3333458194709285	3.3806351750904957	1.3333458090905028	0.10215632856379087	0.4904948025086429	2881.707007929823	113.0	25.501831928582504	-151.29899079865925
4.0	58.0	40.0	0.6926596358804821	0.27942158126909994	100.60992389105245	2.6874338629866084	5.769369411708232	2.687433877303941	0.10215632856379087	0.4904948025086429	2881.707007929823	113.0	25.501831928582504	-151.29899079865925
2.0	228.0	40.0	4.186976666405869	0.15850157191526834	29.799107053201613	0.17416418821576612	3.9843017421626685	0.1743074554655365	0.1811281524252035	0.23673024045972887	214.41913202537407	119.0	1.8018414455913787	-346.97338865464184
2.0	228.0	40.0	3.228759371621548	0.1448719756363089	54.002807480618394	0.2470830959728625	4.77038148101986	0.24731372974298943	0.1811281524252035	0.23673024045972887	214.41913202537407	119.0	1.8018414455913787	-346.97338865464184
2.0	238.0	40.0	6.682148831390302	0.18747603878087138	28.046518891913696	0.11805174269896547	3.643959324564527	0.11805229373531963	0.17004942033736267	0.2652375605044375	311.39694420715364	119.0	2.6167810437575936	-316.1103410500277
2.0	238.0	40.0	2.774135780293849	0.18475868641102688	52.683419067934715	0.2885097663651533	3.7526481096389537	0.28851313093295383	0.17004942033736267	0.2652375605044375	311.39694420715364	119.0	2.6167810437575936	-316.1103410500277
2.0	248.0	40.0	8.257943321227097	0.2002866426385337	26.83536119107509	0.09995798394394831	3.569176573272828	0.09995798526292103	0.17678685462443294	0.2806059909783731	322.08663965466405	119.0	2.7066104172660843	-302.17740148429976
2.0	248.0	40.0	1.864914904591762	0.22608714215875017	53.30494077972786	0.3921978131189358	2.799780421555126	0.39218869867557543	0.17678685462443294	0.2806059909783731	322.08663965466405	119.0	2.7066104172660843	-302.17740148429976
2.0	258.0	40.0	8.26444414573006	0.22505247249214277	25.79482267985479	0.1180319809048984	3.7537054285029914	0.11803198043505216	0.19081128549392276	0.31455055022556766	367.1303544039755	119.0	3.085129028604836	-266.730324349856
2.0	258.0	40.0	1.7807134349726887	0.28532086835320053	54.75334970309941	0.43202124338071374	2.3371257149017306	0.4321833701265852	0.19081128549392276	0.31455055022556766	367.1303544039755	119.0	3.085129028604836	-266.730324349856
2.0	268.0	40.0	5.456608298976917	0.2765750421394944	25.419113731857372	0.21316796556075177	3.6411385005889745	0.21316640554972033	0.21171153165574477	0.3803284191331126	436.9765796740985	119.0	3.672072098101668	-218.97506038639673
2.0	268.0	40.0	2.367164975788925	0.3473277457647715	55.65515506035785	0.39122057307329083	2.3086413225540863	0.39110571506519676	0.21171153165574477	0.3803284191331126	436.9765796740985	119.0	3.672072098101668	-218.97506038639673
1.0	328.0	40.0	6.524622870542276	0.3073227606540119	45.267302214529465	0.18829972365529316	3.4626289574413525	0.18830049431140106	0.1684455567850681	0.43165629872642935	830.7043605599459	122.0	6.809052135737262	-202.5406427845715
1.0	338.0	40.0	6.960910651174424	0.27727745050885805	46.47876241955856	0.16400961449657683	3.565576257916563	0.16400939719643629	0.21613395886061568	0.3668962074347501	423.00042344981154	122.0	3.4672165856541928	-224.58179055409246
2.0	348.0	40.0	6.428442854922107	0.26689931197561173	47.33934703250785	0.11647004036791758	2.756192783102222	0.1438249892384374	0.20135493462024764	0.2684268708355585	246.6773739940935	119.0	2.072919109194063	-302.98871074962386
2.0	348.0	40.0	0.925919275030006	0.11572199673424609	60.43714746459251	2.5560853530928025	12.844879872930075	1.971331548075012	0.20135493462024764	0.2684268708355585	246.6773739940935	119.0	2.072919109194063	-302.98871074962386
2.0	358.0	40.0	6.628409186077769	0.17813913022625313	48.002713934004056	0.1027043857964657	2.8957283767414395	0.10234180090268918	0.17516862593267096	0.20979250149708004	184.04694379979173	119.0	1.5466129731074936	-374.43004401468824
2.0	358.0	40.0	1.0837616163699098	0.12098028859901312	61.59661541056164	0.9488521467224478	5.944262549623203	1.0473825930275455	0.17516862593267096	0.20979250149708004	184.04694379979173	119.0	1.5466129731074936	-374.43004401468824
2.0	368.0	40.0	6.336567732419247	0.15823604143021452	48.368449337746675	0.10183384947987537	3.0085612124763585	0.10301474897146849	0.20915073250818328	0.19168504847790663	120.13867291018781	119.0	1.0095686799175445	-383.42153705765963
2.0	368.0	40.0	1.1017080049979318	0.1309958970909964	61.48242749740594	0.7149116635948682	4.630295815733224	0.7890918224232341	0.20915073250818328	0.19168504847790663	120.13867291018781	119.0	1.0095686799175445	-383.42153705765963
2.0	378.0	40.0	5.641959997561185	0.1378271543930966	48.13795310719255	0.0796219099926261	2.813592763102654	0.08069535721585619	0.19002325258734434	0.1647553125346548	103.418821404015	119.0	0.8690657260841597	-426.1311894870682
2.0	378.0	40.0	0.9294944165978869	0.12807683796993258	62.23402558825076	0.5201688829935243	3.264017093639265	0.5284318401969093	0.19002325258734434	0.1647553125346548	103.418821404015	119.0	0.8690657260841597	-426.1311894870682
1.0	388.0	40.0	5.439749675153466	0.16784413338540283	47.83849921159246	0.10364209950624485	2.909260326703457	0.10364239254254189	0.17672856410584828	0.2134335457183386	189.13257355716652	122.0	1.5502669963702174	-375.5182549945659
2.0	398.0	40.0	0.8524883330783747	0.12227132948879055	25.88112065629842	0.8292558717408919	5.006451885720253	0.8319769662553244	0.17052319920228745	0.19509731466225655	180.68510147687942	119.0	1.518362197284701	-383.45386605141374
2.0	398.0	40.0	4.717499323293727	0.14505808656775232	48.13762954448846	0.12629467859658067	3.5554971748988997	0.12660523366680007	0.17052319920228745	0.19509731466225655	180.68510147687942	119.0	1.518362197284701	-383.45386605141374
4.0	608.0	40.0	1.9611464220004422	0.17310109246891828	46.97761396787348	0.5639929918419266	2.8769448278939125	0.5277854025205345	0.17076275618987743	0.1896368536305416	183.2218858195751	113.0	1.6214326178723462	-367.28628335377914
4.0	608.0	40.0	0.4265442331410858	0.13276825008676205	29.592200567737546	1.6526760389895658	4.596213973261409	1.6897859286210715	0.17076275618987743	0.1896368536305416	183.2218858195751	113.0	1.6214326178723462	-367.28628335377914
4.0	608.0	40.0	1.0419805945486813	0.20377346533248467	54.40867261541845	0.9601150036617632	2.4422232211006123	0.8190380257214936	0.17076275618987743	0.1896368536305416	183.2218858195751	113.0	1.6214326178723462	-367.28628335377914
4.0	608.0	40.0	3.3777950424134424	0.14806499440525842	86.86584960212777	0.18476308857414536	3.6502847296315606	0.18476308761195648	0.17076275618987743	0.1896368536305416	183.2218858195751	113.0	1.6214326178723462	-367.28628335377914
2.0	618.0	40.0	1.3733032634504945	0.13289838462015036	50.33095933793998	0.7636244011972657	6.834796135917864	0.763628648585414	0.19617243996983544	0.22475426701460174	220.5175664281315	119.0	1.85308879351371	-323.5204856943525
2.0	618.0	40.0	4.709125610379841	0.1851306547230939	85.92923082253168	0.1598711121728343	3.521781455910375	0.1598715672446453	0.19617243996983544	0.22475426701460174	220.5175664281315	119.0	1.85308879351371	-323.5204856943525
2.0	628.0	40.0	0.9565771117394203	0.10785651369262636	54.459210099939476	0.815727721293987	6.264234301976264	0.8157440152357783	0.1825778066200187	0.20168780648733278	153.71463262430743	119.0	1.2917196018849364	-386.5848364847571
2.0	628.0	40.0	4.299011876331668	0.15217907176233705	85.20998140167205	0.12863317078466815	3.14715321147588	0.12863524235452276	0.1825778066200187	0.20168780648733278	153.71463262430743	119.0	1.2917196018849364	-386.5848364847571
1.0	848.0	40.0	1.561658537223923	0.09039627277321007	93.63968285233626	0.4928093553808463	7.3719689107244974	0.49280876334444773	0.16047535576887004	0.18200044790677114	168.62518502885234	122.0	1.3821736477774782	-413.98313939010274
1.0	858.0	40.0	2.115738544076876	0.1357283383765489	89.25194819102424	0.6451154058743268	8.710887575296724	0.6451163832694342	0.1935263667853259	0.26116425977403496	308.79345393298075	122.0	2.5310938846965634	-291.5405180571715
2.0	118.0	50.0	2.5770326349669848	0.1596841716404883	21.74469690798433	0.4086552492826786	5.709939295853108	0.41174803677252414	0.14183337684410124	0.256060680916149	506.86989962114336	119.0	4.2594109211860784	-300.57113566932696
2.0	118.0	50.0	5.263554997024396	0.17013599130536738	48.07921040652118	0.1877730704284717	5.02693834205115	0.18903529510604772	0.14183337684410124	0.256060680916149	506.86989962114336	119.0	4.2594109211860784	-300.57113566932696
2.0	328.0	50.0	5.180861969536007	0.1885274615841102	45.85118052219217	0.13062779451419712	3.1088536869174543	0.1311307848530416	0.1440709748811311	0.24891629882212093	373.5086847612003	119.0	3.138728443371431	-334.82200059989697
2.0	328.0	50.0	1.323954964039069	0.1896209601139767	61.64136462370211	0.5082495090780661	3.0726522134552114	0.5101851808096234	0.1440709748811311	0.24891629882212093	373.5086847612003	119.0	3.138728443371431	-334.82200059989697
2.0	338.0	50.0	6.274757209286988	0.18716486231628965	46.62892198523623	0.11913712927267597	3.268104452259564	0.12294473311078577	0.18139438177165682	0.23605579158061993	242.77788767986945	119.0	2.0401503166375585	-331.0794082138524
2.0	338.0	50.0	1.0016991287788284	0.15785467249959262	62.1913651161457	0.8864086490090113	4.737929404909601	0.9506916782989115	0.18139438177165682	0.23605579158061993	242.77788767986945	119.0	2.0401503166375585	-331.0794082138524
2.0	348.0	50.0	6.074497672948093	0.21542347777368598	47.4534307286914	0.0977429004496531	2.5333259628400375	0.11259774582731763	0.1661905908726902	0.22677526115067473	250.4049472882532	119.0	2.104243254523136	-349.09743104565064
2.0	348.0	50.0	0.8046649748900807	0.09911045338603978	58.39265902395108	2.221254807585229	14.308871970614383	1.7501441555883994	0.1661905908726902	0.22677526115067473	250.4049472882532	119.0	2.104243254523136	-349.09743104565064
3.0	358.0	50.0	6.718163369636129	0.1506466906431451	48.18776282970342	0.07641888378080786	2.7434861460543973	0.07768247742681976	0.12408279499976421	0.1842003365698389	276.54901927362243	116.0	2.3840432696001934	-402.87704714828897
3.0	358.0	50.0	1.1201557989587716	0.11387004511037152	63.09716434926169	0.6211912854940651	5.173699576175226	0.7111965518525252	0.12408279499976421	0.1842003365698389	276.54901927362243	116.0	2.3840432696001934	-402.87704714828897
3.0	358.0	50.0	0.50871892983515	0.1626129094163646	79.05136334119524	0.8905307815002992	2.348964731529177	0.9007981817615378	0.12408279499976421	0.1842003365698389	276.54901927362243	116.0	2.3840432696001934	-402.87704714828897
2.0	368.0	50.0	6.618213156050032	0.11950037531617347	48.51345933736068	0.06337198963248108	2.9433148819755584	0.06511435983999184	0.14821260879107645	0.15262999550705642	133.48158260475205	119.0	1.1216939714685046	-456.358786512033
2.0	368.0	50.0	1.0612432127668336	0.10029067071169132	63.25380874756673	0.4712686163104636	4.264557767570935	0.4965376396919702	0.14821260879107645	0.15262999550705642	133.48158260475205	119.0	1.1216939714685046	-456.358786512033
2.0	378.0	50.0	5.676377154149012	0.11851834913947584	48.43233229022028	0.06717200555343784	2.7862245921996185	0.0671860050134202	0.1461809662197606	0.1328730737468713	128.75196063335213	119.0	1.0819492490197657	-464.3188643393024
2.0	378.0	50.0	0.6700072700391158	0.11997583821325201	64.61403634890561	0.5623696638851453	2.7170665637637392	0.5624650272434765	0.1461809662197606	0.1328730737468713	128.75196063335213	119.0	1.0819492490197657	-464.3188643393024
1.0	388.0	50.0	5.145946760081449	0.14085813470618824	48.30003071831566	0.08499858863067992	2.68930355984944	0.0849981700108386	0.1427589514184156	0.17100538738549317	188.71319858627433	122.0	1.546829496608806	-429.16009918328416
4.0	398.0	50.0	0.41138724214799294	0.07762002391647534	27.6475337192011	2.956979191441842	11.175974959309661	3.2733174717568585	0.10041435646448779	0.17386901065571642	411.85890643491194	113.0	3.644769083494796	-398.7809213718703
4.0	398.0	50.0	4.463453922915891	0.15698570248923344	48.29243946176836	0.12079199132841408	3.149259756687661	0.13696728938009428	0.10041435646448779	0.17386901065571642	411.85890643491194	113.0	3.644769083494796	-398.7809213718703
4.0	398.0	50.0	0.4598783570679161	0.1684226213913057	85.80317315534646	0.9269390900755845	2.1904106625010886	0.9255420629671051	0.10041435646448779	0.17386901065571642	411.85890643491194	113.0	3.644769083494796	-398.7809213718703
4.0	398.0	50.0	0.44104602061665915	0.10705449796390903	183.8371346414455	1.5209800744485722	5.43169070992198	1.521504931367257	0.10041435646448779	0.17386901065571642	411.85890643491194	113.0	3.644769083494796	-398.7809213718703
4.0	608.0	50.0	1.6011338891233164	0.16543259683199832	46.64311308836709	0.40831257424751555	2.6036524559722003	0.36955250197204265	0.14969703952006702	0.15814452085078196	152.2175601473767	113.0	1.3470580544015638	-423.3750920553779
4.0	608.0	50.0	0.6655161052287999	0.11384701523968123	56.245851638897214	1.3589067010374971	4.210411963420575	1.3724353369909088	0.14969703952006702	0.15814452085078196	152.2175601473767	113.0	1.3470580544015638	-423.3750920553779
4.0	608.0	50.0	2.9481177383304678	0.12097572334991864	86.66497094658675	0.16541992050063642	3.4910651898251492	0.16541990897019568	0.14969703952006702	0.15814452085078196	152.2175601473767	113.0	1.3470580544015638	-423.3750920553779
4.0	608.0	50.0	0.48265616779838966	0.11886522228122473	111.96429564651042	1.0285812296575545	3.6144680086885055	1.0285628563420914	0.14969703952006702	0.15814452085078196	152.2175601473767	113.0	1.3470580544015638	-423.3750920553779
3.0	618.0	50.0	1.0439718056385245	0.2278006197630431	46.01340736781108	0.40698408185414725	1.9114611767541616	0.4848573102260874	0.17485011197820746	0.17152004833829973	131.40739160013888	116.0	1.1328223413805076	-410.1427488919876
3.0	618.0	50.0	0.9406173806211342	0.10393186254064748	55.91980976943926	1.1345009695941966	5.841429913826192	1.1788185716658584	0.17485011197820746	0.17152004833829973	131.40739160013888	116.0	1.1328223413805076	-410.1427488919876
3.0	618.0	50.0	3.8284251766762822	0.13434456768550274	86.34241739836432	0.13160482787696176	3.247897498662627	0.1316063881340897	0.17485011197820746	0.17152004833829973	131.40739160013888	116.0	1.1328223413805076	-410.1427488919876
2.0	628.0	50.0	0.9767269264062903	0.10710843432830873	54.81797422573333	0.6413916138080409	5.066835066252716	0.6413946910483266	0.14919212700057535	0.17772465780479216	183.57096393936274	119.0	1.542613142347586	-414.88227828021485
2.0	628.0	50.0	3.081619534902834	0.13912584667189098	86.20847309418136	0.15652282190575448	3.0024754054955283	0.15652279695313753	0.14919212700057535	0.17772465780479216	183.57096393936274	119.0	1.542613142347586	-414.88227828021485
2.0	838.0	50.0	1.2206240737337721	0.14909653187590519	44.30394048261929	0.36046054052972565	2.555613352258124	0.36045028004629703	0.16071034921114255	0.16491341563377934	154.6512996845771	119.0	1.2995907536519085	-417.71864173826697
2.0	838.0	50.0	1.7082547111811912	0.09726475608899054	96.58257314343946	0.3948132020951178	6.005511554739499	0.39481353517587653	0.16071034921114255	0.16491341563377934	154.6512996845771	119.0	1.2995907536519085	-417.71864173826697
3.0	848.0	50.0	0.760991163591682	0.0851240709328913	46.003475166292574	0.7043285700883627	5.454163062914965	0.7043319919762632	0.14995666139247618	0.14357510568946535	120.43405806091324	116.0	1.0382246384561487	-459.4384415504648
3.0	848.0	50.0	2.2013271399420815	0.07391884393292167	91.41071767901481	0.403318205836429	7.602928482926922	0.4176081359659192	0.14995666139247618	0.14357510568946535	120.43405806091324	116.0	1.0382246384561487	-459.4384415504648
3.0	848.0	50.0	0.4820744478825785	0.1746474183170901	103.25451680301391	0.646443171717188	1.7820847501304629	0.8295379431332923	0.14995666139247618	0.14357510568946535	120.43405806091324	116.0	1.0382246384561487	-459.4384415504648
4.0	858.0	50.0	0.8612768424874427	0.11035738656403961	46.86336636469945	0.6515980432799313	4.298597309545961	0.6782438531989816	0.14394166996280955	0.15133620094442488	160.94559912483803	113.0	1.424297337387947	-426.2069838886337
4.0	858.0	50.0	0.709551855106019	0.13288544258440432	81.99226508447413	3.332402665994367	14.854230990490816	2.1906953839563723	0.14394166996280955	0.15133620094442488	160.94559912483803	113.0	1.424297337387947	-426.2069838886337
4.0	858.0	50.0	2.0016335099725016	0.1929592200254678	89.3857934659924	0.2933845305485021	3.8969223897934935	0.3994416381861991	0.14394166996280955	0.15133620094442488	160.94559912483803	113.0	1.424297337387947	-426.2069838886337
4.0	858.0	50.0	0.5957622904713308	0.18470386608055903	101.52521994371175	0.7607730910493067	2.567347125569139	0.932840300472916	0.14394166996280955	0.15133620094442488	160.94559912483803	113.0	1.424297337387947	-426.2069838886337
3.0	108.0	60.0	2.552509396112308	0.13116842452053395	23.140365204723512	0.2733442397344288	4.605116202357418	0.2746457638464924	0.14890801072602985	0.20765357622043087	244.29151935094362	116.0	2.105961373715031	-372.7853521660889
3.0	108.0	60.0	3.841916723786757	0.12248506686623424	47.959933269504795	0.1944877331283538	5.283608842849731	0.19553165738805717	0.14890801072602985	0.20765357622043087	244.29151935094362	116.0	2.105961373715031	-372.7853521660889
3.0	108.0	60.0	0.7679548011963264	0.1470687510723521	90.07195821996208	0.8080556613324154	3.654279606834134	0.8080563527629678	0.14890801072602985	0.20765357622043087	244.29151935094362	116.0	2.105961373715031	-372.7853521660889
3.0	118.0	60.0	2.8477037433643946	0.12837579581963615	20.997226841637623	0.2786674559123339	5.342659767058177	0.28133867461497974	0.14399689109422137	0.19712424293506398	289.7253049666879	116.0	2.497631939367999	-359.84823585873147
3.0	118.0	60.0	3.907524793882683	0.11729648304931892	48.988766585960036	0.2222694578444154	6.410427424158179	0.22483897502770267	0.14399689109422137	0.19712424293506398	289.7253049666879	116.0	2.497631939367999	-359.84823585873147
3.0	118.0	60.0	0.8224758272282815	0.14076146276919926	89.26310160770508	0.8742620633137871	4.424020234249756	0.8742623365607078	0.14399689109422137	0.19712424293506398	289.7253049666879	116.0	2.497631939367999	-359.84823585873147
4.0	128.0	60.0	2.182329729683214	0.10392801617629459	19.93112346321797	0.3582139665682747	6.424612766927015	0.3708990576709215	0.15394326552007043	0.17845786180475812	192.33138099955957	113.0	1.7020476194651288	-387.14381204138607
4.0	128.0	60.0	3.270066710460912	0.14210631916965266	48.640349971120145	0.48762860627904525	6.790174719496978	0.41671399007482113	0.15394326552007043	0.17845786180475812	192.33138099955957	113.0	1.7020476194651288	-387.14381204138607
4.0	128.0	60.0	0.621531468407795	0.09332537075213504	71.83154236969263	2.965366766675451	9.984009859923551	4.413482360789081	0.15394326552007043	0.17845786180475812	192.33138099955957	113.0	1.7020476194651288	-387.14381204138607
4.0	128.0	60.0	0.9903462620399155	0.1950890374747931	90.4611336850454	0.5127067874388871	2.5721479778688727	0.6265335773205043	0.15394326552007043	0.17845786180475812	192.33138099955957	113.0	1.7020476194651288	-387.14381204138607
2.0	338.0	60.0	4.638856422373872	0.15978037706849765	46.88696161877082	0.1155564596198455	2.749416461016679	0.1184502096021432	0.11627631330685598	0.19568499194775352	363.53841507145984	119.0	3.054944664466049	-391.7882084730483
2.0	338.0	60.0	0.9108118500212967	0.1283378803223399	60.851076928411004	0.7345357891035883	4.411276120361131	0.7872778433142659	0.11627631330685598	0.19568499194775352	363.53841507145984	119.0	3.054944664466049	-391.7882084730483
2.0	348.0	60.0	4.905238260357859	0.1804926455091984	47.52959452738904	0.09629508792033878	2.5383481827882974	0.1174959168008904	0.11960250053963911	0.1846190760755686	300.9568861428339	119.0	2.5290494633851592	-408.3518579110529
2.0	348.0	60.0	0.5999129563167063	0.08012375028296218	59.21566720759139	2.460112021280717	12.001132935193972	1.8707916159061388	0.11960250053963911	0.1846190760755686	300.9568861428339	119.0	2.5290494633851592	-408.3518579110529
2.0	358.0	60.0	5.119722884889786	0.1578873826985789	48.30698417885665	0.0836199986995713	2.5090021580553272	0.09723622935019989	0.12997553586875513	0.1688738639690315	212.06698039615574	119.0	1.7820754655139137	-431.316839466583
2.0	358.0	60.0	0.6962658775605222	0.07673237646555396	58.193454540793894	1.8152928554783134	13.26467314904136	1.406625245193368	0.12997553586875513	0.1688738639690315	212.06698039615574	119.0	1.7820754655139137	-431.316839466583
2.0	368.0	60.0	5.6543920818553834	0.1319042666424021	48.6811705950012	0.0933682465324938	3.068623126249471	0.09381401683559763	0.13207671307490434	0.1611888740734114	205.92045742604452	119.0	1.7304240119835674	-430.9841984894767
2.0	368.0	60.0	0.6841647676904924	0.0937388643784436	64.12361028240718	1.109190559521619	6.245912967986854	1.2349633238336477	0.13207671307490434	0.1611888740734114	205.92045742604452	119.0	1.7304240119835674	-430.9841984894767
1.0	378.0	60.0	5.130032275591866	0.12908325320077593	48.60206332772084	0.08796410143537846	3.0274013279017318	0.08796399599405683	0.1389800448744925	0.17006360773642362	188.24752292597327	122.0	1.5430124829997809	-436.175733194948
1.0	388.0	60.0	4.3443203708400135	0.1251710805063901	48.617964121670134	0.09208533001773617	2.767697475900782	0.09208530805410009	0.14594417683230873	0.15759464101950624	146.75058275172685	122.0	1.2028736291125153	-455.08018365688264
1.0	398.0	60.0	3.545077631911083	0.1331522538480587	48.70822130393667	0.1319317010647526	3.0418270671940766	0.13193148785401174	0.11565547835530368	0.149530689079214	290.6214307381204	122.0	2.3821428749026263	-427.82141062056536
4.0	618.0	60.0	0.6141505674089435	0.464266537467988	45.186948372302666	0.43813971319300976	1.0915289823185228	1.0200060982224473	0.1259127350051174	0.11903778620439796	127.57171427132258	113.0	1.1289532236400228	-488.71021678337746
4.0	618.0	60.0	0.9814864177012674	0.06508635658044479	60.973923014034604	0.6036107541477848	7.655455175314994	0.678768352696788	0.1259127350051174	0.11903778620439796	127.57171427132258	113.0	1.1289532236400228	-488.71021678337746
4.0	618.0	60.0	2.5006272214008796	0.09425324912993742	85.89241851537729	0.15051297741756492	3.4116781244435925	0.15169244454986672	0.1259127350051174	0.11903778620439796	127.57171427132258	113.0	1.1289532236400228	-488.71021678337746
4.0	618.0	60.0	0.5280504387635373	0.09799769589685862	114.77000771179398	0.675989075969578	3.1544951022848107	0.6759890940977685	0.1259127350051174	0.11903778620439796	127.57171427132258	113.0	1.1289532236400228	-488.71021678337746
2.0	628.0	60.0	0.6297029973129314	0.07860635624752692	56.14604634313183	0.8219044834498991	5.704672056573922	0.8219114199871227	0.1243344041542069	0.131908311461622	160.26169476587526	119.0	1.3467369308056745	-477.4214777172832
2.0	628.0	60.0	2.200773424295539	0.10485374448008977	87.02053702954004	0.17632840103402211	3.2051190199916046	0.17632873176816707	0.1243344041542069	0.131908311461622	160.26169476587526	119.0	1.3467369308056745	-477.4214777172832
2.0	828.0	60.0	1.2204325804643732	0.17640153991219812	44.533261353743455	0.31938984238400064	1.913822418511744	0.3199552099260109	0.13929238250689138	0.175831072999624	215.60172134964338	119.0	1.8117791710054065	-411.94327082534915
2.0	828.0	60.0	1.7283586148076346	0.1220970613986196	95.42288792708831	0.32556417640782903	3.9911301240056316	0.32556417454250913	0.13929238250689138	0.175831072999624	215.60172134964338	119.0	1.8117791710054065	-411.94327082534915
2.0	838.0	60.0	1.183423568001609	0.1438438345045192	44.61740158205589	0.3141285959243384	2.239174914308266	0.3142681286474585	0.12455796744980764	0.15706663823865727	209.85201451724276	119.0	1.7634623068675863	-443.27304642225374
2.0	838.0	60.0	2.650261896003391	0.09579996215002926	94.54071097412802	0.21060588216246004	5.045745913206482	0.21060588788253778	0.12455796744980764	0.15706663823865727	209.85201451724276	119.0	1.7634623068675863	-443.27304642225374
3.0	848.0	60.0	0.7780518292575643	0.13985914618066214	44.57514448623171	0.5348191569905236	2.2973375495013517	0.5372855223676288	0.15472124177338423	0.14408471526504363	110.99646901438257	116.0	0.9568661121929531	-461.8192563482677
3.0	848.0	60.0	0.4982013451387468	0.0925360276213646	55.610337333625466	1.3007276675354775	4.9093848728274985	1.4386485903596566	0.15472124177338423	0.14408471526504363	110.99646901438257	116.0	0.9568661121929531	-461.8192563482677
3.0	848.0	60.0	2.7549704587162194	0.07278636991744628	91.21641718451242	0.2232988824417064	7.32008166034818	0.22340203725689423	0.15472124177338423	0.14408471526504363	110.99646901438257	116.0	0.9568661121929531	-461.8192563482677
3.0	858.0	60.0	0.6006304355042713	0.21681991992679508	46.510479249518326	0.738053573544631	2.8389785297150274	1.1013349467878364	0.16189750306971684	0.15462238959107322	114.6969458225901	116.0	0.9887667743326732	-446.3852855117114
3.0	858.0	60.0	0.4165279848343065	0.07640880640812785	58.87903590485683	3.637732899201045	8.489017589766295	3.845088903591041	0.16189750306971684	0.15462238959107322	114.6969458225901	116.0	0.9887667743326732	-446.3852855117114
3.0	858.0	60.0	2.5559801151472565	0.07885861902365791	89.08591162613102	0.283403845742986	7.201224793148533	0.2989740849999698	0.16189750306971684	0.15462238959107322	114.6969458225901	116.0	0.9887667743326732	-446.3852855117114
1.0	938.0	60.0	2.580260513204099	0.1397068180476476	52.5874470646181	0.3531718162139787	5.648422969243559	0.35317144233474623	0.20416250883595596	0.2354644142035338	190.65469164853548	122.0	1.5627433741683237	-338.4409779062294
1.0	38.0	70.0	1.0610734393641448	0.3157037826352377	22.18688586099715	0.9114538152009154	2.6529465967485075	0.9114414366204229	0.2932182862590222	0.3904292156376645	221.678556501511	122.0	1.8170373483730409	-229.09515431154767
4.0	108.0	70.0	1.3970978708105133	0.11828803915003172	22.590104472253326	1.1021040482285758	4.380026077957505	0.8550706740648983	0.13510609991477646	0.14791057345072112	151.85916048041662	113.0	1.3438863759328905	-449.30803441837514
4.0	108.0	70.0	1.3751476908858897	0.2429789237038705	31.80266303789377	0.7706818979874126	3.1842821506021375	0.6763564324966566	0.13510609991477646	0.14791057345072112	151.85916048041662	113.0	1.3438863759328905	-449.30803441837514
4.0	108.0	70.0	2.23909479757166	0.07982458773106901	47.165801178603914	0.3860021938748855	7.083555525115797	0.4199388545375028	0.13510609991477646	0.14791057345072112	151.85916048041662	113.0	1.3438863759328905	-449.30803441837514
4.0	108.0	70.0	0.6596364068063718	0.10777389357527759	92.8262821328991	0.6742514937116612	3.5760846716470205	0.674262219776749	0.13510609991477646	0.14791057345072112	151.85916048041662	113.0	1.3438863759328905	-449.30803441837514
4.0	118.0	70.0	1.1397482488022743	0.13005421316572294	19.73537249213576	0.4774961070141751	4.519891440630952	0.6244318741676388	0.1203096238545123	0.14607359390757252	190.18111428983468	113.0	1.6830187105295105	-450.17806157638637
4.0	118.0	70.0	1.1443044274883654	0.09284293925855275	40.32677691271362	2.0362427813533728	17.861911045312564	1.3503032218671769	0.1203096238545123	0.14607359390757252	190.18111428983468	113.0	1.6830187105295105	-450.17806157638637
4.0	118.0	70.0	2.2681259193645213	0.13640279528894247	48.63380795052793	0.37188866400840004	4.041280966591207	0.42896282853333606	0.1203096238545123	0.14607359390757252	190.18111428983468	113.0	1.6830187105295105	-450.17806157638637
4.0	118.0	70.0	1.2703725231802578	0.18157461072075237	57.28691766558747	0.4511673703583055	2.3189453488336045	0.41968010423000235	0.1203096238545123	0.14607359390757252	190.18111428983468	113.0	1.6830187105295105	-450.17806157638637
5.0	128.0	70.0	1.1701659997772669	0.06565062248761161	19.404413762339328	0.47798385586621733	6.9218340099594595	0.5055390772521998	0.11989045630668403	0.12241754858440382	131.78200638500556	110.0	1.198018239863687	-489.2861154153763
5.0	128.0	70.0	2.8767208130849555	0.0649089164044261	48.779733969448195	0.36403764804734967	7.833192850422238	0.3955193189963048	0.11989045630668403	0.12241754858440382	131.78200638500556	110.0	1.198018239863687	-489.2861154153763
5.0	128.0	70.0	0.5242232672031613	0.1757795459429201	57.94266869561319	0.4981688706451827	1.4841607603551057	0.5174460749844647	0.11989045630668403	0.12241754858440382	131.78200638500556	110.0	1.198018239863687	-489.2861154153763
5.0	128.0	70.0	0.4886246434295051	0.07064801929109056	72.8458167749286	1.409442537911844	6.242549414200184	1.4267639865795754	0.11989045630668403	0.12241754858440382	131.78200638500556	110.0	1.198018239863687	-489.2861154153763
5.0	128.0	70.0	0.560067552753574	0.12178540028599018	90.95644802941315	0.5026107791619501	1.9839794581223238	0.5119237459698286	0.11989045630668403	0.12241754858440382	131.78200638500556	110.0	1.198018239863687	-489.2861154153763
3.0	158.0	70.0	1.6297679808014398	0.2529241199065281	40.582365986422666	0.42483912678778774	2.318482821843205	0.43426450782399045	0.121328817403595	0.27988012752360675	686.2268779074441	116.0	5.915748947477966	-294.88569239071273
3.0	158.0	70.0	3.2199127389061473	0.209232194449015	53.25148406665522	0.33359192192328596	3.543529613502863	0.37010724139854834	0.121328817403595	0.27988012752360675	686.2268779074441	116.0	5.915748947477966	-294.88569239071273
3.0	158.0	70.0	0.7166010883031637	0.20462753721896185	65.12418735242443	1.5313021180448625	3.6265223353590272	1.6071504730626496	0.121328817403595	0.27988012752360675	686.2268779074441	116.0	5.915748947477966	-294.88569239071273
2.0	338.0	70.0	3.072244826404928	0.16595044865690964	47.362982848604304	0.1863652856717289	2.5905936211505387	0.18620668496394036	0.13298078812915384	0.1744909590650288	270.9831325793067	119.0	2.277169181338712	-394.957933401539
2.0	338.0	70.0	0.5495817065016328	0.1211904329735851	59.80177705847289	1.4550382871595848	4.989888751459938	1.6177910552430543	0.13298078812915384	0.1744909590650288	270.9831325793067	119.0	2.277169181338712	-394.957933401539
1.0	348.0	70.0	3.6658526144572163	0.13951820014655134	47.29668081836994	0.14385186959858534	3.2729819640278226	0.14385141476270105	0.12120833734115964	0.19154852840025055	312.5971212151166	122.0	2.5622714853698083	-406.98592050757327
2.0	358.0	70.0	0.8536091354137603	0.1412352108666317	38.760921841981855	0.947479678438057	3.15272811479148	0.9343610834324318	0.11619601126771305	0.18487627905463044	316.48799189434936	119.0	2.659562957095373	-409.2858805840094
2.0	358.0	70.0	4.350630009836642	0.14741526455408646	47.89659041348204	0.17834270805843985	2.9077179933800714	0.17042970733075039	0.11619601126771305	0.18487627905463044	316.48799189434936	119.0	2.659562957095373	-409.2858805840094
2.0	368.0	70.0	0.5444835226618879	0.13340744907734114	37.45186084114567	0.8997224485941745	2.809846553567701	0.9461548973184858	0.10972602591185451	0.16579819498701406	286.4055958522763	119.0	2.4067697130443384	-436.09340447164465
2.0	368.0	70.0	4.660334399952551	0.12532550323490246	48.30101607057554	0.11222297449322087	3.258312281668143	0.12166039021211761	0.10972602591185451	0.16579819498701406	286.4055958522763	119.0	2.4067697130443384	-436.09340447164465
1.0	378.0	70.0	4.816466781126617	0.10897745904238286	48.300581937719706	0.0881653308003526	3.374410005458425	0.08816520034395442	0.13373897563105314	0.14959559068314948	161.50416898799818	122.0	1.3238046638360508	-464.93917804858756
1.0	388.0	70.0	4.251695884541525	0.10546209034895682	48.57304215337474	0.08966995179620824	3.130822171381884	0.08967005048024973	0.12758479497402644	0.1315065866644724	154.19021101377163	122.0	1.2638541886374723	-482.50936427797114
2.0	398.0	70.0	3.3578349778641225	0.11637527638748345	48.9484667851344	0.12001400859841511	2.998894805967171	0.1200140335652541	0.10754539079717829	0.11566265738917578	246.88781705206728	119.0	2.0746875382526664	-459.67116646064466
2.0	398.0	70.0	0.3510992051645901	0.0891068959803402	86.74754183290835	1.4985689124690134	5.1183323542235755	1.4985902015874473	0.10754539079717829	0.11566265738917578	246.88781705206728	119.0	2.0746875382526664	-459.67116646064466
1.0	408.0	70.0	2.178491080220944	0.08667161375642908	51.05962275146574	0.25158722902817593	5.4756113103109785	0.25158670400286587	0.11395811402153634	0.1450836610657687	228.32478391629294	122.0	1.8715146222646963	-461.67415863067885
2.0	418.0	70.0	0.3376207802546993	0.09302296393373333	32.141196010649715	1.6265059742720571	5.112004378004386	1.6419813769559013	0.10072815835220836	0.1572350157108198	304.9639187402494	119.0	2.5627220062205835	-449.6356420080098
2.0	418.0	70.0	3.2720881806306124	0.10216692813878521	54.72586487059217	0.15280514750825336	4.232011263216762	0.15401200255027617	0.10072815835220836	0.1572350157108198	304.9639187402494	119.0	2.5627220062205835	-449.6356420080098
1.0	428.0	70.0	4.1480831768222695	0.1816860278639513	55.527063912964394	0.18268385003102142	3.6127937262909597	0.18268478731909243	0.13292147012505684	0.2606434039861069	486.46526307851764	122.0	3.9874201891681773	-328.64272382232355
4.0	438.0	70.0	0.44170410426401296	0.15844055364304901	28.42076309315192	2.1168849021911997	5.110741703834232	2.116967055240355	0.08236789752287026	0.2527659361942899	1262.49802250539	113.0	11.172548871729116	-308.2874313118071
4.0	438.0	70.0	3.818778154867545	0.18461187034844845	56.32501048503672	0.21013788401257943	3.7645088145229835	0.21014501136225805	0.08236789752287026	0.2527659361942899	1262.49802250539	113.0	11.172548871729116	-308.2874313118071
4.0	438.0	70.0	0.42826354388361254	0.18719622367826358	88.9896648195669	1.883794250305946	3.7107116391564894	1.9344318320938287	0.08236789752287026	0.2527659361942899	1262.49802250539	113.0	11.172548871729116	-308.2874313118071
4.0	438.0	70.0	0.32563997257780697	0.1898615524004795	105.03698691610956	2.4443847011904976	3.5988005602042437	2.507496043893232	0.08236789752287026	0.2527659361942899	1262.49802250539	113.0	11.172548871729116	-308.2874313118071
2.0	448.0	70.0	3.0585563589620635	0.1481329377234177	57.277439703886216	0.2453103670910411	4.386437806827406	0.24531037452680846	0.11736099063500319	0.19141902620604762	491.3239823016346	119.0	4.128772960517938	-351.8145598096888
2.0	448.0	70.0	0.41558260598704544	0.2131555799673323	105.57257886666635	1.255292390401737	2.11425835758524	1.2541736569447057	0.11736099063500319	0.19141902620604762	491.3239823016346	119.0	4.128772960517938	-351.8145598096888
2.0	528.0	70.0	2.615146124999439	0.09913336790535789	53.55561507269119	0.652027746349523	7.745915726857225	0.3997531199865876	0.12137859882841506	0.13140324690523125	147.16217172248855	119.0	1.2366569052309961	-494.0956298747424
2.0	528.0	70.0	0.8510492252017422	0.23621426038571988	62.1616179956258	0.469543539895932	2.9451776741022386	0.7695442544402464	0.12137859882841506	0.13140324690523125	147.16217172248855	119.0	1.2366569052309961	-494.0956298747424
4.0	538.0	70.0	1.9290667908753034	0.1103377671510594	48.78769122753708	0.624482706495703	4.553310612585921	0.5019741363129837	0.13503557078729894	0.14057506320279559	144.69433279678847	113.0	1.2804808212105174	-455.4798314014713
4.0	538.0	70.0	2.620491589649563	0.11076013493258911	60.837972595208484	0.45888184401127646	4.54249076737693	0.36847020794339486	0.13503557078729894	0.14057506320279559	144.69433279678847	113.0	1.2804808212105174	-455.4798314014713
4.0	538.0	70.0	0.6221116867870792	0.12163985969653113	84.55285030845462	0.6519961003786612	2.6995610580262404	0.6610165726984373	0.13503557078729894	0.14057506320279559	144.69433279678847	113.0	1.2804808212105174	-455.4798314014713
4.0	538.0	70.0	0.5877847125728582	0.08253359265868807	100.6037646701061	1.0303939220123377	6.117060263204213	1.1266729306186294	0.13503557078729894	0.14057506320279559	144.69433279678847	113.0	1.2804808212105174	-455.4798314014713
2.0	628.0	70.0	0.45209907254375387	0.0820678605341469	61.88097072971811	1.428470393612189	6.820792165580613	1.4375506718055333	0.13663703464572124	0.14951585835257647	172.33768736735368	119.0	1.448215860229863	-444.752184198928
2.0	628.0	70.0	1.3320334161539062	0.10977409467051406	88.50882866104138	0.3624853063478286	3.801849772465209	0.3637270566101022	0.13663703464572124	0.14951585835257647	172.33768736735368	119.0	1.448215860229863	-444.752184198928
2.0	638.0	70.0	1.5788467019913273	0.13121670027660695	90.22677791819103	0.22855786942205217	2.381408827624554	0.22850521429243079	0.13235564454919982	0.15186223784211417	164.5888206734336	119.0	1.3830993333901982	-458.4617324234134
2.0	638.0	70.0	0.6180626670892622	0.24672789813639487	116.99507164400113	0.3953081616193242	1.317311428893282	0.6828629456915056	0.13235564454919982	0.15186223784211417	164.5888206734336	119.0	1.3830993333901982	-458.4617324234134
3.0	828.0	70.0	0.9869108703871811	0.12103660815628003	44.71380357468915	0.2944469867766516	2.080582433420833	0.2964905688667418	0.11485355041671093	0.12802559523864024	157.7071977740302	116.0	1.359544808396812	-492.4058420847973
3.0	828.0	70.0	0.876623989424796	0.10129695786540499	57.43842865684911	0.3957867688585775	2.96711312958384	0.39794072898817195	0.11485355041671093	0.12802559523864024	157.7071977740302	116.0	1.359544808396812	-492.4058420847973
3.0	828.0	70.0	2.206627133418931	0.08037849941365435	94.49892537264462	0.1976192344554399	4.698388244500535	0.19761923375061244	0.11485355041671093	0.12802559523864024	157.7071977740302	116.0	1.359544808396812	-492.4058420847973
3.0	838.0	70.0	0.827255334544107	0.1282880543136806	44.379137288412245	0.4144513283035363	2.2997675678012177	0.4205800533219475	0.11825486933536113	0.14352550038657275	184.42813688754762	116.0	1.5898977317892036	-465.54478260296764
3.0	838.0	70.0	1.2381192789624935	0.11404135415379098	56.28174023466417	0.311459468096181	2.9247481985507395	0.31771653670724154	0.11825486933536113	0.14352550038657275	184.42813688754762	116.0	1.5898977317892036	-465.54478260296764
3.0	838.0	70.0	2.928520461466898	0.08313768267032853	93.51866682495024	0.17847474023114732	5.444496666448958	0.17847474224520565	0.11825486933536113	0.14352550038657275	184.42813688754762	116.0	1.5898977317892036	-465.54478260296764
4.0	848.0	70.0	0.4806587339901255	0.1157627094930439	44.24728206362409	0.561670930523683	1.991992455605013	0.5653699576862401	0.12361458607585833	0.11720431640589415	116.75593076408181	113.0	1.0332383253458568	-504.389473764932
4.0	848.0	70.0	1.7220266578392136	0.09324387048517138	55.66231642215476	0.1950597472222105	3.1159407415839384	0.19999011513666035	0.12361458607585833	0.11720431640589415	116.75593076408181	113.0	1.0332383253458568	-504.389473764932
4.0	848.0	70.0	1.499304705864728	0.3236110809136188	86.59273242923261	3.0341303806498283	6.093813387098788	1.5732520931897809	0.12361458607585833	0.11720431640589415	116.75593076408181	113.0	1.0332383253458568	-504.389473764932
4.0	848.0	70.0	1.8440953286004866	0.7856009131381996	94.96238845034705	0.7272285859541282	3.836784661075468	0.632010494379195	0.12361458607585833	0.11720431640589415	116.75593076408181	113.0	1.0332383253458568	-504.389473764932
1.0	938.0	70.0	3.915346953634447	0.1840325047203438	51.57074888400509	0.27570070519931644	5.0795366814057274	0.2757005070031484	0.3201670398933099	0.28455227998276766	120.97255261428832	122.0	0.9915783001171173	-282.82186184600226
3.0	28.0	80.0	1.3078124865626233	0.16446831984595084	20.40262805024126	0.9522962211737962	3.837937573688297	0.9531348161280521	0.1987003326732625	0.22931569010580402	167.24618710575172	116.0	1.4417774750495838	-348.03000091888146
3.0	28.0	80.0	0.9392816655097664	0.2869289583002886	28.300787857948833	0.7956641599569155	2.017140065517842	0.8199069004205614	0.1987003326732625	0.22931569010580402	167.24618710575172	116.0	1.4417774750495838	-348.03000091888146
3.0	28.0	80.0	0.5430722900422091	0.19020859565547055	37.64359115938608	1.1574453797604953	2.769210871522026	1.2441421086200046	0.1987003326732625	0.22931569010580402	167.24618710575172	116.0	1.4417774750495838	-348.03000091888146
5.0	98.0	80.0	0.6670599988539742	0.1287692149754185	19.219912506425725	0.4436304149615049	2.2267023520425147	0.5211647071136613	0.11733608116058578	0.11021943318459733	110.68092534043171	110.0	1.006190230367561	-516.4823513507416
5.0	98.0	80.0	2.3450157286801314	0.0697657728312603	32.324702898582125	0.2836485007660936	6.810265223854978	0.5017701488634206	0.11733608116058578	0.11021943318459733	110.68092534043171	110.0	1.006190230367561	-516.4823513507416
5.0	98.0	80.0	1.2187094989600051	0.11852002678633342	46.431446159953566	0.3877237819848008	2.8412379250418054	0.4594202270710323	0.11733608116058578	0.11021943318459733	110.68092534043171	110.0	1.006190230367561	-516.4823513507416
5.0	98.0	80.0	0.9517843474936521	0.08501939501476141	55.97176283850221	0.530961661885015	3.3812541309863224	0.5387869759538544	0.11733608116058578	0.11021943318459733	110.68092534043171	110.0	1.006190230367561	-516.4823513507416
5.0	98.0	80.0	0.5876048172786267	0.0913839917809469	94.26918046351686	0.5042004297860515	2.8076882120325495	0.5041995763963322	0.11733608116058578	0.11021943318459733	110.68092534043171	110.0	1.006190230367561	-516.4823513507416
5.0	108.0	80.0	0.8155393667468361	0.3137066254277626	18.295946820613583	0.944590270488977	4.173960531899267	1.02385896780312	0.12758599175460614	0.1093771147116544	94.67131670333255	110.0	0.8606483336666596	-515.0753380353204
5.0	108.0	80.0	2.307032777939688	0.06420628313279264	32.07145771401233	0.8344003220347931	8.214100508442785	1.2411241251277152	0.12758599175460614	0.1093771147116544	94.67131670333255	110.0	0.8606483336666596	-515.0753380353204
5.0	108.0	80.0	1.8347615015708771	0.3851630550790306	47.57710000343246	0.3657880025929432	2.722172750946552	0.394949195159308	0.12758599175460614	0.1093771147116544	94.67131670333255	110.0	0.8606483336666596	-515.0753380353204
5.0	108.0	80.0	1.5131480008654632	0.11215278935861897	55.20891777621383	1.1556484577592245	4.775364856216425	0.7980715207834567	0.12758599175460614	0.1093771147116544	94.67131670333255	110.0	0.8606483336666596	-515.0753380353204
5.0	108.0	80.0	0.6685224126288101	0.10390651518860697	94.18555668941063	0.39400980075247277	2.193887242082548	0.3934199396358606	0.12758599175460614	0.1093771147116544	94.67131670333255	110.0	0.8606483336666596	-515.0753380353204
