ncomps	x	y	amplitude	err amplitude	shift	err shift	width	err width	rms	residual	chisq	dof	redchisq	aic
1.0	388.0	560.0	4.066076196636084	0.07815301909260165	66.519691222131	0.15513876768520082	6.98982186665338	0.15513871888198297	0.07139262978108703	0.14795723352885068	603.7736008476675	122.0	4.948963941374323	-457.02946516335686
1.0	398.0	560.0	4.407732101441432	0.09051112048040294	66.44640300745559	0.17138493498103793	7.227667020768738	0.1713848725344619	0.10620044010147568	0.14275794844577966	378.4209387320933	122.0	3.1018109732138797	-416.14507736777557
1.0	408.0	560.0	3.2611140271329724	0.09747341505869873	65.49776349293744	0.3207476266480216	9.292329244105789	0.3207474160004859	0.36105376468786626	0.1494467833640474	48.820194114892736	122.0	0.40016552553190765	-366.2033117976584
1.0	418.0	560.0	2.862954997454459	0.09139689969881448	65.02165509569505	0.3838632059961004	10.413685085522495	0.38386326779755214	0.36105376468786626	0.17840105519161648	48.09806563528229	122.0	0.3942464396334614	-368.0660718315567
1.0	428.0	560.0	3.4633063207791044	0.09987304226508802	64.74826151544944	0.35033321003675	10.520365891311094	0.3503331206285333	0.1910366394918504	0.20666405047062153	207.26376643156377	122.0	1.6988833314062604	-344.61270003494934
1.0	438.0	560.0	4.143610049539098	0.1639322055769871	62.45361429716208	0.4368843768570617	9.562170949907644	0.43688406913810185	0.36105376468786626	0.3332254848909234	142.099204672941	122.0	1.1647475792864017	-232.65563716733524
2.0	448.0	560.0	4.103623762011671	0.169315713243823	58.406691768198414	0.1848023757588913	5.591385186780987	0.2599088176244851	0.1802210704732613	0.15634380491058958	133.43488308725662	119.0	1.1213015385483749	-407.51840688743385
2.0	448.0	560.0	1.4523284273519617	0.08413431559560372	75.76141398560432	1.7961172665323404	17.41737612267786	1.1295324167012921	0.1802210704732613	0.15634380491058958	133.43488308725662	119.0	1.1213015385483749	-407.51840688743385
2.0	458.0	560.0	4.1476842908889235	0.11744353419043939	56.12725509615332	0.14780010013562273	6.6011062535072	0.2048601574908017	0.06021955361153839	0.11996166844224983	605.6503967018866	119.0	5.089499131948627	-492.4790303439688
2.0	458.0	560.0	1.291913598205334	0.06754818735670304	73.5974892010232	1.5634842164544756	19.273864442944443	0.9007706510087976	0.06021955361153839	0.11996166844224983	605.6503967018866	119.0	5.089499131948627	-492.4790303439688
3.0	468.0	560.0	4.729649147304794	0.07334738530275638	56.930942317543334	0.082426989666775	5.551754533502501	0.10384633552840372	0.06262130913644459	0.09155390730637035	276.5345288622688	116.0	2.383918352260938	-573.8444526474209
3.0	468.0	560.0	1.3692661892309463	0.05323518349385956	68.94271357420008	0.7541786571149061	18.891916726571164	0.512679074404761	0.06262130913644459	0.09155390730637035	276.5345288622688	116.0	2.383918352260938	-573.8444526474209
3.0	468.0	560.0	0.2589098932377874	0.05012645082869407	195.61012177224396	2.660951800204267	6.896139141982927	2.6736734272921634	0.06262130913644459	0.09155390730637035	276.5345288622688	116.0	2.383918352260938	-573.8444526474209
2.0	478.0	560.0	5.546729713078208	0.15488714210737872	59.32305408884106	0.11038769385988706	4.125286121940293	0.14050351075658485	0.06108436535423977	0.16565850244704566	1081.5503701186237	119.0	9.088658572425409	-416.43333336133924
2.0	478.0	560.0	2.261710490399166	0.12080595254254614	65.70911706894164	0.6416361598818767	16.06014847723803	0.5966440476592236	0.06108436535423977	0.16565850244704566	1081.5503701186237	119.0	9.088658572425409	-416.43333336133924
3.0	488.0	560.0	5.854122340791098	0.1794500685265059	60.335598888921226	0.06714761230809688	2.797207376204517	0.09690755400297314	0.057090384426206224	0.12361132381994079	735.5067620543304	116.0	6.340575534951124	-474.68392687946977
3.0	488.0	560.0	4.9782888093611595	0.16391095962183944	62.561353865234935	0.18290152039088053	10.284297991068321	0.241808773684225	0.057090384426206224	0.12361132381994079	735.5067620543304	116.0	6.340575534951124	-474.68392687946977
3.0	488.0	560.0	0.6979795950902205	0.07083244252126154	96.48129097961588	0.9072035183845061	7.028038975966767	0.9406755410044426	0.057090384426206224	0.12361132381994079	735.5067620543304	116.0	6.340575534951124	-474.68392687946977
1.0	498.0	560.0	10.895241843183264	0.24060750018596574	61.60210307657439	0.14702814192424288	5.765385729369096	0.1470280095605381	0.0866310245217376	0.4357497014060225	3205.7791471684986	122.0	26.276878255479495	-199.97473091693305
1.0	508.0	560.0	10.437921459127324	0.26944712728533227	62.465573026720435	0.1908515288044282	6.402295814046113	0.19085138489053258	0.1830096614233251	0.5129494009831117	1000.3892014636904	122.0	8.199911487407299	-158.5752497897963
1.0	518.0	560.0	9.274372397363727	0.21239880598906902	63.77428857146242	0.23904892285420534	9.039695559572781	0.23904893780978295	0.16840686988715606	0.4797841100991392	1036.4520827819742	122.0	8.495508875262084	-174.93747527845338
2.0	528.0	560.0	8.127171322728435	0.32781195963717197	56.745310798378696	0.24252105964330176	5.357815141745112	0.17973761619546097	0.05745246499879618	0.22371433188574744	1901.697039286342	119.0	15.980647388960858	-361.2139518093634
2.0	528.0	560.0	6.496064496650749	0.13230080460322527	72.23204881479485	0.5216488197069948	8.224475874881708	0.39488999232971794	0.05745246499879618	0.22371433188574744	1901.697039286342	119.0	15.980647388960858	-361.2139518093634
2.0	538.0	560.0	7.596681553044805	0.22897482526259544	53.819447336409446	0.09476941859208819	4.066738375782477	0.12482616720537862	0.0826076575011578	0.19147278449375907	676.2526352129073	119.0	5.682795253889977	-399.66973611826035
2.0	538.0	560.0	6.71629445993621	0.08289991263332076	70.15974252610447	0.32642341082119924	10.393864076720128	0.2937191609770212	0.0826076575011578	0.19147278449375907	676.2526352129073	119.0	5.682795253889977	-399.66973611826035
2.0	548.0	560.0	8.97719067776125	0.15694125128007003	52.745928914744894	0.06412486068374619	3.67370073474918	0.07513942839792952	0.08155028165295695	0.16860020462069591	537.9269571150671	119.0	4.520394597605606	-431.49587886231285
2.0	548.0	560.0	6.580696692923077	0.07396736557829169	70.46161206156161	0.20589163402802105	10.058371740688477	0.21310447832028173	0.08155028165295695	0.16860020462069591	537.9269571150671	119.0	4.520394597605606	-431.49587886231285
2.0	558.0	560.0	9.283515780312882	0.1146497926453801	53.118443295096824	0.06658359084963639	4.045729207771717	0.06633388130499909	0.08915033448302342	0.1658379401195435	433.9499144808708	119.0	3.6466379368140402	-436.06900807046634
2.0	558.0	560.0	6.06167384740978	0.08115543953733398	72.34250128088641	0.14743584537526566	8.038028237651723	0.1636373351192939	0.08915033448302342	0.1658379401195435	433.9499144808708	119.0	3.6466379368140402	-436.06900807046634
2.0	568.0	560.0	8.067738444267762	0.14698882528479848	52.95176570467804	0.11081133469027034	4.596192591177846	0.11305279774551087	0.0774404269825889	0.2253807623433671	1158.2959832440292	119.0	9.733579691126296	-348.55078031671275
2.0	568.0	560.0	5.327561953466197	0.12284783690300116	73.24908738990177	0.2023713082518003	6.932214332301235	0.22279682132262746	0.0774404269825889	0.2253807623433671	1158.2959832440292	119.0	9.733579691126296	-348.55078031671275
2.0	578.0	560.0	7.685779668469488	0.18732151908066624	52.17525648087905	0.1579318784056553	5.081391780832456	0.16536752980614533	0.36105376468786626	0.2888321971818043	94.7206884820081	119.0	0.7959721721177151	-276.6428975633762
2.0	578.0	560.0	4.899234522412516	0.1712192044177905	72.97173754052858	0.2717441433466063	6.256119100266052	0.29486378566649946	0.36105376468786626	0.2888321971818043	94.7206884820081	119.0	0.7959721721177151	-276.6428975633762
2.0	588.0	560.0	4.73857295687696	0.12242900474848488	53.738042853335706	0.22127731132872247	6.297686709243943	0.24127111459351297	0.1412934799572073	0.18838722173217082	315.1517423963183	119.0	2.6483339697169606	-360.92460556935816
2.0	588.0	560.0	5.292853934525575	0.13625443521257635	72.62453034232728	0.17665334255603818	4.867368602855518	0.18046391397500772	0.1412934799572073	0.18838722173217082	315.1517423963183	119.0	2.6483339697169606	-360.92460556935816
2.0	598.0	560.0	4.118033268928073	0.10642655798368748	67.0887277024396	0.2769518364032105	9.280469672736968	0.27695188990003616	0.09489537301148569	0.23540448628043656	820.698582347805	119.0	6.896626742418529	-340.80294710286586
2.0	598.0	560.0	0.4512710307030358	0.1529808583339265	118.23118158798856	1.7588242101237894	4.488393984446774	1.758789541365734	0.09489537301148569	0.23540448628043656	820.698582347805	119.0	6.896626742418529	-340.80294710286586
3.0	608.0	560.0	3.536377172021005	0.12452729631168478	65.30055206116434	0.29758617901259415	7.318364450485108	0.2975860413093367	0.05824803656036724	0.24944771172819702	2292.491975418238	116.0	19.762861857053775	-327.56088535691987
3.0	608.0	560.0	0.4532004604418929	0.13949463160567985	116.90336294483015	2.0735904199270165	5.828524026919507	2.073564974508472	0.05824803656036724	0.24944771172819702	2292.491975418238	116.0	19.762861857053775	-327.56088535691987
3.0	608.0	560.0	0.16746930144434224	0.1809531366775306	195.83635956150727	5.016496443198944	3.7309958617934447	5.625066138635749	0.05824803656036724	0.24944771172819702	2292.491975418238	116.0	19.762861857053775	-327.56088535691987
2.0	618.0	560.0	3.5725064681802334	0.12429365502556126	64.55711144638298	0.27787124675796576	6.916160452611757	0.27787105441248294	0.06424907055012692	0.24509751864788523	1819.9190936416871	119.0	15.29343776169485	-338.7559424903772
2.0	618.0	560.0	0.5692382338247443	0.12680130962902375	116.15151562239329	1.7093584626707867	6.6457618145074315	1.7093589287424178	0.06424907055012692	0.24509751864788523	1819.9190936416871	119.0	15.29343776169485	-338.7559424903772
3.0	628.0	560.0	3.659149391909056	0.5124677752086916	61.306690256039666	0.25755804170760666	3.6055258455010604	0.24746657822319718	0.05841603779448316	0.11819876628643419	512.8843089882378	116.0	4.4214164567951535	-514.0089138920879
3.0	628.0	560.0	2.220342832021639	0.1726333972151562	70.41434990029589	1.362911203483182	6.189973073718883	0.9185464755192498	0.05841603779448316	0.11819876628643419	512.8843089882378	116.0	4.4214164567951535	-514.0089138920879
3.0	628.0	560.0	0.38349110070170334	0.040417813924264946	107.61932588517851	2.464784336082215	16.986618793437877	2.743733075359309	0.05841603779448316	0.11819876628643419	512.8843089882378	116.0	4.4214164567951535	-514.0089138920879
3.0	638.0	560.0	3.7831427763491323	1.1245429928160484	61.530056773890635	0.4451363337610333	3.9209838216790907	0.3856712467078809	0.05864830972194557	0.12124504533371303	543.0747212718024	116.0	4.68167863165347	-505.86726594449476
3.0	638.0	560.0	1.725852213966418	0.4924753818586601	69.66288188612907	3.569486286401768	6.096793336792839	1.9809982480128225	0.05864830972194557	0.12124504533371303	543.0747212718024	116.0	4.68167863165347	-505.86726594449476
3.0	638.0	560.0	0.3535662725965165	0.04349438206074189	100.41641833823245	3.573864895726428	15.707609005988314	3.672789652225621	0.05864830972194557	0.12124504533371303	543.0747212718024	116.0	4.68167863165347	-505.86726594449476
2.0	648.0	560.0	3.951274097587635	0.08126758413595472	63.23102297542391	0.15354920742289524	6.464890774407009	0.15354907055539582	0.10998259458548418	0.14899066512040454	248.1836427589108	119.0	2.0855768299068136	-453.41452105248413
2.0	648.0	560.0	0.5860743545567195	0.0971287129926929	107.37974735103937	0.8661447626385353	4.526089148882802	0.8661446491513565	0.10998259458548418	0.14899066512040454	248.1836427589108	119.0	2.0855768299068136	-453.41452105248413
3.0	658.0	560.0	3.540043841847728	0.09978385751898969	60.72585753427172	0.44216482638725646	5.354971249416196	0.36021067500012216	0.09697950959784518	0.13937816455586244	304.1201491689737	116.0	2.621725423870463	-452.61003442790906
3.0	658.0	560.0	2.0091696918645456	0.2230061807953649	71.28676890829318	0.4821365861953629	3.4596484420185476	0.3738572889547595	0.09697950959784518	0.13937816455586244	304.1201491689737	116.0	2.621725423870463	-452.61003442790906
3.0	658.0	560.0	0.47577419664269954	0.11554231074597024	103.03199506846431	0.8766388262426783	3.1261647649558872	0.8766389050297193	0.09697950959784518	0.13937816455586244	304.1201491689737	116.0	2.621725423870463	-452.61003442790906
2.0	668.0	560.0	3.2383648274940304	0.31758474243616314	60.13167552960185	0.7040253211848444	4.988239424508286	0.4004655149474855	0.10850912906300776	0.13948495651517334	243.2253827743066	119.0	2.043910779616022	-459.3090311081421
2.0	668.0	560.0	1.8590244136146552	0.19754151650006627	72.04033619861012	1.5586185107576969	5.932986444500608	0.9585955514154566	0.10850912906300776	0.13948495651517334	243.2253827743066	119.0	2.043910779616022	-459.3090311081421
3.0	678.0	560.0	3.570046773371693	0.09795455333019726	60.368032881315344	0.29528454716286234	5.046109578200363	0.2699125480493701	0.10128968962710742	0.15235026332040405	301.0607897605621	116.0	2.5953516358669146	-443.00263768179263
3.0	678.0	560.0	2.099417018176894	0.10382401079177155	74.24800799590896	0.48164411455554895	4.7107942597778845	0.42758085769335663	0.10128968962710742	0.15235026332040405	301.0607897605621	116.0	2.5953516358669146	-443.00263768179263
3.0	678.0	560.0	0.5382979148331801	0.13058578133747245	105.82353576654519	0.7403239142380058	2.6428736451406896	0.740312380987269	0.10128968962710742	0.15235026332040405	301.0607897605621	116.0	2.5953516358669146	-443.00263768179263
4.0	688.0	560.0	1.2554653064000723	0.05086182193591318	51.403871886269165	0.7012624562805109	5.388771947209026	0.5521766414782194	0.05873389784366643	0.07305313955956684	194.78698830715533	113.0	1.7237786575854455	-626.4497393424051
4.0	688.0	560.0	3.3530641319647305	0.16531545240512227	60.021611004938954	0.0963157879173005	2.6490838797085856	0.11256091493463316	0.05873389784366643	0.07305313955956684	194.78698830715533	113.0	1.7237786575854455	-626.4497393424051
4.0	688.0	560.0	2.1989155221917205	0.04462796664765129	72.54180222521273	0.16059118577866063	5.497286496928297	0.17718967580970157	0.05873389784366643	0.07305313955956684	194.78698830715533	113.0	1.7237786575854455	-626.4497393424051
4.0	688.0	560.0	0.7179098511508167	0.04855379471123409	104.35393214762581	0.33339477995298133	4.269884989375076	0.33340170314727824	0.05873389784366643	0.07305313955956684	194.78698830715533	113.0	1.7237786575854455	-626.4497393424051
6.0	698.0	560.0	0.332361732602177	0.4489067398781913	40.70058934562793	0.9303258108864905	0.9861630973604121	1.5453435579795858	0.04692426465322794	0.07116150825409719	322.8076165386552	107.0	3.0168936125107964	-603.7594123849849
6.0	698.0	560.0	0.30935845014098773	0.0480332407667119	96.14516396786269	2.342877430945262	9.418804778013088	1.8106759463206252	0.04692426465322794	0.07116150825409719	322.8076165386552	107.0	3.0168936125107964	-603.7594123849849
6.0	698.0	560.0	1.3259280231094035	0.06241717950066759	52.75932684601115	1.2346526698465614	8.167109901740439	0.9679298241603815	0.04692426465322794	0.07116150825409719	322.8076165386552	107.0	3.0168936125107964	-603.7594123849849
6.0	698.0	560.0	2.647989480784099	0.18991082173766485	59.899598975763695	0.08128126250938034	2.265967238653823	0.1389529789537331	0.04692426465322794	0.07116150825409719	322.8076165386552	107.0	3.0168936125107964	-603.7594123849849
6.0	698.0	560.0	1.400737960613718	0.08962689630971372	72.64619443768491	0.45076396326223767	4.77777205915887	0.3895565487113453	0.04692426465322794	0.07116150825409719	322.8076165386552	107.0	3.0168936125107964	-603.7594123849849
6.0	698.0	560.0	0.556463538721626	0.0872643932462408	104.64561196836733	0.3846589076835398	2.4768612639869314	0.47936953718417463	0.04692426465322794	0.07116150825409719	322.8076165386552	107.0	3.0168936125107964	-603.7594123849849
4.0	708.0	560.0	1.3259976185889581	0.04871653659148109	53.98601057906407	0.5848341741026253	9.79503744988004	0.4706614416854258	0.07235993550992409	0.08238497398631114	171.10782808797742	113.0	1.5142285671502427	-590.492388877189
4.0	708.0	560.0	2.196731240977004	0.10444018913890425	60.09024224607608	0.08624910844105999	1.7338687736089087	0.09977221602514078	0.07235993550992409	0.08238497398631114	171.10782808797742	113.0	1.5142285671502427	-590.492388877189
4.0	708.0	560.0	1.2614330520243455	0.07105322196565635	74.55997433355185	0.2402611184056177	3.3864551405358565	0.26647276128847314	0.07235993550992409	0.08238497398631114	171.10782808797742	113.0	1.5142285671502427	-590.492388877189
4.0	708.0	560.0	0.29919337828782083	0.03798947827261201	99.1645711160479	1.4546896004263534	9.725084241884549	1.5704119508020964	0.07235993550992409	0.08238497398631114	171.10782808797742	113.0	1.5142285671502427	-590.492388877189
4.0	718.0	560.0	1.529965293277821	0.07387004383878287	54.48796655777191	0.8006980865218276	9.053880177150896	0.6547844014748884	0.12237787700216737	0.10887790311908335	138.3343795919698	113.0	1.2241980494864584	-485.7046956924748
4.0	718.0	560.0	1.5471537311872565	0.17403915789388882	60.184763336001446	0.17426636773155665	1.430837225104732	0.17342931159634795	0.12237787700216737	0.10887790311908335	138.3343795919698	113.0	1.2241980494864584	-485.7046956924748
4.0	718.0	560.0	2.0563481984725818	0.10413596288862034	74.07301900464759	0.2685697231134375	3.9181731721041055	0.2776730954327862	0.12237787700216737	0.10887790311908335	138.3343795919698	113.0	1.2241980494864584	-485.7046956924748
4.0	718.0	560.0	0.41975469631312967	0.06760983356617897	98.5289787059536	1.2800940100398541	6.878129759026133	1.3109797052785674	0.12237787700216737	0.10887790311908335	138.3343795919698	113.0	1.2241980494864584	-485.7046956924748
3.0	728.0	560.0	1.8046299857888428	0.05496389081732018	57.49491951292655	0.8610248670285178	10.801776649118956	0.7627283967518448	0.11285012252592444	0.11253159505063715	159.81557717374255	116.0	1.377720492877091	-495.1451087951298
3.0	728.0	560.0	1.9878501504467687	0.16175803473053885	73.34824837513516	0.2222630635486454	3.840499544912615	0.3200702186499937	0.11285012252592444	0.11253159505063715	159.81557717374255	116.0	1.377720492877091	-495.1451087951298
3.0	728.0	560.0	0.6747228703360612	0.07052955680869709	97.47122763325655	0.7395516063884725	6.002819519487785	0.7490707299770295	0.11285012252592444	0.11253159505063715	159.81557717374255	116.0	1.377720492877091	-495.1451087951298
4.0	738.0	560.0	0.8484913393537981	0.06162482144767496	40.07391399722308	0.3299050208898137	3.2809751675646366	0.32476235696477185	0.06608596089449967	0.07695904687507392	171.75935365670148	113.0	1.5199942801478006	-612.6914407133811
4.0	738.0	560.0	1.7566682166522074	0.04606200984218676	56.402053878658116	0.34326416012537525	6.424462482910834	0.4710797978819512	0.06608596089449967	0.07695904687507392	171.75935365670148	113.0	1.5199942801478006	-612.6914407133811
4.0	738.0	560.0	2.315611611837905	0.061618901522240324	72.18752698513927	0.24120308239775146	4.8282776664732845	0.2047792809294054	0.06608596089449967	0.07695904687507392	171.75935365670148	113.0	1.5199942801478006	-612.6914407133811
4.0	738.0	560.0	0.7386005854976966	0.043203385934329236	96.31845505737789	0.4168169435021818	6.134443053486943	0.43194739711671526	0.06608596089449967	0.07695904687507392	171.75935365670148	113.0	1.5199942801478006	-612.6914407133811
4.0	748.0	560.0	0.683893137379636	0.04459625399457095	45.41019723617699	1.3593596907541001	7.369223639102364	1.1703450555110553	0.06683438722893978	0.0821316003245888	188.78306313487877	113.0	1.6706465764148564	-598.0630731667495
4.0	748.0	560.0	1.5128302522972632	0.1336476612416519	57.235291893948656	0.23915915618342765	3.2333595952600716	0.2899993133548456	0.06683438722893978	0.0821316003245888	188.78306313487877	113.0	1.6706465764148564	-598.0630731667495
4.0	748.0	560.0	1.7704526152668274	0.04930892828647992	71.49438517386525	0.23681172191498373	5.945345944749984	0.3027085702167823	0.06683438722893978	0.0821316003245888	188.78306313487877	113.0	1.6706465764148564	-598.0630731667495
4.0	748.0	560.0	0.5134425028173539	0.0431590725397765	96.22480507575433	0.7367369626190513	7.0775056096419195	0.7989367183560006	0.06683438722893978	0.0821316003245888	188.78306313487877	113.0	1.6706465764148564	-598.0630731667495
3.0	118.0	570.0	2.0180452308490677	0.07952386892279303	29.523162906362185	0.12179243195339791	2.9627687298155734	0.1522004945243386	0.07333754581224972	0.08857827536206005	184.8681278898418	116.0	1.59369075767105	-584.6893011994835
3.0	118.0	570.0	0.5858726006624879	0.07352957229416941	49.164102002309825	0.48282653014212484	3.74653753319204	0.6163958116659826	0.07333754581224972	0.08857827536206005	184.8681278898418	116.0	1.59369075767105	-584.6893011994835
3.0	118.0	570.0	0.41782459481908657	0.059167621943362836	38.45459455847372	1.877245878845309	22.72225018461416	2.094298924878606	0.07333754581224972	0.08857827536206005	184.8681278898418	116.0	1.59369075767105	-584.6893011994835
3.0	128.0	570.0	1.6074722898038636	0.07300090154522551	26.73832984739042	0.3953752661339122	7.4552022974973635	0.41834051498268343	0.07274190269554655	0.14513581406476705	498.3186267475893	116.0	4.2958502305826665	-462.77845969404285
3.0	128.0	570.0	0.5386834163873158	0.21428164318702728	50.27632809416572	1.3310377850925545	4.146860228778853	1.4834518557707266	0.07274190269554655	0.14513581406476705	498.3186267475893	116.0	4.2958502305826665	-462.77845969404285
3.0	128.0	570.0	0.3753152726638843	0.07299470968444859	64.56250436978655	4.9719778251843305	8.607250119500804	4.174092973431874	0.07274190269554655	0.14513581406476705	498.3186267475893	116.0	4.2958502305826665	-462.77845969404285
2.0	138.0	570.0	1.6623546395371926	0.08579944275332747	28.569179450399727	0.3694388852607546	6.168971679054247	0.3791468644244889	0.07869448894281013	0.15831698145450304	508.8419098198629	119.0	4.2759824354610325	-447.3557184732656
2.0	138.0	570.0	0.647242236333192	0.08991774373248228	54.56508202876515	0.9053807442924457	5.6020594643216155	0.9263996608437121	0.07869448894281013	0.15831698145450304	508.8419098198629	119.0	4.2759824354610325	-447.3557184732656
2.0	148.0	570.0	2.1387922062792613	0.07590582806754034	32.03107347065527	0.15232700726172657	3.716579834680285	0.15250158592247184	0.06864867739296462	0.10881161389270448	319.3028378110784	119.0	2.6832171244628436	-539.74820757006
2.0	148.0	570.0	0.752336585230015	0.06884619156542249	54.42629072356529	0.47743140978151016	4.518941652668758	0.4780620385334353	0.06864867739296462	0.10881161389270448	319.3028378110784	119.0	2.6832171244628436	-539.74820757006
2.0	158.0	570.0	2.2681446294625314	0.07046815141481559	32.752667488729124	0.12885448918520123	4.044704708282972	0.15718328194921363	0.05946204910957209	0.09283300169604901	304.6739324533305	119.0	2.5602851466666428	-581.5263364093945
2.0	158.0	570.0	0.3671496500777428	0.02916685070992887	61.44948443311656	2.2861285124228305	18.785662847452784	2.352532442974149	0.05946204910957209	0.09283300169604901	304.6739324533305	119.0	2.5602851466666428	-581.5263364093945
3.0	168.0	570.0	2.3319310847392996	0.046732321543154376	32.53749014089114	0.14767170330704663	5.841742202594971	0.15374394430046756	0.06100117432566484	0.08012931853617143	232.29505797655344	116.0	2.00254360324615	-602.1884950555697
3.0	168.0	570.0	0.4073243575332974	0.04142013324295602	58.51643389899104	1.207766246990969	7.805530560326172	1.4023572975105407	0.06100117432566484	0.08012931853617143	232.29505797655344	116.0	2.00254360324615	-602.1884950555697
3.0	168.0	570.0	0.32141881574738096	0.036414120882335935	87.0456979614043	1.7612340483254467	10.02381320539755	1.8701161473325207	0.06100117432566484	0.08012931853617143	232.29505797655344	116.0	2.00254360324615	-602.1884950555697
3.0	178.0	570.0	1.7394651769829599	0.05577974873665977	32.97574865395166	0.17449921442394967	4.885442316981828	0.19267479498594045	0.05108460574898771	0.08595998101964109	362.2991836965861	116.0	3.12326882497057	-590.983227802983
3.0	178.0	570.0	0.20312353046804557	0.022718622324181523	55.533052622359065	4.955024301879627	38.33319130071753	4.28559099275956	0.05108460574898771	0.08595998101964109	362.2991836965861	116.0	3.12326882497057	-590.983227802983
3.0	178.0	570.0	0.318749960764886	0.09004114164766881	94.10413120748171	0.5537100730571028	1.6396945215186673	0.5222135273167646	0.05108460574898771	0.08595998101964109	362.2991836965861	116.0	3.12326882497057	-590.983227802983
3.0	188.0	570.0	0.7869315235252096	0.0792062332625083	20.468343145105976	0.29877954981875615	2.4511805632068038	0.30366379147940875	0.04674615565852509	0.08143727341307563	481.8326862060639	116.0	4.153730053500551	-577.530198187541
3.0	188.0	570.0	1.4961997473825246	0.05828223910918156	34.534029928182974	0.214372971973623	4.690752548887849	0.22874030909498097	0.04674615565852509	0.08143727341307563	481.8326862060639	116.0	4.153730053500551	-577.530198187541
3.0	188.0	570.0	0.2641764120791379	0.056557148207310656	98.16955264116196	1.1870757497493265	4.804783593024334	1.1870876803420458	0.04674615565852509	0.08143727341307563	481.8326862060639	116.0	4.153730053500551	-577.530198187541
2.0	198.0	570.0	1.2924260552958224	0.0926814378444845	21.687516820669284	0.33161277658146077	3.608902489280432	0.34728418812599665	0.11783055205186328	0.10224160410000302	154.63069084202033	119.0	1.299417570101011	-495.3243200106799
2.0	198.0	570.0	1.3932638938512392	0.08490444790399054	36.35753758189148	0.3366386729116004	4.425915597012772	0.3654839849165259	0.11783055205186328	0.10224160410000302	154.63069084202033	119.0	1.299417570101011	-495.3243200106799
2.0	208.0	570.0	1.3218910578993412	0.09892075464855951	21.733330525994955	0.3896107740605782	4.233283852274039	0.4166263413432966	0.36105376468786626	0.09771159340897745	21.641873298692147	119.0	0.1818644815016147	-461.1807004379938
2.0	208.0	570.0	1.1674669278620737	0.10096312614086093	37.32174051766613	0.43207584853942804	4.040521737256386	0.458843686903721	0.36105376468786626	0.09771159340897745	21.641873298692147	119.0	0.1818644815016147	-461.1807004379938
2.0	238.0	570.0	2.0014145517698827	0.06060473556985571	49.43824803198722	0.2606271059531117	5.280432180222933	0.26968433059571933	0.10935175237487116	0.08544354919993175	109.63408519051659	119.0	0.9212948335337529	-556.9801891053817
2.0	238.0	570.0	0.9504628974411822	0.06482001951093079	64.79573922995245	0.5109849213249913	4.543942980302608	0.5018103060186402	0.10935175237487116	0.08544354919993175	109.63408519051659	119.0	0.9212948335337529	-556.9801891053817
2.0	248.0	570.0	1.8669111990440082	0.11117016550759107	50.317386328140635	0.18440371439559927	3.4576099323476317	0.23822232555921444	0.06860646671562616	0.09531614727224116	280.1329059918685	119.0	2.354058033545113	-556.2614538303269
2.0	248.0	570.0	1.18744202645945	0.09231097939813558	56.10634867614068	0.7138537297798873	11.017363138707964	0.5280839512795599	0.06860646671562616	0.09531614727224116	280.1329059918685	119.0	2.354058033545113	-556.2614538303269
1.0	258.0	570.0	2.343319269230729	0.06406879235203151	52.66017207753048	0.2942837395964924	9.3209806666538	0.2942836638649073	0.06722211556268197	0.14810245611515419	610.319608053025	122.0	5.00261973813955	-470.7296174548635
2.0	268.0	570.0	1.0030428057357854	0.057997376075445	37.43030836652418	0.49359605062469797	5.177010279161364	0.46507669172888033	0.06601478619949495	0.09516984338501346	260.77568038320237	119.0	2.191392272127751	-574.8389129814411
2.0	268.0	570.0	2.0661664086465916	0.04920252086978881	55.96873084168013	0.2820895469087392	7.048575372537039	0.29337719630595976	0.06601478619949495	0.09516984338501346	260.77568038320237	119.0	2.191392272127751	-574.8389129814411
5.0	298.0	570.0	0.22953653007154742	0.06441103266694709	15.576895727756854	0.9110259137766258	2.3516983973443746	0.9034787101181742	0.07035752084924744	0.06931716440597582	123.26644669257938	110.0	1.1206040608416308	-630.88341546067
5.0	298.0	570.0	0.40182081263212793	0.0495604294650792	26.12143937187435	0.6876595915371827	4.11363024599804	0.7643155945616542	0.07035752084924744	0.06931716440597582	123.26644669257938	110.0	1.1206040608416308	-630.88341546067
5.0	298.0	570.0	2.9897443390490808	0.043849713511606235	51.26052122782858	0.14831133244072758	5.28453536324591	0.13665443574985775	0.07035752084924744	0.06931716440597582	123.26644669257938	110.0	1.1206040608416308	-630.88341546067
5.0	298.0	570.0	1.1344775052717069	0.04080782256306139	67.79822513507911	0.41313518934906884	5.956578185022133	0.4159077001814038	0.07035752084924744	0.06931716440597582	123.26644669257938	110.0	1.1206040608416308	-630.88341546067
5.0	298.0	570.0	0.32442755934427314	0.04399492241267948	92.39676446548773	0.7747805234036642	4.900143549610727	0.7930685659129721	0.07035752084924744	0.06931716440597582	123.26644669257938	110.0	1.1206040608416308	-630.88341546067
2.0	308.0	570.0	0.3885831885530086	0.13902500783396324	26.193119567163077	1.425189296547302	3.4461044237606124	1.4283467528823057	0.07117591161056606	0.19325959286349823	923.1699307769311	119.0	7.7577305107305135	-398.00089665511473
2.0	308.0	570.0	3.520144180765645	0.08887333197028886	56.14187856727474	0.24627157349373327	8.45309628431421	0.2478581927028028	0.07117591161056606	0.19325959286349823	923.1699307769311	119.0	7.7577305107305135	-398.00089665511473
1.0	318.0	570.0	4.133303219398888	0.08273549811674555	58.55758482679744	0.16676745968468526	7.2154163888609	0.16676750730378584	0.13804177035538262	0.16365343647391548	186.8220941213346	122.0	1.5313286403388082	-438.81935667505286
1.0	328.0	570.0	3.3586837857613285	0.07224735441531523	61.31404639141575	0.1728748526785179	6.960383010131486	0.17287494118728763	0.12382362978146028	0.12584767124829904	170.79210449048176	122.0	1.399935282708867	-477.2076020405011
1.0	338.0	570.0	2.9906182950354228	0.06546641307566126	64.06495253694544	0.16101282563038655	6.369691036550265	0.16101276407153284	0.09112048787096812	0.10624016737123478	236.99927099808394	122.0	1.9426169753941307	-512.925235440805
1.0	348.0	570.0	2.9222308492523155	0.0667930303850835	63.7192557188395	0.17552372890343892	6.650191423777288	0.17552366426453897	0.11887687300593094	0.11125661055963805	151.33022380602722	122.0	1.2404116705412067	-502.5229224958162
1.0	358.0	570.0	2.9929191179400227	0.06188451267083169	64.59534269325881	0.18630437839408173	7.802732480366357	0.18630431007466844	0.06425056545155132	0.13126716181316087	521.7753868948223	122.0	4.276847433564117	-501.6257555267112
1.0	368.0	570.0	3.084187476051785	0.09208028023947003	65.54835356404008	0.2904023599925979	8.424648536593471	0.29040257555132293	0.07969978314600346	0.18012642816060942	810.5000234345241	122.0	6.643442815037083	-392.7048994185933
2.0	378.0	570.0	3.874547021984888	0.07653675788183031	63.31301314908007	0.20924088562587861	5.140020283371988	0.18151941124112636	0.08540461697886748	0.09340227650116989	243.8287449129354	119.0	2.048981049688533	-518.8578677021928
2.0	378.0	570.0	1.267249745075779	0.0688429714466075	78.63875949669834	0.6871994113536298	5.75524272107444	0.6253033464036165	0.08540461697886748	0.09340227650116989	243.8287449129354	119.0	2.048981049688533	-518.8578677021928
1.0	388.0	570.0	3.964392600677144	0.0920580651458187	65.29827760785933	0.19420524509908912	7.242083183032657	0.1942050767869321	0.07883810120468232	0.16460116208631087	711.7983615043378	122.0	5.834412799215883	-411.65460355404235
1.0	398.0	570.0	3.855344443049074	0.09114901099209605	65.82742174896752	0.232951833382054	8.532628633659948	0.23295174410266795	0.36105376468786626	0.14785586778139587	39.19884638140736	122.0	0.3213020195197324	-393.6404022693956
1.0	408.0	570.0	3.0165277598313898	0.06607456377286026	64.50860807231727	0.25606882032524203	10.123683080735553	0.2560687554788014	0.36105376468786626	0.10022814805626155	24.439450486776853	122.0	0.2003233646457119	-452.69648569957747
2.0	418.0	570.0	2.317125994098047	0.2889856745045835	57.05030291327165	0.6458889609713078	5.065765456649368	0.4254402571363544	0.12946725691300265	0.08396993380694764	140.48575452303172	119.0	1.1805525590170733	-483.77090925953246
2.0	418.0	570.0	1.9844281536382906	0.11861584006363737	70.32101516204722	1.311459821972085	7.342660316681037	0.8797905062755996	0.12946725691300265	0.08396993380694764	140.48575452303172	119.0	1.1805525590170733	-483.77090925953246
3.0	428.0	570.0	3.2827677707762466	0.06515474116227649	59.386601817252256	0.21794366204382568	4.7833825325126575	0.17078931741446468	0.06657405651297972	0.08279368593526439	193.33516924300685	116.0	1.6666824934741968	-603.2809157010299
3.0	428.0	570.0	1.8350243705171345	0.06002047178334396	72.25717072546949	0.40532144374141227	5.035897871778366	0.3274975211151648	0.06657405651297972	0.08279368593526439	193.33516924300685	116.0	1.6666824934741968	-603.2809157010299
3.0	428.0	570.0	0.25383822077030593	0.0157745101806224	92.8214933257883	7.1373380713360355	99.66850224821006	10.982643261114884	0.06657405651297972	0.08279368593526439	193.33516924300685	116.0	1.6666824934741968	-603.2809157010299
2.0	438.0	570.0	3.6247018958537556	0.30903897525816887	58.29180100194068	0.23330871166625183	4.0165585737146845	0.34586037018511323	0.36105376468786626	0.1788778750823324	51.320232740093566	119.0	0.4312624600007863	-353.24881817569377
2.0	438.0	570.0	2.0007349996393944	0.16292832615338787	68.90830441840738	1.5471241957388817	10.897062771977048	0.8725680123565588	0.36105376468786626	0.1788778750823324	51.320232740093566	119.0	0.4312624600007863	-353.24881817569377
1.0	448.0	570.0	5.261975128701021	0.1628526825547678	59.74097246285216	0.26086349352932975	7.299090868876544	0.2608633402669899	0.36105376468786626	0.2869344004570001	107.04039945267267	122.0	0.8773803233825629	-268.0705259115466
2.0	458.0	570.0	5.695094821595508	0.11309089385353764	57.447711897834736	0.11076993125793089	5.9674741670407245	0.14075756806133252	0.08488726956762697	0.13320486058392247	364.56391080418854	119.0	3.0635622756654497	-470.097404237729
2.0	458.0	570.0	1.3052237384045746	0.0844071375975294	69.83900410962275	1.2778102698254352	19.482409392119777	0.8491572229465078	0.08488726956762697	0.13320486058392247	364.56391080418854	119.0	3.0635622756654497	-470.097404237729
2.0	468.0	570.0	6.57781606724533	0.13972587786369264	57.7207573527871	0.09306696795294514	4.948062469899546	0.12028860252243598	0.1058139805011942	0.1483952052058039	249.35500185129177	119.0	2.0954201836243005	-462.4858106983186
2.0	468.0	570.0	2.013664986310204	0.10691727265058529	67.59864868837668	0.8174365357765933	14.924921873626047	0.5066826491875641	0.1058139805011942	0.1483952052058039	249.35500185129177	119.0	2.0954201836243005	-462.4858106983186
2.0	478.0	570.0	7.6622072824468015	0.1863576094484865	59.074415872018704	0.09816106890608246	4.472988743363169	0.12619571580221522	0.05198120428837774	0.1937745499176627	1782.110191037908	119.0	14.975715891074858	-394.3514429748241
2.0	478.0	570.0	2.572397678588612	0.15039960767371485	67.13908718179957	0.7409329309967607	14.089105353947964	0.5144164848660521	0.05198120428837774	0.1937745499176627	1782.110191037908	119.0	14.975715891074858	-394.3514429748241
2.0	488.0	570.0	7.2095974322667065	0.21146195520087435	60.34109316039729	0.0769286487317032	3.0742893098953106	0.10340136315915024	0.0636435823046654	0.1696879779725801	1023.0295360275537	119.0	8.5968868573744	-413.1260948062123
2.0	488.0	570.0	4.757910105076982	0.1870284272377559	63.94698069303615	0.2588404997310098	10.463113617568247	0.2560795257582236	0.0636435823046654	0.1696879779725801	1023.0295360275537	119.0	8.5968868573744	-413.1260948062123
2.0	498.0	570.0	9.378253075706768	0.20623394260895608	61.344409869642206	0.04815556888737387	3.2848204431409416	0.06789682372856162	0.05778448300203317	0.11406808455423902	555.5000017973897	119.0	4.668067241994871	-513.6025260961254
2.0	498.0	570.0	3.7959972928676264	0.1452823208179064	67.7978396640028	0.38354829611073255	8.020325989198923	0.18650940161535112	0.05778448300203317	0.11406808455423902	555.5000017973897	119.0	4.668067241994871	-513.6025260961254
1.0	508.0	570.0	10.884139014019008	0.29686824985204413	62.99063764669288	0.15758078589053223	5.003140699578738	0.1575806618339094	0.26431896790944487	0.5016539525197549	454.92667958595956	122.0	3.72890720972098	-165.17185772746487
2.0	518.0	570.0	8.290554784729554	0.6727841061161937	61.00755340116577	0.13682630772182897	4.243439501957031	0.21069346149073886	0.24466899815055243	0.18522456841341553	98.75387195801954	119.0	0.8298644702354584	-368.7107786306168
2.0	518.0	570.0	4.664083028385573	0.21527195887300474	72.31376543690523	1.1622506776092607	8.471428851249307	0.7168074661601405	0.24466899815055243	0.18522456841341553	98.75387195801954	119.0	0.8298644702354584	-368.7107786306168
2.0	528.0	570.0	8.047929833282147	0.2042886113116348	59.69132286140103	0.23745742037137715	5.460877297074976	0.1698229828269815	0.057743115418240266	0.19801699560179903	1502.6968754787201	119.0	12.627704835955631	-389.3880540921798
2.0	528.0	570.0	5.65422300905222	0.12181965650689294	75.07523750014278	0.4295765076792921	6.985847958447964	0.33583471768562045	0.057743115418240266	0.19801699560179903	1502.6968754787201	119.0	12.627704835955631	-389.3880540921798
2.0	538.0	570.0	7.62458123125026	0.11812690080276984	57.509108248102855	0.11957089475123263	4.923366604099574	0.1019785981063975	0.053257804849733636	0.14820784074778975	996.1612002783994	119.0	8.371102523347894	-460.99144503250847
2.0	538.0	570.0	6.003696903199464	0.07589634108624907	74.23482171100156	0.20893755211326137	7.481490386420003	0.1976318627049272	0.053257804849733636	0.14820784074778975	996.1612002783994	119.0	8.371102523347894	-460.99144503250847
2.0	548.0	570.0	7.1072754231875575	0.1756336811355337	54.91781136078192	0.11201902987292679	4.129219088605247	0.11664621509988302	0.06762150860141306	0.18986196691529542	999.8342173756465	119.0	8.401968213240727	-400.835960419942
2.0	548.0	570.0	6.309318054742239	0.08799007053912096	72.09439669065215	0.2508112034145441	9.074528724506807	0.252169551242308	0.06762150860141306	0.18986196691529542	999.8342173756465	119.0	8.401968213240727	-400.835960419942
4.0	558.0	570.0	8.898897181244571	0.1446656949296811	53.99779980111203	0.07441051266548761	3.662300661586281	0.07581627925782443	0.05841289131000027	0.17746959484821193	1164.994357479391	113.0	10.309684579463637	-404.24923052378216
4.0	558.0	570.0	6.085809046014368	0.0922051444393618	72.35100455076129	0.18301518719458842	8.357949039292862	0.27356644323730267	0.05841289131000027	0.17746959484821193	1164.994357479391	113.0	10.309684579463637	-404.24923052378216
4.0	558.0	570.0	0.2752859567429792	0.08602985438318998	100.13851703876581	4.025576368460055	8.26617297400633	4.162169973215064	0.05841289131000027	0.17746959484821193	1164.994357479391	113.0	10.309684579463637	-404.24923052378216
4.0	558.0	570.0	0.2693370407630166	0.10499888530296034	193.66821144167366	3.0108314128191758	5.86541176515461	3.3776960299294148	0.05841289131000027	0.17746959484821193	1164.994357479391	113.0	10.309684579463637	-404.24923052378216
2.0	568.0	570.0	8.272646576755575	0.13641149595081803	53.655784082726136	0.09410033806413194	4.29621275276081	0.0950069302692234	0.060591827957527336	0.20293801100844228	1517.2810394013406	119.0	12.750260835305383	-376.1417617803579
2.0	568.0	570.0	5.211911862029883	0.10824387378354906	73.52941454333221	0.19039158352107083	7.198065904357039	0.21060227469767837	0.060591827957527336	0.20293801100844228	1517.2810394013406	119.0	12.750260835305383	-376.1417617803579
3.0	578.0	570.0	7.39645954329932	0.12212095988388885	53.44198252606516	0.10510542081711835	5.115732979571004	0.11166182447294239	0.06585434012674417	0.196385794066924	1174.8515399300848	116.0	10.128030516638661	-380.4393519901994
3.0	578.0	570.0	5.622845768765015	0.12223316358181331	73.58149707025099	0.14808889521801463	5.4855312143833865	0.18172998973865778	0.06585434012674417	0.196385794066924	1174.8515399300848	116.0	10.128030516638661	-380.4393519901994
3.0	578.0	570.0	1.176094058332756	0.13604825952695562	91.22673496074228	0.6025333172116611	4.054572236523539	0.6255275380356773	0.06585434012674417	0.196385794066924	1174.8515399300848	116.0	10.128030516638661	-380.4393519901994
4.0	588.0	570.0	4.983259981157597	0.06404866177387027	55.53752669676129	0.10571967697246719	6.149278702743165	0.11616486600230302	0.061491868247094336	0.10723768167776981	419.55847204291115	113.0	3.7129068322381515	-519.0657243513792
4.0	588.0	570.0	6.132336705448203	0.07497023247236943	73.5867479634401	0.08298538779143422	4.3532287860310905	0.094930866121411	0.061491868247094336	0.10723768167776981	419.55847204291115	113.0	3.7129068322381515	-519.0657243513792
4.0	588.0	570.0	0.9289496468399094	0.06336881817415242	90.8478038837271	0.6299910526382895	6.309296779131787	0.6844927602646879	0.061491868247094336	0.10723768167776981	419.55847204291115	113.0	3.7129068322381515	-519.0657243513792
4.0	588.0	570.0	0.7138684982483119	0.0767049635547252	120.00241925255351	0.5012821595919821	4.041210324901743	0.5016820150789724	0.061491868247094336	0.10723768167776981	419.55847204291115	113.0	3.7129068322381515	-519.0657243513792
4.0	598.0	570.0	3.504958228479073	0.058871932815433715	59.797733944786934	0.20762217011904888	5.298377553498337	0.18739063771075345	0.06808068818297783	0.0813617561687676	243.77803452931977	113.0	2.15732773919752	-561.4866598679408
4.0	598.0	570.0	4.445900457927689	0.0863430559526607	73.15904517994642	0.13754471576666844	4.316743179429801	0.14640002494854387	0.06808068818297783	0.0813617561687676	243.77803452931977	113.0	2.15732773919752	-561.4866598679408
4.0	598.0	570.0	0.46633537495023475	0.0450333706997298	93.07743069669188	1.4791510996032224	9.516219810747113	1.711888822270312	0.06808068818297783	0.0813617561687676	243.77803452931977	113.0	2.15732773919752	-561.4866598679408
4.0	598.0	570.0	1.1292237212102374	0.0725079920907795	119.86383354770976	0.24627178268630576	3.234507559984803	0.24936424599359908	0.06808068818297783	0.0813617561687676	243.77803452931977	113.0	2.15732773919752	-561.4866598679408
3.0	608.0	570.0	2.456940484145638	0.28412502573026854	58.801789129667824	0.2673185772667054	3.274797869649035	0.3120454184126442	0.09611527275769206	0.13436647549999903	311.2242148931186	116.0	2.6829673697682637	-451.9615621814111
3.0	608.0	570.0	3.0313338226844575	0.08878914177174056	69.71646636448595	0.6404389979113714	6.8675242925112086	0.5134267605876587	0.09611527275769206	0.13436647549999903	311.2242148931186	116.0	2.6829673697682637	-451.9615621814111
3.0	608.0	570.0	0.8678020548057286	0.10675425612460508	120.0892307937488	0.5228896080518572	3.681087301220715	0.5228896076979596	0.09611527275769206	0.13436647549999903	311.2242148931186	116.0	2.6829673697682637	-451.9615621814111
4.0	618.0	570.0	3.132501944641935	0.2201320591934919	58.88990012998292	0.23615147791125676	3.6280587122929076	0.20554592486659826	0.0624044323387748	0.118181972591751	473.57106463321514	113.0	4.1908943772850895	-500.24549850846
4.0	618.0	570.0	2.758522883124568	0.07685879840223582	70.1567109542314	0.5631059319812894	6.365285570260843	0.4572975933003122	0.0624044323387748	0.118181972591751	473.57106463321514	113.0	4.1908943772850895	-500.24549850846
4.0	618.0	570.0	0.5410899124572398	0.07166135482000353	98.4193904291739	0.8620803158831392	5.568129259418045	0.9235882340728018	0.0624044323387748	0.118181972591751	473.57106463321514	113.0	4.1908943772850895	-500.24549850846
4.0	618.0	570.0	0.786570278842147	0.08099066233595635	119.02750232412515	0.5173552223871271	4.256179487045548	0.5324452716484217	0.0624044323387748	0.118181972591751	473.57106463321514	113.0	4.1908943772850895	-500.24549850846
4.0	628.0	570.0	3.996811925788018	0.12919438339021125	60.234877659246166	0.22596879190916483	4.225036075138747	0.15332726363183233	0.04928589813677276	0.09076538028178975	450.8593629057619	113.0	3.9899058664226716	-565.3883909324353
4.0	628.0	570.0	2.6017672970373926	0.074176333714878	71.71548428024857	0.44145592004682704	5.320058190495939	0.33289302616855754	0.04928589813677276	0.09076538028178975	450.8593629057619	113.0	3.9899058664226716	-565.3883909324353
4.0	628.0	570.0	0.6895166850152717	0.05394157501494864	98.7269812640671	0.5266238239667993	5.8084412084778245	0.5565086758563537	0.04928589813677276	0.09076538028178975	450.8593629057619	113.0	3.9899058664226716	-565.3883909324353
4.0	628.0	570.0	0.6171027894371021	0.06715682444209191	119.03024837721273	0.46822138853718387	3.6541814564978097	0.4767890860839814	0.04928589813677276	0.09076538028178975	450.8593629057619	113.0	3.9899058664226716	-565.3883909324353
2.0	638.0	570.0	3.9626094999799815	0.13910703989927825	63.29126771703008	0.1753119487792313	6.316251853086799	0.2358912776575497	0.062190118719770565	0.15555476828968567	785.1220038516159	119.0	6.597663897912739	-451.9872508986503
2.0	638.0	570.0	0.5568402727906606	0.05197338303535957	90.01499102563785	3.8439370808916347	17.19517150875907	3.5257690086533175	0.062190118719770565	0.15555476828968567	785.1220038516159	119.0	6.597663897912739	-451.9872508986503
2.0	648.0	570.0	3.8409682177165845	0.090284484334852	63.56807921171699	0.1845918263104784	6.800973304222292	0.18459284851395186	0.07949371053765965	0.17125913414838487	616.7810674511992	119.0	5.183034180262178	-420.78243017929407
2.0	648.0	570.0	0.5834374534513496	0.09993351974349961	104.67379922867097	1.0977339625230307	5.552678287867762	1.0977460475597756	0.07949371053765965	0.17125913414838487	616.7810674511992	119.0	5.183034180262178	-420.78243017929407
2.0	658.0	570.0	3.6804070228887977	0.08770206336836403	64.10941060080762	0.21279919591968074	7.734062291905177	0.2128014835820284	0.07545126551477783	0.17453505587201162	734.6470764646995	119.0	6.173504844241172	-411.97065603249143
2.0	658.0	570.0	0.649495225205721	0.12789880814156374	102.33261903505945	0.8268751773756792	3.636461774391659	0.8268805865705423	0.07545126551477783	0.17453505587201162	734.6470764646995	119.0	6.173504844241172	-411.97065603249143
1.0	668.0	570.0	3.4976202618676524	0.09001145393092527	65.14386973456236	0.2578538358026578	8.676560736515958	0.25785371458118267	0.105193560780694	0.18459317852136334	457.9302784546444	122.0	3.7535268725790525	-394.6878968683118
2.0	678.0	570.0	3.5066589838356017	0.08935112686234573	61.645797795472646	0.39971457459447884	6.398994839615271	0.3572481289039004	0.12495035748939867	0.14142534725627526	208.57496789672777	119.0	1.7527308226615779	-443.24972605855135
2.0	678.0	570.0	2.2520561340578054	0.13787995425636182	76.18933952031458	0.4786097514089401	4.607294660159238	0.3865401614507921	0.12495035748939867	0.14142534725627526	208.57496789672777	119.0	1.7527308226615779	-443.24972605855135
3.0	688.0	570.0	3.2883331631064214	0.07692146321068036	60.37553600664351	0.29196715373719323	6.182768148325661	0.28347301904852773	0.06665128021697928	0.13385537675182382	534.9201945463127	116.0	4.611380987468213	-475.7795600556703
3.0	688.0	570.0	2.315518507213096	0.09651895530708463	75.79167393638176	0.3467508449509847	4.645812539356272	0.3049352720447198	0.06665128021697928	0.13385537675182382	534.9201945463127	116.0	4.611380987468213	-475.7795600556703
3.0	688.0	570.0	0.5100940636011674	0.09513767426133687	104.0450760930768	0.8250462797779308	3.8305340807830737	0.8250503744848307	0.06665128021697928	0.13385537675182382	534.9201945463127	116.0	4.611380987468213	-475.7795600556703
3.0	698.0	570.0	2.802781136153913	0.07934575656111803	59.412067090067396	0.3724266188306375	6.870307588696505	0.3732278421029135	0.06234750155849079	0.14902027209376673	716.2613016432609	116.0	6.174666393476388	-455.9762886433736
3.0	698.0	570.0	1.6240124844162682	0.11154870840026314	75.40459334795509	0.4814725425059935	4.442703056026953	0.4312954756473372	0.06234750155849079	0.14902027209376673	716.2613016432609	116.0	6.174666393476388	-455.9762886433736
3.0	698.0	570.0	0.6383245780115241	0.09644107507436143	103.3730676101378	0.7620261683458684	4.367995137652027	0.7620511499575926	0.06234750155849079	0.14902027209376673	716.2613016432609	116.0	6.174666393476388	-455.9762886433736
4.0	708.0	570.0	1.3222468708056536	0.04875171783400196	50.02205067427001	0.6067925692672357	5.88974769841538	0.5249034850713311	0.06595325010301722	0.08025022190586371	186.88574513302086	113.0	1.6538561516196537	-602.643602614047
4.0	708.0	570.0	2.6850667247307887	0.14191231881195818	60.076273181118594	0.13082173673312572	2.8313100584859394	0.15125210213796345	0.06595325010301722	0.08025022190586371	186.88574513302086	113.0	1.6538561516196537	-602.643602614047
4.0	708.0	570.0	1.8800296309020161	0.04705195581248391	72.74280507267632	0.24272462933008465	5.980951457255684	0.2603757982778996	0.06595325010301722	0.08025022190586371	186.88574513302086	113.0	1.6538561516196537	-602.643602614047
4.0	708.0	570.0	0.5369567946093243	0.0514744942070136	104.19609635315275	0.5087573440743014	4.596141923718825	0.5088887278976318	0.06595325010301722	0.08025022190586371	186.88574513302086	113.0	1.6538561516196537	-602.643602614047
4.0	718.0	570.0	1.601454350545567	0.06305764378839236	49.36607358013888	0.4879661515533882	4.750181859737698	0.42344435982029344	0.0797605980932754	0.08996275518804739	173.5522701287202	113.0	1.535860797599294	-564.3750637047551
4.0	718.0	570.0	2.4027065300161325	0.1120964596315674	59.98392311870018	0.23248760654263914	3.3378090476336304	0.2505878870974808	0.0797605980932754	0.08996275518804739	173.5522701287202	113.0	1.535860797599294	-564.3750637047551
4.0	718.0	570.0	2.5138406140816665	0.057503790666702796	72.87941739160303	0.21938864263251315	5.368984167746287	0.22717244990274743	0.0797605980932754	0.08996275518804739	173.5522701287202	113.0	1.535860797599294	-564.3750637047551
4.0	718.0	570.0	0.48321873718871433	0.05455408332442147	101.11173911087496	0.7264388638879108	5.570795613538424	0.7301387951609776	0.0797605980932754	0.08996275518804739	173.5522701287202	113.0	1.535860797599294	-564.3750637047551
3.0	728.0	570.0	2.0618618263339203	0.04348401344868041	56.35374384502802	0.4603932129313242	10.238851605818864	0.4509213465495329	0.06916296381521082	0.09725849697897104	256.2094073454182	116.0	2.2087017874605017	-558.547052481936
3.0	728.0	570.0	2.157875732187019	0.0978839363790551	74.46600868270768	0.19240232726416803	4.326192191893323	0.2189462783437498	0.06916296381521082	0.09725849697897104	256.2094073454182	116.0	2.2087017874605017	-558.547052481936
3.0	728.0	570.0	0.7308517129310313	0.05421564933208094	97.02753150487257	0.5354352839916178	6.214060446834179	0.5559760975549397	0.06916296381521082	0.09725849697897104	256.2094073454182	116.0	2.2087017874605017	-558.547052481936
4.0	738.0	570.0	1.169518844289456	0.0696137090990498	40.47415701606488	0.38401013976665377	3.9673226733586002	0.3582269654635613	0.05884679271185896	0.0907280628655536	330.2609454159348	113.0	2.9226632337693346	-559.9726037017293
4.0	738.0	570.0	2.311244831389268	0.05899133189689044	55.92996640197572	0.23268012627023907	5.9041438795349865	0.36584309467132714	0.05884679271185896	0.0907280628655536	330.2609454159348	113.0	2.9226632337693346	-559.9726037017293
4.0	738.0	570.0	1.845866986343969	0.058301393044220585	74.04822442815025	0.27855827843590125	5.254431715118231	0.29999079300093745	0.05884679271185896	0.0907280628655536	330.2609454159348	113.0	2.9226632337693346	-559.9726037017293
4.0	738.0	570.0	0.8884980253842902	0.05400110399431129	97.24968876072442	0.4343287114597052	6.042950316067489	0.4592867267752225	0.05884679271185896	0.0907280628655536	330.2609454159348	113.0	2.9226632337693346	-559.9726037017293
4.0	748.0	570.0	1.1531645963254498	0.05984388691119512	43.53049245930885	0.8651516074150678	6.324889323512918	0.7565428681235348	0.07159643765760591	0.09273470481549222	259.78651338149126	113.0	2.2989956936415155	-540.9484688683103
4.0	748.0	570.0	2.054332229435826	0.1301624761490769	56.584815850046965	0.3093795998645392	3.930257428472646	0.338827834973993	0.07159643765760591	0.09273470481549222	259.78651338149126	113.0	2.2989956936415155	-540.9484688683103
4.0	748.0	570.0	1.1513996099226123	0.05773063906149164	72.08573317471178	0.5767315224115449	6.570942457580977	0.7623870708395624	0.07159643765760591	0.09273470481549222	259.78651338149126	113.0	2.2989956936415155	-540.9484688683103
4.0	748.0	570.0	0.6105167573239375	0.048012961738048324	99.07966832273185	1.0122957761898383	9.21374390824979	1.1082518330152271	0.07159643765760591	0.09273470481549222	259.78651338149126	113.0	2.2989956936415155	-540.9484688683103
6.0	118.0	580.0	0.1960920079483341	0.07899956348293981	-34.17358036188645	0.7497182245211338	1.3558151004763364	0.5913710391132223	0.0029670660552888507	0.07091195355520814	71399.44908554271	107.0	667.2845708929226	-619.1261265717324
6.0	118.0	580.0	2.237751640709927	0.06814622737919888	29.567455172622335	0.1065575800174656	2.7264025358404886	0.11146445556804281	0.0029670660552888507	0.07091195355520814	71399.44908554271	107.0	667.2845708929226	-619.1261265717324
6.0	118.0	580.0	0.7927120894804288	0.038974971771721836	48.8774491794587	0.42887971499065175	7.766864270918019	0.49636196737155314	0.0029670660552888507	0.07091195355520814	71399.44908554271	107.0	667.2845708929226	-619.1261265717324
6.0	118.0	580.0	0.5650360247954046	0.04461729480584853	16.666238177472263	0.6756546797308174	5.984404868893757	0.7762773884804133	0.0029670660552888507	0.07091195355520814	71399.44908554271	107.0	667.2845708929226	-619.1261265717324
6.0	118.0	580.0	0.10419079567910643	0.012897593850786026	109.72932994807626	17.81717859281738	82.62801010341553	18.86964099525117	0.0029670660552888507	0.07091195355520814	71399.44908554271	107.0	667.2845708929226	-619.1261265717324
6.0	118.0	580.0	0.1623342589549982	0.0709868964522703	189.84214103763352	1.0140365524396948	2.040904750898782	1.062416019642688	0.0029670660552888507	0.07091195355520814	71399.44908554271	107.0	667.2845708929226	-619.1261265717324
2.0	128.0	580.0	1.6915391622262954	0.07987486009856819	25.581229209496865	0.44939178249157946	8.078294215380174	0.47575795860974135	0.0623362471136236	0.16276565307595062	905.1724072640678	119.0	7.606490817345108	-433.6147255909331
2.0	128.0	580.0	0.8533522803107227	0.09010885697840128	54.36289242523891	0.7889914040186737	6.239830143341909	0.817553799995161	0.0623362471136236	0.16276565307595062	905.1724072640678	119.0	7.606490817345108	-433.6147255909331
3.0	138.0	580.0	1.9356229213108218	0.08655110449487938	27.82059849823044	0.34690751384388074	6.709171989713283	0.3546874558641569	0.058657866635201075	0.1626964013631093	989.1590234863879	116.0	8.52723296108955	-430.87550700919144
3.0	138.0	580.0	0.9646713597625405	0.09988427832939158	54.34619954521703	0.6257494247792295	5.0147958380473305	0.64488835794471	0.058657866635201075	0.1626964013631093	989.1590234863879	116.0	8.52723296108955	-430.87550700919144
3.0	138.0	580.0	0.14921853704765262	0.06710750500511159	86.97242772335873	5.992742607113646	11.40961122074805	6.365204449169329	0.058657866635201075	0.1626964013631093	989.1590234863879	116.0	8.52723296108955	-430.87550700919144
2.0	148.0	580.0	2.649100626647859	0.07824682548015482	30.81601328963918	0.13398356652115093	3.928295108953317	0.13405251268001617	0.05547192841962491	0.10525185301506007	549.3933903859485	119.0	4.6167511797138525	-525.1950549899051
2.0	148.0	580.0	0.9606655752694838	0.07364548211688635	54.455843519955444	0.392546706045339	4.434818851418961	0.3927653249895015	0.05547192841962491	0.10525185301506007	549.3933903859485	119.0	4.6167511797138525	-525.1950549899051
3.0	158.0	580.0	2.0915305376688256	0.057504607729832735	30.911592241012798	0.15618393870221714	4.919816807386106	0.15681369051848965	0.052347903914391036	0.09342066357331287	405.9993127423925	116.0	3.4999940753654526	-570.6409119922668
3.0	158.0	580.0	0.7958190421334088	0.05911826522807557	55.353281479219426	0.4037862562196653	4.657435778488628	0.4083143200698955	0.052347903914391036	0.09342066357331287	405.9993127423925	116.0	3.4999940753654526	-570.6409119922668
3.0	158.0	580.0	0.1817170939987578	0.04060721943909128	88.50317896704416	2.570975783139649	9.96959555330227	2.6277507874925017	0.052347903914391036	0.09342066357331287	405.9993127423925	116.0	3.4999940753654526	-570.6409119922668
3.0	168.0	580.0	1.5063432570460642	0.04393186002876183	31.15453869665363	0.23946584921504874	6.6948333889036356	0.2565659300187014	0.06470543558275874	0.08121331129576782	204.54099189338913	116.0	1.7632844128740444	-603.3554664039391
3.0	168.0	580.0	0.4973878092615489	0.04549755206660743	55.44302600454173	0.6997889910082354	6.183858822696718	0.7410346259044794	0.06470543558275874	0.08121331129576782	204.54099189338913	116.0	1.7632844128740444	-603.3554664039391
3.0	168.0	580.0	0.43423345254437723	0.0702102361064198	94.07660488388215	0.47327171443830257	2.5344651466286123	0.4732404615897085	0.06470543558275874	0.08121331129576782	204.54099189338913	116.0	1.7632844128740444	-603.3554664039391
3.0	198.0	580.0	0.8046155645658563	0.0725799129201376	20.785216692101454	0.3754387720476727	3.6008828502834733	0.379063961216794	0.11197974992711325	0.08606985264282631	103.18124543689677	116.0	0.8894934951456619	-551.7724185518219
3.0	198.0	580.0	1.3895605781566707	0.0734822697003192	37.87785590589893	0.2147022620671458	3.5130716118780665	0.21672723966657237	0.11197974992711325	0.08606985264282631	103.18124543689677	116.0	0.8894934951456619	-551.7724185518219
3.0	198.0	580.0	0.47993803539309543	0.08205094208078047	97.00965151153808	0.5535655575768843	2.804153216553247	0.5535670295775003	0.11197974992711325	0.08606985264282631	103.18124543689677	116.0	0.8894934951456619	-551.7724185518219
3.0	208.0	580.0	1.0738251562692174	0.08799042394443188	20.273558060536274	0.34914491236265194	3.6906010743101554	0.35000112690188934	0.13240790561339644	0.09120926849067616	111.54800023834824	116.0	0.9616206917098986	-500.1341073598413
3.0	208.0	580.0	1.3137349389417148	0.09375377058880166	38.51748638363344	0.2678541471312886	3.249834246242691	0.2684487529729049	0.13240790561339644	0.09120926849067616	111.54800023834824	116.0	0.9616206917098986	-500.1341073598413
3.0	208.0	580.0	0.5038016205251787	0.08412347704514106	97.63103760254069	0.7774667831335899	4.032003612427783	0.7774654478789063	0.13240790561339644	0.09120926849067616	111.54800023834824	116.0	0.9616206917098986	-500.1341073598413
2.0	238.0	580.0	1.8951092731134416	0.07138200581920684	47.77109445620485	0.23277246133610768	4.470596540018089	0.24302155215070648	0.094216891089552	0.09454351419676253	177.27780069931848	119.0	1.4897294176413318	-534.1515536822538
2.0	238.0	580.0	1.007064450643787	0.06763637122592657	64.22205293574548	0.46400281944130173	5.106717069080505	0.5010501198306747	0.094216891089552	0.09454351419676253	177.27780069931848	119.0	1.4897294176413318	-534.1515536822538
2.0	248.0	580.0	2.2499998333956777	0.07227736848960525	50.273005399114815	0.22424433864529222	4.132883115111402	0.2069588592961285	0.07870185854715024	0.0858121107286393	218.67392209809213	119.0	1.837595984017581	-552.901769810703
2.0	248.0	580.0	1.153879311158309	0.059980876464195775	64.79204906152745	0.5206446644755008	5.646706632389399	0.5319763041986835	0.07870185854715024	0.0858121107286393	218.67392209809213	119.0	1.837595984017581	-552.901769810703
1.0	258.0	580.0	2.0508602450066227	0.04862240590463424	56.005242155342366	0.2437965537555615	8.905712252646522	0.24379658986302563	0.07329788571807257	0.10755126526373429	282.46519047683546	122.0	2.3152884465314383	-545.4006804158076
2.0	268.0	580.0	1.9753718909374192	0.045707048868962506	57.491753750395574	0.24343501746087204	9.111978940056431	0.2434354165015088	0.08159165184537084	0.10269577784313691	201.03227485815083	119.0	1.689346847547486	-554.4012514462535
2.0	268.0	580.0	0.2943555035088161	0.09356759714359758	99.91494713965098	0.7976138665471995	2.1706331041320963	0.7959183409820311	0.08159165184537084	0.10269577784313691	201.03227485815083	119.0	1.689346847547486	-554.4012514462535
1.0	288.0	580.0	2.0366441622321383	0.08352325882030251	55.091402294167835	0.41294185720657905	8.718951548064556	0.41294147611628856	0.05542988286828938	0.17734936527654216	1427.0747242069222	122.0	11.697333804974772	-412.77557675611394
3.0	298.0	580.0	0.23059080926988224	0.03790389315760719	18.53357960159203	3.117618368841803	15.083091646294754	3.4740525644302025	0.05938781100880968	0.09748015661932029	392.38229335509294	116.0	3.382605977199077	-543.3609933188569
3.0	298.0	580.0	3.171992131668293	0.06461061783976191	52.37363050113478	0.16312030176941136	5.260400841516943	0.18124940320603808	0.05938781100880968	0.09748015661932029	392.38229335509294	116.0	3.382605977199077	-543.3609933188569
3.0	298.0	580.0	1.206524687610901	0.060467832851049015	70.10869463619687	0.4426460237832278	5.720169430314082	0.4625679262841654	0.05938781100880968	0.09748015661932029	392.38229335509294	116.0	3.382605977199077	-543.3609933188569
2.0	308.0	580.0	0.3223220577284061	0.12452473413159251	24.600002543734067	1.751247945207251	3.896202419408212	1.75895331993817	0.05836171385024886	0.1830089456400974	1246.7983322542334	119.0	10.47729690969944	-410.0593736954929
2.0	308.0	580.0	2.743232369132835	0.07819062189218218	56.92322377835593	0.3279533965460652	9.971959110103118	0.3333379715722608	0.05836171385024886	0.1830089456400974	1246.7983322542334	119.0	10.47729690969944	-410.0593736954929
1.0	318.0	580.0	2.919203945223734	0.06002013119177182	60.21880891694776	0.21111063710750497	8.89179985812015	0.2111105826910119	0.07694189221342627	0.13289269343558338	390.0171701633582	122.0	3.1968620505193295	-492.9415687850789
1.0	328.0	580.0	2.466572707006117	0.061903903731892876	63.05089567111218	0.22373392660179292	7.720218685182781	0.2237338881969595	0.10899403219501588	0.11344447707356493	179.5062569840865	122.0	1.4713627621646435	-502.87849620550264
1.0	338.0	580.0	2.2918647482456405	0.054391830824675025	65.43548593078184	0.18426547360787343	6.724271798226367	0.18426553958890712	0.0760022388685874	0.09715793363917939	248.23506305082307	122.0	2.0347136315641237	-552.4903207289774
1.0	348.0	580.0	2.3305055129004253	0.048629246452603886	65.53919448916939	0.17019620955715545	7.062921052704697	0.1701960356882235	0.06571191676316827	0.09167295433094595	278.8285049607354	122.0	2.285479548858487	-574.3333498691493
1.0	358.0	580.0	2.5843686305905424	0.06695448897004297	65.57457227459604	0.2173330411601635	7.264516120306537	0.21733293391932826	0.07571596894718989	0.13250808908608885	409.4689124052911	122.0	3.3563025606991075	-490.8731416992461
1.0	368.0	580.0	3.2480847063493905	0.10272817992271611	65.38206034155805	0.26273713624302447	7.1937656089489135	0.2627369543803718	0.06150981682686019	0.20521522763047076	1446.380280058949	122.0	11.855576066056958	-385.07642112254496
1.0	378.0	580.0	3.9851104912578084	0.12282534284056547	64.46785174256	0.2262232724240434	6.355828163987562	0.2262230000069121	0.05383050194006719	0.2261807149875288	2385.266268873852	122.0	19.551362859621737	-355.8847176125442
1.0	388.0	580.0	4.174411349386861	0.08752556768177197	65.04586623933127	0.18210062220352594	7.520911833744266	0.1821005093203782	0.052582841940800464	0.17280421804372648	1502.0591037962306	122.0	12.311959867182217	-419.55654728528975
1.0	398.0	580.0	3.929245454260538	0.05967153259780877	65.48066476649419	0.14924473953662257	8.510443981539227	0.14924469485915115	0.05943610575000334	0.11907184851836641	618.3186777331986	122.0	5.068185883059004	-499.8770682148326
1.0	408.0	580.0	3.124014433925444	0.054144136801499335	63.96794921769579	0.18878523227088015	9.432730820720433	0.18878517785544424	0.12136238726512602	0.0995070557281439	135.3320933526797	122.0	1.1092794537104893	-511.31632190280607
1.0	418.0	580.0	2.9745713539396896	0.07012682941181812	61.373335002707826	0.2622853150633499	9.633969474952409	0.26228518673605766	0.1466272979936589	0.12864484301158283	158.84877130334488	122.0	1.3020391090438104	-444.0104638307883
2.0	428.0	580.0	1.6214192457662424	0.19624986805139805	58.04507943619907	0.4033933454984669	4.201735066874211	0.5449011955382675	0.14446328737402572	0.12763777078864483	175.76244183172037	119.0	1.4769953095102553	-428.3681552163655
2.0	428.0	580.0	2.0948154573674946	0.18077969593424636	63.37924965053413	0.7153119220997705	12.405341564883996	0.593488704450912	0.14446328737402572	0.12763777078864483	175.76244183172037	119.0	1.4769953095102553	-428.3681552163655
2.0	438.0	580.0	2.735516379882764	0.21120699076346813	58.30548726173968	0.2729430244519301	3.544914632436525	0.3379024070916761	0.36105376468786626	0.16944443014632782	52.402134746847366	119.0	0.44035407350291905	-350.6410362847189
2.0	438.0	580.0	1.8684682825361694	0.15000939944948963	65.89724542702415	1.0298354091392048	13.481871315129686	0.7849944054009038	0.36105376468786626	0.16944443014632782	52.402134746847366	119.0	0.44035407350291905	-350.6410362847189
1.0	448.0	580.0	4.09630897469657	0.15829848425773965	60.27980513314973	0.3694979375284154	8.279417486938623	0.3694975884595964	0.36105376468786626	0.26408559910434143	114.72610800976281	122.0	0.9403779345062525	-259.4028646594898
1.0	458.0	580.0	5.7222752693913	0.14063702598656205	58.777691890362085	0.2275151480790585	8.016417725322587	0.2275150365466656	0.36105376468786626	0.24774190746733732	87.67367883904731	122.0	0.7186367117954697	-293.0186010505912
3.0	468.0	580.0	6.681403839868571	0.1715593987604431	58.4836991777561	0.10552680178121268	5.0110909149499205	0.13916920594963397	0.08328109792426228	0.15665380196353812	480.3974597456695	116.0	4.141357411600599	-433.53069227968604
3.0	468.0	580.0	1.9768385271428675	0.1504109617451799	66.18368473850894	0.8776307160461783	14.31955737483811	0.604077463058528	0.08328109792426228	0.15665380196353812	480.3974597456695	116.0	4.141357411600599	-433.53069227968604
3.0	468.0	580.0	0.5647074188434205	0.1348199653688376	194.54626155869553	0.740394901403704	2.688548129226286	0.7469450696728803	0.08328109792426228	0.15665380196353812	480.3974597456695	116.0	4.141357411600599	-433.53069227968604
3.0	478.0	580.0	8.908183555353743	0.26696325936393855	59.32609834893115	0.10249740714442239	4.584697833747083	0.13985204923796685	0.07874128270315793	0.20575152444515593	920.6478765621018	116.0	7.936619625535361	-366.23622109868745
3.0	478.0	580.0	2.396295669603599	0.19286485701258174	68.55360829409416	1.1531631786527365	11.948111420441657	0.5994993066467026	0.07874128270315793	0.20575152444515593	920.6478765621018	116.0	7.936619625535361	-366.23622109868745
3.0	478.0	580.0	0.5511733608025623	0.1774793610645173	194.42463893869822	0.9860215862536299	2.6541605449220995	0.9923400624147938	0.07874128270315793	0.20575152444515593	920.6478765621018	116.0	7.936619625535361	-366.23622109868745
1.0	488.0	580.0	10.674903107546976	0.2340586630298266	61.555882113209606	0.15103510544618584	5.9652068772976445	0.1510350118178658	0.052715369748120335	0.41106926767314544	8476.73841642174	122.0	69.48146242968639	-202.61614287107636
5.0	498.0	580.0	0.0921141719296356	0.03443012240808727	-16.89651828883555	18.1541868227375	32.301089820015385	23.89339853513172	0.06310198454214	0.12847251962064352	518.148063573634	110.0	4.71043694157849	-478.603682429808
5.0	498.0	580.0	9.500185858786882	0.6323685629455211	61.60374133231265	0.061646285633135504	3.7584682281386517	0.13245950171761828	0.06310198454214	0.12847251962064352	518.148063573634	110.0	4.71043694157849	-478.603682429808
5.0	498.0	580.0	3.1846079333360824	0.3360232174742103	69.5197537446321	1.2996367862396312	7.396372588241899	0.7842237148438375	0.06310198454214	0.12847251962064352	518.148063573634	110.0	4.71043694157849	-478.603682429808
5.0	498.0	580.0	0.1900423167870059	0.037096979113520646	105.13561868668842	13.010987751354921	26.512573554511174	17.322640400560797	0.06310198454214	0.12847251962064352	518.148063573634	110.0	4.71043694157849	-478.603682429808
5.0	498.0	580.0	0.5673497123357872	5.684454784865057	245.7046453916562	431.4203596765896	35.044430520079054	130.92484575064785	0.06310198454214	0.12847251962064352	518.148063573634	110.0	4.71043694157849	-478.603682429808
2.0	508.0	580.0	10.738426245255592	0.22611662780546163	63.06942677875304	0.10525059253081859	4.004522711533621	0.09666926265871077	0.09610630593225158	0.21991452190572616	722.3761909942134	119.0	6.070388159615239	-353.58418401565274
2.0	508.0	580.0	1.9434923185451862	0.11852208295994657	77.70433413882209	0.9872985582273521	7.291664016970326	0.9428195653247532	0.09610630593225158	0.21991452190572616	722.3761909942134	119.0	6.070388159615239	-353.58418401565274
2.0	518.0	580.0	9.84869886631771	0.16555102018228487	63.77527198786785	0.1222110021569178	4.58339069710459	0.12028485066033316	0.10442596878186945	0.2540604241951079	792.0003656951491	119.0	6.65546525794243	-321.32634389810187
2.0	518.0	580.0	3.2025491033622115	0.15025403169924484	80.06104330244197	0.4170115393420117	5.707546870085915	0.4406047307276877	0.10442596878186945	0.2540604241951079	792.0003656951491	119.0	6.65546525794243	-321.32634389810187
2.0	528.0	580.0	7.182216372887074	0.56658964673628	61.91862306940749	0.261879574200323	4.740617005310385	0.2271149713832835	0.07214171188343435	0.23007295465690464	1302.2456689657192	119.0	10.943240915678313	-351.6273848474112
2.0	528.0	580.0	4.440389128098583	0.1849808165173106	74.88158626937464	1.0819846933617439	8.09140214370123	0.7326901462439969	0.07214171188343435	0.23007295465690464	1302.2456689657192	119.0	10.943240915678313	-351.6273848474112
2.0	538.0	580.0	6.646647085599317	0.3144573599392268	59.34983115793598	0.12965158251708106	3.773911134273537	0.1580376475752006	0.058994329912993526	0.2039650947409425	1496.103057357975	119.0	12.572294599646849	-384.57845787581607
2.0	538.0	580.0	5.4620780877976784	0.10243056548870973	72.6375590171303	0.470215357726598	8.354489460012122	0.39250774846458814	0.058994329912993526	0.2039650947409425	1496.103057357975	119.0	12.572294599646849	-384.57845787581607
2.0	548.0	580.0	6.5250181990592315	0.16314798990890161	58.14296707108099	0.13141014118557828	4.302062957621306	0.12150814898244489	0.06466699284885012	0.15845344111099832	861.2904777219612	119.0	7.2377351069072375	-430.6494663885971
2.0	548.0	580.0	5.86297211873555	0.08357584610138584	73.88064326993843	0.2536347952615559	7.923969832404378	0.24129020024714554	0.06466699284885012	0.15845344111099832	861.2904777219612	119.0	7.2377351069072375	-430.6494663885971
2.0	558.0	580.0	7.936095394492387	0.17400061781217338	55.32189993548517	0.1133403460367069	3.9099632244514098	0.11214248280584398	0.05166698078713952	0.22281200095872544	2554.7005423884775	119.0	21.468071784777123	-350.850159102583
2.0	558.0	580.0	6.326023746090251	0.11524855371614973	72.92307463301904	0.21906860294992345	7.914554199680154	0.2386585925412481	0.05166698078713952	0.22281200095872544	2554.7005423884775	119.0	21.468071784777123	-350.850159102583
2.0	568.0	580.0	9.13891736562848	0.1630731774321763	54.533146962422975	0.0950220413350023	3.9691834488081295	0.09541630651130341	0.10010145198977868	0.2409885322655601	728.9910625478919	119.0	6.125975315528504	-342.2624405926917
2.0	568.0	580.0	5.657943541467195	0.1273094891030616	72.89103750978056	0.19930812329090009	6.84627500116932	0.22090244632079473	0.10010145198977868	0.2409885322655601	728.9910625478919	119.0	6.125975315528504	-342.2624405926917
3.0	578.0	580.0	7.649386522595313	0.1391949593773684	54.63987845322383	0.11907053494844434	4.819943861008988	0.12360260762437758	0.07807728262648063	0.22430921083134847	1036.6477702961245	116.0	8.936618709449348	-353.51959870791586
3.0	578.0	580.0	5.610691174647399	0.127705778343688	73.34534745905557	0.17781544390790252	5.935013300873866	0.19366629626000867	0.07807728262648063	0.22430921083134847	1036.6477702961245	116.0	8.936618709449348	-353.51959870791586
3.0	578.0	580.0	1.1125854208413497	0.16090461750943755	124.53708609402238	0.5947548981337888	3.5614650976287985	0.5947547230588691	0.07807728262648063	0.22430921083134847	1036.6477702961245	116.0	8.936618709449348	-353.51959870791586
4.0	588.0	580.0	5.331513932281758	0.07365409722278565	58.05568764220051	0.13559533515397315	6.4840741993585	0.14672534947667465	0.05058631312412348	0.13117649690623384	855.4878725896662	113.0	7.570689137961647	-478.8130709241365
4.0	588.0	580.0	5.969249490476059	0.09474544545499984	74.57681062485314	0.10268271985243677	4.029331546401752	0.11664531044451026	0.05058631312412348	0.13117649690623384	855.4878725896662	113.0	7.570689137961647	-478.8130709241365
4.0	588.0	580.0	0.9285110004523014	0.07738798678213991	90.39662882913763	0.7280672030600138	5.8311541651466205	0.786001340435732	0.05058631312412348	0.13117649690623384	855.4878725896662	113.0	7.570689137961647	-478.8130709241365
4.0	588.0	580.0	2.0370516355731847	0.08315483285162702	123.38468172933072	0.22353222967452602	4.742295173135374	0.22354625845220918	0.05058631312412348	0.13117649690623384	855.4878725896662	113.0	7.570689137961647	-478.8130709241365
4.0	598.0	580.0	4.298375168058586	0.05122798314400092	61.311340884515936	0.1369356436787606	5.87646806455394	0.13628791110512847	0.06292118747528044	0.08687203779275704	243.7880714673747	113.0	2.157416561658183	-581.1841738851515
4.0	598.0	580.0	4.314927483762456	0.07355108906319471	74.93230384114887	0.10032860773989487	3.7482111171841446	0.1059662627110515	0.06292118747528044	0.08687203779275704	243.7880714673747	113.0	2.157416561658183	-581.1841738851515
4.0	598.0	580.0	0.714546082794945	0.05025394740638691	91.71420948035899	0.5726990074484724	6.122489367130526	0.6338984905242294	0.06292118747528044	0.08687203779275704	243.7880714673747	113.0	2.157416561658183	-581.1841738851515
4.0	598.0	580.0	2.301492063806613	0.05847770805435405	121.9938078131898	0.1240565149544156	4.228289809420883	0.12409632411017438	0.06292118747528044	0.08687203779275704	243.7880714673747	113.0	2.157416561658183	-581.1841738851515
4.0	608.0	580.0	3.523846682344223	0.06991393105018322	61.39351137999166	0.2963700374791061	5.614452156678345	0.24685508295751557	0.06497715191499269	0.10291920335559084	354.5238134599904	113.0	3.137378880176906	-526.3364580349922
4.0	608.0	580.0	2.7018445872425914	0.10005712759358694	74.54584816814744	0.31759378394311205	4.495065914680763	0.25646780994881185	0.06497715191499269	0.10291920335559084	354.5238134599904	113.0	3.137378880176906	-526.3364580349922
4.0	608.0	580.0	0.6995789946391732	0.06574274785119225	95.90348311128808	0.5797600178996362	5.295601707524549	0.603291342347889	0.06497715191499269	0.10291920335559084	354.5238134599904	113.0	3.137378880176906	-526.3364580349922
4.0	608.0	580.0	1.897106992987414	0.07701845598042602	121.39434212156516	0.17724261651261444	3.780752415106483	0.17735199668702736	0.06497715191499269	0.10291920335559084	354.5238134599904	113.0	3.137378880176906	-526.3364580349922
4.0	618.0	580.0	3.3138816534122792	0.11323974734112469	59.66883001611731	0.31737057206138725	4.610473051904482	0.24133605343385148	0.0639533642104323	0.11534898497962864	484.7655886493222	113.0	4.289960961498426	-491.19560777465364
4.0	618.0	580.0	2.755669755904354	0.08268608653484207	72.80529978233643	0.43732849703537574	5.48941612673362	0.36978763294784583	0.0639533642104323	0.11534898497962864	484.7655886493222	113.0	4.289960961498426	-491.19560777465364
4.0	618.0	580.0	0.8236871741376978	0.07443339572229357	98.29510526510707	0.5712589999326708	5.454094542622726	0.5908327459919677	0.0639533642104323	0.11534898497962864	484.7655886493222	113.0	4.289960961498426	-491.19560777465364
4.0	618.0	580.0	1.6736796789093356	0.08745755325911975	120.92469381671148	0.2355174055430549	3.8944346889315886	0.23719565603510548	0.0639533642104323	0.11534898497962864	484.7655886493222	113.0	4.289960961498426	-491.19560777465364
4.0	628.0	580.0	3.7427521487647257	0.0791750535297956	59.80056484414383	0.20450824893817268	4.5571349783562995	0.15607169474046662	0.054440535800300685	0.08400026370480973	344.4448705696975	113.0	3.0481846953070577	-574.1733113962779
4.0	628.0	580.0	2.7243975429658023	0.06251697569140655	72.47725001016182	0.3120665509767809	5.1916503246611905	0.2541663970563815	0.054440535800300685	0.08400026370480973	344.4448705696975	113.0	3.0481846953070577	-574.1733113962779
4.0	628.0	580.0	1.0711072229980751	0.05588073004563131	98.50056098456517	0.29614306920867656	4.915840422080543	0.29828235335980313	0.054440535800300685	0.08400026370480973	344.4448705696975	113.0	3.0481846953070577	-574.1733113962779
4.0	628.0	580.0	1.216030504072901	0.06876601010192755	121.03271569067843	0.21125399524792676	3.2346075610208453	0.21142077266564854	0.054440535800300685	0.08400026370480973	344.4448705696975	113.0	3.0481846953070577	-574.1733113962779
2.0	638.0	580.0	3.6268464688142665	0.11052652134919047	63.43965874192015	0.26838521231870494	7.720434667322753	0.27584809987778897	0.06643865728026209	0.17165711965299124	837.0872691813317	119.0	7.0343467998431235	-427.45536257977017
2.0	638.0	580.0	0.6315315620173967	0.05814664051418917	96.00110310469222	2.9313459770796593	16.813132661674516	2.9941579507710547	0.06643865728026209	0.17165711965299124	837.0872691813317	119.0	7.0343467998431235	-427.45536257977017
2.0	648.0	580.0	3.5506677376567666	0.08033539574631073	63.925384105738466	0.21234790649975918	8.129116814204549	0.2130058916799171	0.0702847889962454	0.17068651616052855	745.412219586852	119.0	6.263968231822285	-427.8851493059731
2.0	648.0	580.0	0.6645471096095854	0.0857700237737416	103.51304253342728	1.0625369622552001	7.131611856834841	1.0655065196590285	0.0702847889962454	0.17068651616052855	745.412219586852	119.0	6.263968231822285	-427.8851493059731
2.0	658.0	580.0	3.560590120143458	0.09246640879466475	64.46590101123999	0.23870056086287458	7.9603890096846115	0.2387107132904136	0.08725661697332235	0.19156782038641978	628.4769563499633	119.0	5.281318960924061	-395.14040278595036
2.0	658.0	580.0	0.7787725129270503	0.13918673178347704	101.40931446400066	0.725041767079096	3.512972808632515	0.725057876823204	0.08725661697332235	0.19156782038641978	628.4769563499633	119.0	5.281318960924061	-395.14040278595036
3.0	668.0	580.0	3.5837163345774874	0.09511051694475432	64.54956560315829	0.2791869880485824	7.537466918870317	0.3106674226475474	0.11368927349314094	0.1633961349141363	332.7866871539373	116.0	2.8688507513270456	-401.6078423473249
3.0	668.0	580.0	0.9898349883582351	0.18041227860756912	79.14148521176018	0.4870804408649378	2.384362544404144	0.5380531682051519	0.11368927349314094	0.1633961349141363	332.7866871539373	116.0	2.8688507513270456	-401.6078423473249
3.0	668.0	580.0	0.5169878829142024	0.14409933552608448	102.02650485210577	0.9727932180836831	3.022535306312136	0.9727964482342222	0.11368927349314094	0.1633961349141363	332.7866871539373	116.0	2.8688507513270456	-401.6078423473249
2.0	678.0	580.0	3.629272171810727	0.07185960787619575	62.57911773124692	0.26891839136524637	6.880285159896495	0.26803193446441037	0.11489110994829063	0.13288327695855634	176.51448344077562	119.0	1.4833149868972741	-485.09460353544074
2.0	678.0	580.0	2.1841756536545236	0.11581463473659694	77.44195801745056	0.2971249068271159	3.9839683596906985	0.27060207318315277	0.11489110994829063	0.13288327695855634	176.51448344077562	119.0	1.4833149868972741	-485.09460353544074
3.0	688.0	580.0	3.665438458213894	0.0725512060003056	61.7956696266132	0.21285290144617672	6.354863034422137	0.22284727448981761	0.06592128617057963	0.1258062536369438	493.8432867324358	116.0	4.257269713210653	-488.5201912031384
3.0	688.0	580.0	2.2632971374522652	0.09595416003847802	77.13348830719158	0.2635020494395946	4.027977323255226	0.24556598348397754	0.06592128617057963	0.1258062536369438	493.8432867324358	116.0	4.257269713210653	-488.5201912031384
3.0	688.0	580.0	0.5432504655541788	0.08752991073663956	104.46831255870116	0.7601902989703965	4.089377182722235	0.7602071308122973	0.06592128617057963	0.1258062536369438	493.8432867324358	116.0	4.257269713210653	-488.5201912031384
3.0	698.0	580.0	3.2626324856235907	0.07789089585596892	61.46439192596427	0.3612849924324229	7.090494984819754	0.3488945659302849	0.05580807089747543	0.1478843521144969	881.8244258668187	116.0	7.601934705748437	-457.6840732816136
3.0	698.0	580.0	1.416132770873813	0.13132639927902998	76.58719806360332	0.5505984366290391	4.218783093794506	0.4883848213133894	0.05580807089747543	0.1478843521144969	881.8244258668187	116.0	7.601934705748437	-457.6840732816136
3.0	698.0	580.0	0.7868520356871047	0.09733168597675886	103.67485967154263	0.6042114338586008	4.230248106930486	0.6042254866832152	0.05580807089747543	0.1478843521144969	881.8244258668187	116.0	7.601934705748437	-457.6840732816136
3.0	708.0	580.0	2.8435601707453895	0.07277983260825038	61.25261483459481	0.721823463077755	9.303023936583488	0.5978526765701327	0.06019425557211343	0.14837302476012224	779.2939987297028	116.0	6.718051713187093	-454.2200406775397
3.0	708.0	580.0	1.048770304701211	0.22710221242085302	75.8550640328708	0.6329149686855063	4.152584902601491	0.7927923998313675	0.06019425557211343	0.14837302476012224	779.2939987297028	116.0	6.718051713187093	-454.2200406775397
3.0	708.0	580.0	0.6152004419007511	0.09864056405914282	104.51631202870179	0.7840910927560084	4.234740454427695	0.7842668460588622	0.06019425557211343	0.14837302476012224	779.2939987297028	116.0	6.718051713187093	-454.2200406775397
3.0	718.0	580.0	1.7704749010876544	0.05510244235977525	49.4829106569052	0.35008778685085745	4.511313044102752	0.31274522255598963	0.05647533438251167	0.08045451261774436	267.8065405954033	116.0	2.3086770740983042	-603.6787166602815
3.0	718.0	580.0	2.4827147770106923	0.13401994856482646	59.747305692025336	0.18847411112424348	3.1804422623010646	0.21263842775796793	0.05647533438251167	0.08045451261774436	267.8065405954033	116.0	2.3086770740983042	-603.6787166602815
3.0	718.0	580.0	2.2948565777009864	0.04643856891515411	71.5086481473698	0.33343970763914166	6.453965616736421	0.2998206542724222	0.05647533438251167	0.08045451261774436	267.8065405954033	116.0	2.3086770740983042	-603.6787166602815
2.0	728.0	580.0	2.3770929659843225	0.06024700953386966	56.39119299851789	0.3975348834176307	8.90534689169134	0.41325990987387556	0.06222958359225674	0.12839056261076548	545.4188377071404	119.0	4.5833515773709275	-497.36429458640447
2.0	728.0	580.0	1.4144133926825642	0.09204081865180748	76.01160212577777	0.4472583539506388	4.932784086465098	0.4217611921975927	0.06222958359225674	0.12839056261076548	545.4188377071404	119.0	4.5833515773709275	-497.36429458640447
3.0	738.0	580.0	1.2618940672613808	0.11075661770599385	48.59928710329054	2.371520193958387	8.985588895056335	1.4643513681611502	0.05834513489697981	0.10767912782822724	452.7564837262819	116.0	3.9030731355713955	-529.8995230106295
3.0	738.0	580.0	1.9716025979513725	0.32737026325096713	57.80409752803195	0.20744121901645363	3.379200481547005	0.3891827200742515	0.05834513489697981	0.10767912782822724	452.7564837262819	116.0	3.9030731355713955	-529.8995230106295
3.0	738.0	580.0	1.072914154833293	0.07180821043691202	75.04179988637283	0.9149275201221585	7.151741090893484	0.7215420877770006	0.05834513489697981	0.10767912782822724	452.7564837262819	116.0	3.9030731355713955	-529.8995230106295
