ncomps	x	y	amplitude	err amplitude	shift	err shift	width	err width	rms	residual	chisq	dof	redchisq	aic
1.0	638.0	530.0	4.252537197324243	0.1185023915660394	63.45105965529415	0.21535221416897887	6.6921095398416695	0.21535202622952765	0.1736603609045819	0.22945399846388326	224.62323419023343	122.0	1.8411740507396184	-358.3996157035076
1.0	648.0	530.0	3.8503125911731257	0.07098220699934595	62.512047324332734	0.16494992934621555	7.748368316545614	0.16494987381411916	0.0908742560101707	0.15003685405910888	340.7639823946395	122.0	2.793147396677373	-468.2100867042973
2.0	658.0	530.0	3.4807385411477276	0.0640889437822383	61.13735616423164	0.16966283788311798	7.980051473557314	0.16966287504165833	0.09112585226644786	0.13457748518383064	277.5168075996054	119.0	2.332074013442062	-486.47059934086155
2.0	658.0	530.0	0.6760150052439434	0.11840020189711577	101.27918877766916	0.47298707512740296	2.337773329800969	0.4731161944080766	0.09112585226644786	0.13457748518383064	277.5168075996054	119.0	2.332074013442062	-486.47059934086155
1.0	668.0	530.0	2.990074892517108	0.0767672931131648	60.81413827847823	0.251295372788687	8.477610305060592	0.25129557726026747	0.11886115038594576	0.16138779388687804	254.87340258691907	122.0	2.0891262507124515	-437.39316463187885
2.0	678.0	530.0	2.831881855337496	0.0636699403742457	62.263919438633984	0.24249525602083818	9.341725846218871	0.2429398521713964	0.060154456013205994	0.14518425834596393	735.0509935721192	119.0	6.176899105648061	-468.54480768471944
2.0	678.0	530.0	0.5270110251999394	0.06639143353553649	110.09791980503408	1.2498645294090402	8.587469242588412	1.252014703503947	0.060154456013205994	0.14518425834596393	735.0509935721192	119.0	6.176899105648061	-468.54480768471944
2.0	688.0	530.0	2.8185024757834487	0.07094818682120846	64.45738348640779	0.24708746761615027	8.48689154271299	0.2491839464466883	0.06452221319217018	0.15182207204284637	718.5639728968785	119.0	6.038352713419147	-453.8569414424438
2.0	688.0	530.0	0.6926887277530954	0.0642728769373811	109.72842998724526	1.1099154917884109	10.355891860232914	1.1214209016770023	0.06452221319217018	0.15182207204284637	718.5639728968785	119.0	6.038352713419147	-453.8569414424438
3.0	698.0	530.0	2.7249613926199414	0.07625692659812108	64.92505134255981	0.22816051325136677	7.06159544256483	0.22819648754380084	0.0776213626274822	0.14978288840193102	467.02917579680144	116.0	4.026113584455185	-454.65318296122257
3.0	698.0	530.0	0.502544565426695	0.0916065086684006	101.29058293814849	1.0807244012297181	5.037743694114882	1.142896374058188	0.0776213626274822	0.14978288840193102	467.02917579680144	116.0	4.026113584455185	-454.65318296122257
3.0	698.0	530.0	0.3257895748610309	0.10315913861188579	119.33264050785398	1.4794190773009315	3.9063878996642645	1.5325715823608956	0.0776213626274822	0.14978288840193102	467.02917579680144	116.0	4.026113584455185	-454.65318296122257
1.0	708.0	530.0	2.3731428878407157	0.07256124090713638	64.44199700964401	0.2798734436933041	7.9259677139630575	0.27987315891064124	0.11512636206974354	0.15497321567997197	226.96824504116594	122.0	1.860395451157098	-459.8691907245971
3.0	738.0	530.0	1.9849622131434583	0.03802134398380908	65.24553134585103	0.1975169847392186	8.93102402794644	0.1976174014201051	0.06586319677150972	0.08336412425002335	203.91478317473138	116.0	1.7578860618511327	-599.3050937217307
3.0	738.0	530.0	0.2458109518746108	0.0716335030657048	99.18339661176296	0.8467638979500417	2.5142600347738284	0.8469131424933519	0.06586319677150972	0.08336412425002335	203.91478317473138	116.0	1.7578860618511327	-599.3050937217307
3.0	738.0	530.0	0.3250334616570406	0.0657280495611663	124.80852906567209	0.6976104024034178	2.9875954336785417	0.697610593235208	0.06586319677150972	0.08336412425002335	203.91478317473138	116.0	1.7578860618511327	-599.3050937217307
2.0	748.0	530.0	2.282621917394317	0.05946887071608765	67.10244452399118	0.314479541471357	10.453875861302453	0.31447959441767775	0.0595051560235293	0.13881080290750153	734.076758688672	119.0	6.168712257888	-471.42373146071714
2.0	748.0	530.0	0.3946086210381795	0.09205615992028458	124.79752082830782	1.1751722248266132	4.362558336102779	1.1751720183888328	0.0595051560235293	0.13881080290750153	734.076758688672	119.0	6.168712257888	-471.42373146071714
3.0	758.0	530.0	1.599186148804732	0.08215140584199493	55.99698373370645	0.21979976302723225	3.3104125932733783	0.2213174995761519	0.06236854759369316	0.09932051371044248	350.1492504792806	116.0	3.018528021373109	-545.3526069936242
3.0	758.0	530.0	2.3059288749402493	0.05488239739376731	72.31371865127883	0.2352029436294123	7.14211259659667	0.26128024808734895	0.06236854759369316	0.09932051371044248	350.1492504792806	116.0	3.018528021373109	-545.3526069936242
3.0	758.0	530.0	0.24480841216700727	0.05254370633675898	125.25618891440969	1.7840241200902718	7.198139186301015	1.7840237272967328	0.06236854759369316	0.09932051371044248	350.1492504792806	116.0	3.018528021373109	-545.3526069936242
2.0	118.0	540.0	1.9331764532401727	0.0987615457878406	28.43249137233459	0.1807711921799995	3.628450391974874	0.23154083416345705	0.07311208717270616	0.11255221051204013	310.28879496489117	119.0	2.607468865251186	-527.5798138707476
2.0	118.0	540.0	0.8048180100177187	0.04138459152080054	46.00335559308402	1.4061955154712178	15.793171343894418	1.1137406746180885	0.07311208717270616	0.11255221051204013	310.28879496489117	119.0	2.607468865251186	-527.5798138707476
2.0	128.0	540.0	2.437555468205319	0.0604721352657709	28.492225910255648	0.1357136886098141	4.53061500735236	0.13776406206481026	0.06136733213698719	0.09490193493717819	306.06189211199694	119.0	2.5719486732100583	-573.0733436689933
2.0	128.0	540.0	0.5353906810522299	0.0383807703332675	58.824720245285455	0.9861041549495387	11.646676972476055	1.0660539307952954	0.06136733213698719	0.09490193493717819	306.06189211199694	119.0	2.5719486732100583	-573.0733436689933
4.0	138.0	540.0	2.5121879688385698	0.052656642126287755	27.530072862697004	0.11776389906146151	4.865955124767758	0.1178161121948164	0.06681714714821115	0.08377316064746845	201.70591987124155	113.0	1.785008140453465	-589.8510379616804
4.0	138.0	540.0	0.4872075864162894	0.09318791258991264	53.109099563194185	0.9964997728229107	3.974110428813839	0.8460437726931141	0.06681714714821115	0.08377316064746845	201.70591987124155	113.0	1.785008140453465	-589.8510379616804
4.0	138.0	540.0	0.3452145987895452	0.04813046874220896	66.83710453707927	2.157189735618707	6.5979235081694005	2.478448510099817	0.06681714714821115	0.08377316064746845	201.70591987124155	113.0	1.785008140453465	-589.8510379616804
4.0	138.0	540.0	0.1715666537931103	0.32943711982426155	75.58653748634578	2.9070723619851973	0.8907006353613027	2.383295336813812	0.06681714714821115	0.08377316064746845	201.70591987124155	113.0	1.785008140453465	-589.8510379616804
4.0	148.0	540.0	2.7949022791726823	0.05145121720894138	28.162130953902043	0.10752168678712562	5.045538277297332	0.10921455314729192	0.06406746101684282	0.08412299446887112	215.5698751504861	113.0	1.9076980101812928	-592.0475330201322
4.0	148.0	540.0	0.5106064921611733	0.15512776482805132	53.33247523698559	2.466792076672953	5.3578099333543285	1.5390724444413273	0.06406746101684282	0.08412299446887112	215.5698751504861	113.0	1.9076980101812928	-592.0475330201322
4.0	148.0	540.0	0.5138038237997076	0.1946982847523199	67.38093778340439	3.4201143083115046	6.827018313123209	2.274909482999095	0.06406746101684282	0.08412299446887112	215.5698751504861	113.0	1.9076980101812928	-592.0475330201322
4.0	148.0	540.0	-0.37213836774485476	0.16756116099265886	67.46159305602036	0.6713068055480045	2.0066111372913076	0.9068084867726988	0.06406746101684282	0.08412299446887112	215.5698751504861	113.0	1.9076980101812928	-592.0475330201322
2.0	158.0	540.0	2.163354416348053	0.054079908127369895	29.10847124608624	0.1451766575046473	5.024639962709783	0.1457439830576756	0.0634147935205519	0.09037663283730464	256.48207262302924	119.0	2.1553115346473044	-586.9595336412939
2.0	158.0	540.0	0.7414438896698208	0.04573603239552904	59.53817950738992	0.5008375118153762	7.034860682582247	0.5035030205558272	0.0634147935205519	0.09037663283730464	256.48207262302924	119.0	2.1553115346473044	-586.9595336412939
2.0	188.0	540.0	2.1082336474236056	0.08382537073223799	38.704272700677514	0.21162873987248415	4.609647120237235	0.21168834883304544	0.09847507389155075	0.12884994219878845	234.79847984524883	119.0	1.9730964692878052	-487.97435598783187
2.0	188.0	540.0	1.5681973285281992	0.12115467141789546	59.002596003932126	0.19694983417311632	2.208609299417247	0.1972885073696104	0.09847507389155075	0.12884994219878845	234.79847984524883	119.0	1.9730964692878052	-487.97435598783187
2.0	198.0	540.0	2.5371385542060954	0.07575783720449393	41.05278382001035	0.18794666784715083	5.2332052387601316	0.20105650512030354	0.06545242779812492	0.1273405244395115	476.303622246406	119.0	4.0025514474487895	-501.67833700722747
2.0	198.0	540.0	1.0472907480130675	0.08149200942702112	59.74512934564995	0.4229468021637359	4.450432274671836	0.44367302630001504	0.06545242779812492	0.1273405244395115	476.303622246406	119.0	4.0025514474487895	-501.67833700722747
6.0	208.0	540.0	0.17101689977370949	0.05427954148510085	-0.6150907156118541	3.5035811036052915	9.557139934343464	3.50596531133509	0.04896624525930482	0.1192940990427717	742.3107691930975	107.0	6.937483824234556	-489.0214118659025
6.0	208.0	540.0	2.1320701052735025	0.23996971885513232	40.34602412248018	0.3337846403138703	4.519929130245848	0.3729647767767122	0.04896624525930482	0.1192940990427717	742.3107691930975	107.0	6.937483824234556	-489.0214118659025
6.0	208.0	540.0	1.134097775273378	0.07118681459073575	54.36129081304887	1.884923503622748	8.937587148926083	1.4487322711441215	0.04896624525930482	0.1192940990427717	742.3107691930975	107.0	6.937483824234556	-489.0214118659025
6.0	208.0	540.0	0.28715211608677116	0.102979576354103	88.74492547368358	1.133387595334964	2.8058046122283753	1.2089881268380636	0.04896624525930482	0.1192940990427717	742.3107691930975	107.0	6.937483824234556	-489.0214118659025
6.0	208.0	540.0	0.12768040191180227	0.03354948342544033	141.13409324094846	9.605809696129558	29.401531037163807	12.623199598272917	0.04896624525930482	0.1192940990427717	742.3107691930975	107.0	6.937483824234556	-489.0214118659025
6.0	208.0	540.0	0.16706086948157378	0.08881571874655013	190.43287743204274	2.345775028049769	4.043456761640539	2.6386478413250005	0.04896624525930482	0.1192940990427717	742.3107691930975	107.0	6.937483824234556	-489.0214118659025
2.0	218.0	540.0	1.8943922306640582	0.08066119595813315	45.23436397383175	0.4274085359744797	6.080325103234653	0.439121895137727	0.07305255969843714	0.14612830499509122	502.6969929951535	119.0	4.2243444789508695	-467.47292939384226
2.0	218.0	540.0	0.962382017984595	0.08529284371564125	63.086935049859676	0.7929221388930994	5.373729635695345	0.7795090720188911	0.07305255969843714	0.14612830499509122	502.6969929951535	119.0	4.2243444789508695	-467.47292939384226
3.0	238.0	540.0	0.2319902207415285	0.047713340024523467	13.429529684930497	0.9275802595898565	3.9013311848372627	0.9275562013863969	0.053895024147780655	0.06975627783996347	209.71972331704274	116.0	1.8079286492848512	-645.9317816447473
3.0	238.0	540.0	1.9878740366542385	0.040776236490867146	47.26465416975627	0.13839600706412866	5.581569574899792	0.14980784090183313	0.053895024147780655	0.06975627783996347	209.71972331704274	116.0	1.8079286492848512	-645.9317816447473
3.0	238.0	540.0	1.0225346220394513	0.04713409953340149	65.3966516000434	0.2321521852633485	4.037446669468693	0.2406144226487479	0.053895024147780655	0.06975627783996347	209.71972331704274	116.0	1.8079286492848512	-645.9317816447473
2.0	248.0	540.0	1.017591200212202	0.11577720433064072	46.45803070067966	0.34586577986514294	3.4599682473723563	0.4732432450785913	0.052150378094449244	0.11690877819505276	628.4701236088907	119.0	5.281261542931855	-523.822253253555
2.0	248.0	540.0	1.4467552729454694	0.0971279193532569	46.46008173403017	0.4953037295559139	14.34149069822803	0.67771281567981	0.052150378094449244	0.11690877819505276	628.4701236088907	119.0	5.281261542931855	-523.822253253555
2.0	258.0	540.0	3.1681959173987826	0.06096223830923168	41.86298224103496	0.209280059297741	9.339069495545164	0.22117636599415397	0.06338639928450107	0.13720806355719126	588.6586200123778	119.0	4.94671109254099	-483.22304058639105
2.0	258.0	540.0	0.8829862639253266	0.09207455375402096	68.64088203708779	0.4946016413921926	3.97353422549683	0.5002697592350615	0.06338639928450107	0.13720806355719126	588.6586200123778	119.0	4.94671109254099	-483.22304058639105
2.0	268.0	540.0	4.05135662583912	0.0772853807247937	42.064542296160546	0.1850115870882941	8.388901884631034	0.19070862394393714	0.0603304673415099	0.16373482899664715	951.5960490049342	119.0	7.996605453822977	-435.5392844820658
2.0	268.0	540.0	0.9549229184546064	0.10768557616781359	69.74874781988035	0.5628217993415748	4.253757367735418	0.5687515387221257	0.0603304673415099	0.16373482899664715	951.5960490049342	119.0	7.996605453822977	-435.5392844820658
3.0	278.0	540.0	3.1902540556450463	0.06608984496627168	44.75910741672695	0.21909346745391403	8.781208341034066	0.23908215392815002	0.036187528772642225	0.1340263373521495	1908.3616800307177	116.0	16.451393793368258	-469.48413268299055
3.0	278.0	540.0	0.9944889561979278	0.08720590050235462	70.07474270934499	0.5839215685070072	4.830973738861288	0.6294255278076474	0.036187528772642225	0.1340263373521495	1908.3616800307177	116.0	16.451393793368258	-469.48413268299055
3.0	278.0	540.0	0.26570574079273346	0.07142191464631417	91.85717592740939	2.593480191911726	7.595174961321403	2.862073122066736	0.036187528772642225	0.1340263373521495	1908.3616800307177	116.0	16.451393793368258	-469.48413268299055
2.0	288.0	540.0	1.845497763883877	0.09204098514430355	50.080017801743345	0.2219615181088252	5.135022921749598	0.29605948352241757	0.05923647477988618	0.10192491273969521	387.3894272647294	119.0	3.2553733383590706	-552.4529950667128
2.0	288.0	540.0	1.1378987955547328	0.08041156439064456	56.37726489071013	0.8073972493984041	17.65019824804465	0.7841749786337594	0.05923647477988618	0.10192491273969521	387.3894272647294	119.0	3.2553733383590706	-552.4529950667128
2.0	298.0	540.0	3.4626185232645685	0.11559260062931626	53.999632597219005	0.1525986365462821	5.336935317835619	0.20224264366354588	0.06461139515213457	0.12805334543944502	491.1369388951236	119.0	4.127201167185913	-501.07810144950906
2.0	298.0	540.0	1.1055096859014562	0.10179017291432925	61.252307619721556	1.1034845499025834	17.19987762870815	0.9538466064279811	0.06461139515213457	0.12805334543944502	491.1369388951236	119.0	4.127201167185913	-501.07810144950906
2.0	308.0	540.0	4.668530610045993	0.2599109376093565	54.0987836126454	0.14668011842713854	3.2855138586098844	0.19403450443955372	0.08272857331352784	0.19418084516744255	693.8653802246325	119.0	5.830801514492711	-396.0901648775597
2.0	308.0	540.0	3.33267506240314	0.22840330154582383	59.151475857686414	0.5113456312360444	9.116728875014473	0.3378763804124296	0.08272857331352784	0.19418084516744255	693.8653802246325	119.0	5.830801514492711	-396.0901648775597
2.0	318.0	540.0	5.460245751590154	0.32405338757813806	54.34027018008229	0.141300515681674	3.2353540342022296	0.18950029640701305	0.07093425656742998	0.20528897776324231	1079.5152319349047	119.0	9.071556570881553	-379.2943814393985
2.0	318.0	540.0	3.5858121272371974	0.2733148122957502	59.62891689822989	0.5818986484435139	8.167979965458416	0.31867581566018977	0.07093425656742998	0.20528897776324231	1079.5152319349047	119.0	9.071556570881553	-379.2943814393985
2.0	328.0	540.0	5.281741304082654	0.2065853056793766	57.01627885872944	0.15394158292457316	5.408851744943716	0.2044555162908113	0.07013376963580183	0.17858161201420453	839.9786805603985	119.0	7.05864437445713	-413.4930052930639
2.0	328.0	540.0	0.7454052742855058	0.07037014421389232	77.61903047157827	3.4527569840776033	13.271575683735065	2.9920351766234057	0.07013376963580183	0.17858161201420453	839.9786805603985	119.0	7.05864437445713	-413.4930052930639
1.0	338.0	540.0	3.7809148250698215	0.12764664341610502	60.305130024853575	0.22308289493537736	5.72295728727748	0.22308313207451191	0.0912724576680861	0.2263507175495676	806.7691013839374	122.0	6.612861486753585	-359.3860800540909
1.0	348.0	540.0	3.1618603295118013	0.11136489630355677	60.9680810298239	0.22778901509628838	5.600018034409653	0.22778853939505467	0.08276300337871163	0.1961409861393833	730.924713863449	122.0	5.991186179208599	-396.19394331891385
1.0	358.0	540.0	2.759124310354515	0.08313393260841755	63.03566097158081	0.24563652873263508	7.060038673413558	0.24563647791085297	0.06885133166092251	0.1668586692082663	741.9230264568936	122.0	6.081336282433554	-440.33495780913864
1.0	368.0	540.0	3.2136524966254423	0.07827030268484796	64.54348284177912	0.20992205063815897	7.463786382362198	0.2099219246269024	0.05920027759247457	0.16222390900766262	940.4596813548313	122.0	7.708685912744519	-448.4503818668984
1.0	378.0	540.0	3.7554756852539852	0.09279697524200899	65.29142326844853	0.20412577327229842	7.154792881203296	0.2041259280734234	0.05804549310786527	0.1866680465521854	1318.0025137216799	122.0	10.803299292800654	-411.1871923670742
1.0	388.0	540.0	3.9681125678484115	0.06483008680149849	66.51651303480111	0.13816002210125117	7.323039153756399	0.1381599458014944	0.06427736018539744	0.13314001351854	536.9840387140403	122.0	4.40150851404951	-497.9301223848497
1.0	398.0	540.0	3.941189065693806	0.07273592320011718	68.1093883615505	0.17067175926807185	8.008771340608531	0.17067174561772216	0.05699523366651415	0.155492451143688	940.1634902657644	122.0	7.706258116932495	-457.97940255077896
1.0	408.0	540.0	3.7321463191877218	0.08851321896758159	69.2976195076262	0.22220480827358685	8.11374160659286	0.22220475696043096	0.056585588478231946	0.1876282765630503	1431.0283713871745	122.0	11.729740749075201	-407.27087813956405
1.0	418.0	540.0	3.286268997766896	0.07568649559979268	67.92335511194453	0.2388366890752629	8.981104330992665	0.23883673236281253	0.06390007452743858	0.17192225194188174	908.1726454479909	122.0	7.444038077442548	-433.71859264848337
1.0	428.0	540.0	3.0954244454115494	0.047404576912126774	65.98051674247874	0.17941110188323683	10.145888906602863	0.1794111243946706	0.06070718625157758	0.11343859493552678	445.9201629301565	122.0	3.655083302706201	-535.4450255928945
1.0	438.0	540.0	2.386093578620776	0.04609465098363473	65.9168229242236	0.31089434634529384	13.936874157436957	0.31089431197704914	0.36105376468786626	0.11203234757499946	16.373676501746704	122.0	0.13421046312907134	-502.76194769234576
2.0	448.0	540.0	1.176101878979394	0.2260889409201432	52.276531722146395	2.909806290634526	10.559530190474536	1.6559895812249064	0.36105376468786626	0.1164808593172477	23.518058536882265	119.0	0.19763074400741398	-450.78838072447144
2.0	448.0	540.0	1.5051603579787574	0.13986752244533046	77.51485540464517	2.8984428596157206	12.585476421449734	1.784219285637864	0.36105376468786626	0.1164808593172477	23.518058536882265	119.0	0.19763074400741398	-450.78838072447144
2.0	458.0	540.0	1.6320870132971774	0.07974159838704642	53.82996848505721	0.9535451705377375	9.526289617094434	0.8724935366884072	0.36105376468786626	0.1342451143137417	30.377701340123032	119.0	0.25527480117750445	-418.7958486879998
2.0	458.0	540.0	1.227232050346708	0.07947757703901472	81.3400475625151	1.2714136900651014	9.565495116673885	1.165506990032161	0.36105376468786626	0.1342451143137417	30.377701340123032	119.0	0.25527480117750445	-418.7958486879998
1.0	468.0	540.0	3.5996995924718194	0.3002093730180273	54.70640518353572	0.2372536386137431	2.4628227742805286	0.23726855443280528	1.8189974754978109	0.24588501512105104	4.836347538430548	122.0	0.03964219293795531	-250.94786486398868
1.0	478.0	540.0	7.149649466439371	0.16747410426665615	56.91954070716422	0.14227143490263527	5.259837535526059	0.14227137217118302	0.36105376468786626	0.20221989675311247	81.57294653924758	122.0	0.668630709338095	-302.03410824783475
1.0	488.0	540.0	9.398490796793416	0.13490127490054715	58.01971126892471	0.10155664116874545	6.1273385086076155	0.10155661749248662	0.08058612616509696	0.2533100132237217	1237.664802041162	122.0	10.144793459353787	-337.02370385311724
1.0	498.0	540.0	11.686404683289242	0.24477082898020022	58.952108333721434	0.15523478259454096	6.4183669700307	0.15523472022823137	0.18520310938513782	0.46505865512855227	808.1123603900677	122.0	6.6238718064759645	-182.27712046365482
1.0	508.0	540.0	11.70357435379122	0.3049690533134352	59.7134758471554	0.2192367690467502	7.285765787862259	0.21923662991241658	0.2628732927855519	0.6166712521976068	706.8518114347605	122.0	5.7938673068423	-111.45737175747456
1.0	518.0	540.0	9.364067017281295	0.3128044363899172	60.20524788034995	0.35075922991513075	9.092839774731187	0.3507590758046824	0.22819441623682105	0.7088272595174413	1231.60100942047	122.0	10.095090241151395	-77.41976535120205
2.0	528.0	540.0	10.20359670100753	0.30713879060805727	53.93952504474133	0.0746324124378014	3.2656982684566387	0.11081730140037105	0.09864670828053786	0.25515391322111214	853.0792144976708	119.0	7.16873289493841	-326.27340531993195
2.0	528.0	540.0	6.265379153322304	0.11831358020975116	66.83584803222462	0.44850964667374915	10.551744756049523	0.34180596000115787	0.09864670828053786	0.25515391322111214	853.0792144976708	119.0	7.16873289493841	-326.27340531993195
3.0	538.0	540.0	11.303955927920054	0.28049059915776225	52.67608401034908	0.0659680273916805	3.619958850407505	0.09915778121088718	0.06302115167906248	0.23363332614396143	1720.2708166725097	116.0	14.829920833383705	-343.7655906509675
3.0	538.0	540.0	6.063594094645593	0.11075963944229897	66.03407236068624	0.4627670818085764	11.318074611513968	0.33482305017785996	0.06302115167906248	0.23363332614396143	1720.2708166725097	116.0	14.829920833383705	-343.7655906509675
3.0	538.0	540.0	0.2798185974552078	0.12467682812979604	190.1620538957935	3.5729543111336897	6.751738237657934	3.8948197008828496	0.06302115167906248	0.23363332614396143	1720.2708166725097	116.0	14.829920833383705	-343.7655906509675
4.0	548.0	540.0	10.566558936619579	0.21528640340358887	51.22379281532227	0.05457308296774779	4.877354061595284	0.09015159895845175	0.07374688891862635	0.11719036231736173	321.65385367389416	113.0	2.8464942802999484	-506.8481227362037
4.0	548.0	540.0	3.6462264769924286	0.2047391952138127	69.01385659682877	0.1258050014867643	3.8506321009586495	0.1963865648664619	0.07374688891862635	0.11719036231736173	321.65385367389416	113.0	2.8464942802999484	-506.8481227362037
4.0	548.0	540.0	2.668831067525334	0.19618007026128723	70.17410567865197	1.1498403228782554	14.895197515118683	0.530515295193935	0.07374688891862635	0.11719036231736173	321.65385367389416	113.0	2.8464942802999484	-506.8481227362037
4.0	548.0	540.0	0.3055554121478927	0.06126770398268261	189.70739413219007	1.7868053357475133	7.400442554404071	1.9665662703992255	0.07374688891862635	0.11719036231736173	321.65385367389416	113.0	2.8464942802999484	-506.8481227362037
2.0	558.0	540.0	6.626421250077225	0.1616078390029289	50.551380099857	0.2565679548419509	6.21801613339038	0.24249280699714323	0.16666094276965182	0.27756649065145456	387.3282285032837	119.0	3.254859063052804	-293.8667474018107
2.0	558.0	540.0	4.568627780915801	0.1418879421705565	72.09698282979987	0.4234446887795194	7.974912094584242	0.4357689693758015	0.16666094276965182	0.27756649065145456	387.3282285032837	119.0	3.254859063052804	-293.8667474018107
2.0	568.0	540.0	5.183403636422355	0.16853688203830933	52.9340069755075	0.3238977290992357	5.877773274680786	0.3128408286346692	0.1265645221117128	0.27599194691949547	709.0138985124865	119.0	5.958099987499887	-287.0937227485546
2.0	568.0	540.0	4.176718520940253	0.15558742364772213	72.68022671364538	0.4364993827479854	6.946974175722794	0.44749417887197	0.1265645221117128	0.27599194691949547	709.0138985124865	119.0	5.958099987499887	-287.0937227485546
2.0	578.0	540.0	5.668384080819126	0.1696929838795618	53.64086949672004	0.2373042323752767	5.016356988623861	0.20883176299194273	0.029617753032316715	0.20060751964970916	7887.683469449886	119.0	66.2830543651251	-349.04046504381944
2.0	578.0	540.0	3.777346106978242	0.11665914490557042	71.30485034734141	0.4803897875659628	7.701946490863911	0.4716342523049131	0.029617753032316715	0.20060751964970916	7887.683469449886	119.0	66.2830543651251	-349.04046504381944
3.0	588.0	540.0	2.2778131868655564	0.1984427801738154	55.73905725740639	0.2476326771726434	3.0235204980536263	0.3330130416350799	0.36105376468786626	0.1259042985157702	28.13465835387616	116.0	0.24254015822307035	-421.53082332888107
3.0	588.0	540.0	1.6966405986265753	0.21437232515825227	68.63818850139684	0.23590679321167293	1.9809834222409268	0.3262511043747146	0.36105376468786626	0.1259042985157702	28.13465835387616	116.0	0.24254015822307035	-421.53082332888107
3.0	588.0	540.0	3.5156508274593907	0.21300520605017068	64.11332694696723	0.4139503910975789	12.248870995994553	0.3764885413195566	0.36105376468786626	0.1259042985157702	28.13465835387616	116.0	0.24254015822307035	-421.53082332888107
2.0	598.0	540.0	4.976324792119039	0.12676786961740405	64.36573046749365	0.21962761852340482	7.36705971468683	0.2307903953876581	0.039708646345119926	0.2453488654310476	4916.811921377468	119.0	41.31774723846612	-334.8219814901315
2.0	598.0	540.0	0.35323684036242586	0.06907816742691655	117.93878480991148	5.944810748746848	24.692983766541754	6.605509559881552	0.039708646345119926	0.2453488654310476	4916.811921377468	119.0	41.31774723846612	-334.8219814901315
2.0	608.0	540.0	4.674187003165677	0.1414361945237129	64.03596523086232	0.21014714724018926	6.014148183928112	0.21014700295883035	0.07056823054907235	0.2569873798925908	1698.613049017446	119.0	14.274059235440722	-323.9252418097132
2.0	608.0	540.0	0.9749836371400094	0.12161452793232182	121.60113289880245	1.1716525552023291	8.134696470129324	1.1716525666960615	0.07056823054907235	0.2569873798925908	1698.613049017446	119.0	14.274059235440722	-323.9252418097132
2.0	618.0	540.0	4.514626680023406	0.16096866732324644	63.46462292771919	0.21394015473061975	5.195716605759303	0.2139397282170463	0.050337219656178274	0.2750014869433283	3735.8462941186745	119.0	31.39366633713172	-309.8637761980691
2.0	618.0	540.0	1.2063767893939985	0.1373718458646796	122.85850924880177	0.9381136655554841	7.134627897232921	0.938113660775851	0.050337219656178274	0.2750014869433283	3735.8462941186745	119.0	31.39366633713172	-309.8637761980691
2.0	628.0	540.0	4.510373962602948	0.1519368840640803	63.38727577074605	0.2103236244874534	5.406723080569622	0.21032339477766596	0.07849540906495694	0.2627455492415738	1424.279705612997	119.0	11.968737021957958	-319.32845064867
2.0	628.0	540.0	0.8466876017208287	0.14692416813055106	121.958772120237	1.1586068299997636	5.7822474500325205	1.1586068284687092	0.07849540906495694	0.2627455492415738	1424.279705612997	119.0	11.968737021957958	-319.32845064867
1.0	638.0	540.0	4.113244902733983	0.13847202377635154	63.38216977510258	0.2545639671259874	6.547884358673618	0.25456366990435414	0.15327069723688366	0.2661921375680172	385.2592304737225	122.0	3.157862544866578	-322.1870774377746
1.0	648.0	540.0	3.968005861611399	0.11266741251853199	62.493469713005496	0.22702376475233652	6.924394819280765	0.2270237938494229	0.15902369574318853	0.220655733942485	250.53266242746	122.0	2.053546413339836	-366.76606905175623
2.0	658.0	540.0	3.7980034145671575	0.07890378022866178	61.73750347327206	0.1650918219944052	6.8819853867286715	0.1650918251733619	0.09629467718100863	0.15061716458128024	324.8668781661551	119.0	2.7299737661021437	-452.98597491097223
2.0	658.0	540.0	0.7409356251709859	0.11594920184934313	101.56844467455278	0.5760098845756396	3.1854854871778366	0.5759977908681723	0.09629467718100863	0.15061716458128024	324.8668781661551	119.0	2.7299737661021437	-452.98597491097223
2.0	668.0	540.0	3.2743037673573903	0.05880629289202684	61.313181615666196	0.150974010773198	7.279943163387054	0.1509740121727568	0.12956842944155314	0.10180440380176393	105.43331164367865	119.0	0.8859942154930979	-519.4540544472851
2.0	668.0	540.0	0.6027553986895945	0.10077750485818693	102.2351600967128	0.4785962750758644	2.4782423855217526	0.47855109297680426	0.12956842944155314	0.10180440380176393	105.43331164367865	119.0	0.8859942154930979	-519.4540544472851
2.0	678.0	540.0	2.8736354512170745	0.0434831617348649	61.47497415646197	0.1444470216451272	8.267041300749106	0.14444745941667544	0.07854521883401601	0.0856376876290372	178.13638711388006	119.0	1.4969444295284038	-579.0288641606379
2.0	678.0	540.0	0.5259747227332832	0.06325560968852954	103.92059770493664	0.5425321312692051	3.9060512999091577	0.5425308040963783	0.07854521883401601	0.0856376876290372	178.13638711388006	119.0	1.4969444295284038	-579.0288641606379
2.0	688.0	540.0	2.533328766744319	0.054661951103212605	62.38845223962655	0.23937961730143645	9.608493949151338	0.23947080704659046	0.06350823668099966	0.12083085791479016	500.34092497982505	119.0	4.2045455880657565	-503.06255574841043
2.0	688.0	540.0	0.8237974628751272	0.08320916686333452	102.98651005208963	0.48362796151494947	4.14501130928088	0.48371530510466365	0.06350823668099966	0.12083085791479016	500.34092497982505	119.0	4.2045455880657565	-503.06255574841043
2.0	698.0	540.0	2.121100134488237	0.058109357100209064	62.29220877086425	0.3250228356420441	10.276394844022944	0.3251700331934666	0.05663740736414181	0.13895008863740663	760.2886710230509	119.0	6.388980428765134	-479.3864799695594
2.0	698.0	540.0	0.6876518146662397	0.10215078412428459	102.6221042605741	0.5703245027913207	3.324275455842569	0.5704090085535227	0.05663740736414181	0.13895008863740663	760.2886710230509	119.0	6.388980428765134	-479.3864799695594
1.0	708.0	540.0	1.893624082966236	0.054116132181989005	62.96938513047055	0.35308829566062483	10.69933244488193	0.35308820209542285	0.07878383671654861	0.1342320361509052	363.8862370871893	122.0	2.982674074485158	-495.69591199074705
1.0	728.0	540.0	2.039647951477816	0.06426514636014284	66.91213859692304	0.29808967567526723	8.192847770804306	0.29808956443114765	0.1202583264453645	0.13467064892264066	168.64909659656385	122.0	1.38236964423413	-486.0899739617809
1.0	738.0	540.0	2.2904365860392155	0.053228197135280424	66.77138911247606	0.21663096978001742	8.072549184463607	0.21663090836508295	0.07329411298527769	0.11472060707942025	306.8886789107034	122.0	2.5154809746778968	-535.047329934326
2.0	748.0	540.0	2.2081077936741447	0.05887827236965492	68.81822776798377	0.3002998326716714	9.753581566619957	0.3002998818032854	0.06969943958030411	0.13444228344438944	489.33638859234486	119.0	4.112070492372646	-482.5868326561675
2.0	748.0	540.0	0.37872162976179197	0.09764391419296467	124.94387351821312	1.0558483124790854	3.5457749648832166	1.055842154809981	0.06969943958030411	0.13444228344438944	489.33638859234486	119.0	4.112070492372646	-482.5868326561675
2.0	758.0	540.0	1.3458202472607108	0.10158194215461022	69.79548411690568	0.7068311036844473	14.147433459328017	0.8274742080705739	0.07236774683038863	0.14845583568231707	548.5002005834573	119.0	4.609245383054263	-458.9275382339987
2.0	758.0	540.0	0.8764069354253157	0.1434687017460288	72.52750153269936	0.4696377944502426	2.894410098161023	0.5916646523346248	0.07236774683038863	0.14845583568231707	548.5002005834573	119.0	4.609245383054263	-458.9275382339987
2.0	128.0	550.0	1.1903934602569823	0.053568069267902065	26.94874396179905	0.2693481109872524	4.975768246726816	0.27270577829338283	0.06730618457494647	0.08789855111974947	221.02872170974106	119.0	1.8573842160482443	-590.6665585453364
2.0	128.0	550.0	0.6185412464573036	0.035569553865845795	59.545455551661384	0.7861019455122188	11.677863049876462	0.838596772034251	0.06730618457494647	0.08789855111974947	221.02872170974106	119.0	1.8573842160482443	-590.6665585453364
3.0	138.0	550.0	1.7908752961277303	0.05108103890303255	27.499405956672682	0.157041168977248	4.7666468475583725	0.15761035730377318	0.07009116357216287	0.08124676133017637	173.19970394559525	116.0	1.4931008960827177	-604.157975793885
3.0	138.0	550.0	0.5734248614061573	0.07120196010208912	54.215465625736336	1.1475250752639352	5.441580185472115	0.896694854427083	0.07009116357216287	0.08124676133017637	173.19970394559525	116.0	1.4931008960827177	-604.157975793885
3.0	138.0	550.0	0.3556359041526991	0.04411036022311469	70.79709488450894	2.409042777409062	7.396823103761815	2.065425413888243	0.07009116357216287	0.08124676133017637	173.19970394559525	116.0	1.4931008960827177	-604.157975793885
3.0	148.0	550.0	2.52462539514541	0.04864301176045592	29.20069583322745	0.1039577071576554	4.383388898758123	0.10633102094366997	0.05660061072272714	0.07445630633038228	221.29304119198545	116.0	1.9076986309653918	-626.9719005120858
3.0	148.0	550.0	0.6676138211793874	0.03839987925015276	52.97214139449756	0.7792325958777403	7.547728394889566	0.8426413948288638	0.05660061072272714	0.07445630633038228	221.29304119198545	116.0	1.9076986309653918	-626.9719005120858
3.0	148.0	550.0	0.31886730622992193	0.036269447038846714	76.60343204522698	1.7582649472454563	8.158525278713803	1.7083290254112458	0.05660061072272714	0.07445630633038228	221.29304119198545	116.0	1.9076986309653918	-626.9719005120858
4.0	158.0	550.0	2.5018334352952714	0.06043054082738295	30.570204150534185	0.13268566598927967	4.476989870868201	0.1374482293619897	0.06513685761587369	0.08237667765628046	203.37300722832728	113.0	1.7997611259144006	-595.1894621958114
4.0	158.0	550.0	0.5131921729763516	0.03950013223231133	54.787646215119004	1.1704184858394793	10.946697345463448	1.8972386242964292	0.06513685761587369	0.08237667765628046	203.37300722832728	113.0	1.7997611259144006	-595.1894621958114
4.0	158.0	550.0	0.2395473539841125	0.049920521567055585	81.43013940688161	1.987077329811901	6.364766328344337	1.8654790883166015	0.06513685761587369	0.08237667765628046	203.37300722832728	113.0	1.7997611259144006	-595.1894621958114
4.0	158.0	550.0	0.04920933224219338	0.03148704792419054	182.4011777807652	11.489299788792756	14.058284251309539	12.841551628152725	0.06513685761587369	0.08237667765628046	203.37300722832728	113.0	1.7997611259144006	-595.1894621958114
2.0	168.0	550.0	2.0800913759012887	0.050377166947799416	31.98443887715089	0.1512409653355844	5.408232875965423	0.15125330776976076	0.07441576483936084	0.08729513745119506	174.24976749497083	119.0	1.4642837604619396	-595.2880049876446
2.0	168.0	550.0	0.6027256133591434	0.059081031826042546	60.62911799107761	0.4450976859781763	3.9313935572153795	0.4451255171424642	0.07441576483936084	0.08729513745119506	174.24976749497083	119.0	1.4642837604619396	-595.2880049876446
2.0	178.0	550.0	1.8725351832705832	0.05688052553889183	32.56530159691732	0.19886367386769482	5.669483646135597	0.19886416828755624	0.0700012400520912	0.09435567937512408	263.1875296043087	119.0	2.2116599126412493	-559.0295809702288
2.0	178.0	550.0	0.8986227191984225	0.09343560184893372	60.199317953171864	0.25206337374824783	2.0953155746497614	0.251206646991075	0.0700012400520912	0.09435567937512408	263.1875296043087	119.0	2.2116599126412493	-559.0295809702288
2.0	188.0	550.0	1.551604260085791	0.06478037154493728	34.11111616830551	0.3529072475680454	7.323458643987987	0.35393216612642675	0.08683729476071408	0.12330458680047876	286.04975910855484	119.0	2.4037794883071837	-494.73640204623973
2.0	188.0	550.0	0.7861020789637618	0.11495181506456006	59.894720430837936	0.39246720604594426	2.3202223060392737	0.3925634737680232	0.08683729476071408	0.12330458680047876	286.04975910855484	119.0	2.4037794883071837	-494.73640204623973
2.0	198.0	550.0	1.7418374982419755	0.061126936199747225	38.68834369330509	0.3275441905045339	8.004872538893409	0.3466966528303924	0.07087240628179177	0.12538085881786115	405.4599378376888	119.0	3.4072263683839394	-501.91812210894216
2.0	198.0	550.0	0.6217075756071034	0.08896321470108459	62.106656105266325	0.62778503371628	3.6629233192752793	0.6356325986280599	0.07087240628179177	0.12538085881786115	405.4599378376888	119.0	3.4072263683839394	-501.91812210894216
2.0	208.0	550.0	1.9164552125010514	0.054545269895184906	41.477384923346655	0.29067264677240473	7.960053659519772	0.32213684652026375	0.07154865049028701	0.10843096613486684	304.79883451423905	119.0	2.561334743817135	-535.2152613093101
2.0	208.0	550.0	0.7581781788728941	0.07021978321038029	62.87679274827954	0.5631514003422506	4.565126461793521	0.5663744938531495	0.07154865049028701	0.10843096613486684	304.79883451423905	119.0	2.561334743817135	-535.2152613093101
2.0	218.0	550.0	1.833871926546945	0.04676082142901136	46.13725333209861	0.29031229516039586	7.842821861618582	0.3187719942742797	0.07098959277017455	0.09196604720067879	221.52162623125025	119.0	1.8615262708508424	-577.0678235933177
2.0	218.0	550.0	0.9593711925110557	0.0653179046557388	64.69775054564387	0.39016370928232463	4.169481946320599	0.3830548859902835	0.07098959277017455	0.09196604720067879	221.52162623125025	119.0	1.8615262708508424	-577.0678235933177
2.0	228.0	550.0	2.316826010517176	0.051985808201297744	49.2175495617926	0.19466706382278615	5.622868530026257	0.20659662232493223	0.06282077120553418	0.0900402396583366	257.4323084409835	119.0	2.1632967095880966	-588.850129171455
2.0	228.0	550.0	1.258726765436767	0.05785627259174145	65.13135662181179	0.3194858379112136	4.418082251228246	0.3141581279458036	0.06282077120553418	0.0900402396583366	257.4323084409835	119.0	2.1632967095880966	-588.850129171455
2.0	238.0	550.0	2.9980471118669905	0.05033382855030946	51.466051894085034	0.16232977176075586	6.117788294510211	0.17363003344726438	0.0677062956673084	0.08964648311278844	221.86200831282238	119.0	1.864386624477499	-588.7144296466878
2.0	238.0	550.0	1.272455394508374	0.06540107720328474	66.50125651844563	0.293419634737283	3.797156603268194	0.2792237197712873	0.0677062956673084	0.08964648311278844	221.86200831282238	119.0	1.864386624477499	-588.7144296466878
1.0	248.0	550.0	3.3570170037760994	0.05551213830118891	52.61646898581026	0.1949456197940354	10.20905016443487	0.19494556848766229	0.07595772821518205	0.13126878437373632	393.0491784970888	122.0	3.22171457784499	-495.19194992504055
1.0	258.0	550.0	3.4536979733365363	0.04656835715792933	48.157553076181834	0.18812294276341673	12.082226100855861	0.18812291409872764	0.06506901299221683	0.1220218629069975	446.0735198774228	122.0	3.6563403268641217	-518.0554530091558
3.0	268.0	550.0	3.28796205163825	0.03876483278779128	44.883528618432855	0.13382907481825856	9.791096980808945	0.14021429910709704	0.06376501654083519	0.08494121310571937	241.51397930199104	116.0	2.0820170629481987	-586.2457224558251
3.0	268.0	550.0	0.8641849453314188	0.07182269737817008	70.59617138373305	0.27228282255559727	2.79713952734096	0.275696445705929	0.06376501654083519	0.08494121310571937	241.51397930199104	116.0	2.0820170629481987	-586.2457224558251
3.0	268.0	550.0	0.165872115996141	0.05702369799764169	95.62032747567042	1.7491826355956182	4.406445318833166	1.7491871046152931	0.06376501654083519	0.08494121310571937	241.51397930199104	116.0	2.0820170629481987	-586.2457224558251
3.0	278.0	550.0	1.2791432679371064	0.3521748086130056	46.7150112522052	0.6609331622312213	7.890793676255463	1.233185250913786	0.07523919397601642	0.1119402647857046	306.8666464184408	116.0	2.6454021242969032	-514.943087008198
3.0	278.0	550.0	0.9715533665075075	0.361616941844003	51.52106755436458	2.152733098824036	16.92869642596166	2.5548731613677167	0.07523919397601642	0.1119402647857046	306.8666464184408	116.0	2.6454021242969032	-514.943087008198
3.0	278.0	550.0	0.39948619883415437	0.0809598695782908	92.00558921816936	1.071903040891815	4.585044119274869	1.1753297417562518	0.07523919397601642	0.1119402647857046	306.8666464184408	116.0	2.6454021242969032	-514.943087008198
2.0	288.0	550.0	2.517654626413059	0.057396896190577223	51.89441411101547	0.26662524596587056	10.135133718087182	0.26859879086090754	0.06345956483734552	0.1301367800253401	580.4525248590311	119.0	4.877752309739757	-484.6894384617228
2.0	288.0	550.0	0.6761570015650915	0.0817261441510336	89.46747915030244	0.6972507238953544	4.980252435075682	0.6995195718642764	0.06345956483734552	0.1301367800253401	580.4525248590311	119.0	4.877752309739757	-484.6894384617228
2.0	298.0	550.0	4.607383270501208	0.08785752375890313	53.14551679728484	0.18126741892118545	8.233419101392338	0.18139643295784658	0.05682919411969608	0.185826831899271	1382.9593259969645	119.0	11.621506941150962	-403.75601367889817
2.0	298.0	550.0	0.6942890311304143	0.11955427432422412	89.15392621126092	0.8840900935603195	4.444266125222479	0.8844702876612341	0.05682919411969608	0.185826831899271	1382.9593259969645	119.0	11.621506941150962	-403.75601367889817
2.0	308.0	550.0	4.8066740689281895	0.28297482210473984	53.37108665431472	0.14189434251352706	4.258618622993813	0.2017150145716859	0.05177012192026927	0.1397273580454987	996.1038954905073	119.0	8.370620970508465	-468.08143040378025
2.0	308.0	550.0	3.125995610303871	0.2812585719040889	57.632009962843455	0.4926719645371176	9.777068597149926	0.3576919352395408	0.05177012192026927	0.1397273580454987	996.1038954905073	119.0	8.370620970508465	-468.08143040378025
2.0	318.0	550.0	5.380667373266777	0.2533235287390922	54.25498660813737	0.10421916188618631	3.5800603348405335	0.1424253394857742	0.05603558569215536	0.1226492245138566	663.0535491697344	119.0	5.571878564451549	-499.16246621239486
2.0	318.0	550.0	3.318504841415329	0.23136777902522834	59.02502675382073	0.44070192527108093	8.078876211732588	0.23319841084049545	0.05603558569215536	0.1226492245138566	663.0535491697344	119.0	5.571878564451549	-499.16246621239486
2.0	328.0	550.0	3.791601474708368	1.0035961950159462	55.338264498920736	0.24969677852873512	4.317598270107989	0.47537356328953995	0.07211998821390374	0.13852445467511887	467.9432049545919	119.0	3.932295839954554	-479.63999732128553
2.0	328.0	550.0	2.0861470074597572	0.5018944822926695	63.421783894903086	3.1273160541887455	7.412183142410113	1.3205323728210168	0.07211998821390374	0.13852445467511887	467.9432049545919	119.0	3.932295839954554	-479.63999732128553
1.0	338.0	550.0	3.36054953158653	0.09188543570843778	60.96640082915706	0.2091128814276306	6.622959593030623	0.2091127700366902	0.08203515809506615	0.17490001346462536	598.9274599096078	122.0	4.909241474668916	-423.2984976512255
1.0	348.0	550.0	2.977144794345672	0.07798504292740961	61.512910049912584	0.19923883496006273	6.586299593078654	0.19923859219193576	0.06600297046292235	0.1513661371754901	662.8040940958264	122.0	5.432820443408413	-464.993167088481
1.0	358.0	550.0	2.422474392876345	0.07317205494813593	64.13843523648863	0.26044004817952987	7.466358626909946	0.26043982940885124	0.06439533229669593	0.15179801713845698	694.9172357867467	122.0	5.696042916284809	-465.24365509435285
1.0	368.0	550.0	2.6094001266237945	0.08218072052887904	66.07364863655509	0.28266148646556677	7.773592074930109	0.28266175229443125	0.05994595872678374	0.1739498526409731	1052.9784816101783	122.0	8.630971160739167	-431.1949102143952
1.0	378.0	550.0	3.326637959577128	0.06266430696714181	66.95904880897854	0.1601437982284804	7.362922279898305	0.16014387473764663	0.05867722609077998	0.1291040394123152	605.2697288150367	122.0	4.961227285369153	-505.75584289031184
1.0	388.0	550.0	4.392642658884925	0.05512721876863939	67.26115145871346	0.102373160796055	7.064444095427637	0.10237316293884535	0.08196988938895425	0.10296526871509452	230.31064002000892	122.0	1.8877921313115484	-542.9614167877587
1.0	398.0	550.0	4.592633834999672	0.05348764031534956	67.57986522740619	0.1006748179394955	7.485891045791018	0.10067478670325815	0.059416168138609185	0.10972893324486481	437.28594037860466	122.0	3.584310986709874	-543.2630284881878
1.0	408.0	550.0	3.576974495970632	0.07827179092076661	67.58313710344338	0.23009118472146134	9.10607132243231	0.23009115112428946	0.36105376468786626	0.15539745419526751	30.847367102129603	122.0	0.25284727132893114	-423.5898917391607
2.0	418.0	550.0	1.8826528664660507	0.12777244570246482	55.97885053817643	0.21878353017258914	3.611590348368856	0.23964967327228978	0.06205978661732007	0.0827842812321915	316.6753915429951	119.0	2.6611377440587822	-566.0069613566449
2.0	418.0	550.0	3.255965517098316	0.04942277141025202	69.42422469234845	0.3069028954381584	7.806935559581653	0.2770849204998461	0.06205978661732007	0.0827842812321915	316.6753915429951	119.0	2.6611377440587822	-566.0069613566449
1.0	428.0	550.0	3.6421548556102863	0.06893648378995179	65.72180487134014	0.22754301360403031	10.411560007645358	0.22754304475817871	0.07094831341583666	0.16027037715382456	708.4923413573591	122.0	5.807314273420976	-438.59772276239266
1.0	438.0	550.0	3.2752462245134177	0.10092166945203894	65.29445258570979	0.4402925487336298	12.37607555949771	0.44029272344298725	0.36105376468786626	0.23127767361334647	69.69269382530756	122.0	0.5712515887320292	-321.7093807958726
2.0	448.0	550.0	1.7993007581469116	0.11889342429258551	58.01104010135048	0.33082105428689434	5.773224980985545	0.43614283069528953	0.21427150933959707	0.11384834048217228	51.08400633833579	119.0	0.42927736418769574	-484.27125339040504
2.0	448.0	550.0	1.7432623575023067	0.07781423682664915	71.99939282918938	1.0172122697643624	17.50215607791306	0.5942151554979185	0.21427150933959707	0.11384834048217228	51.08400633833579	119.0	0.42927736418769574	-484.27125339040504
2.0	458.0	550.0	2.6857262909489616	0.08033103310786853	53.99803169338824	0.3600292715126033	7.908972043387999	0.3035746184034813	0.04842286696372716	0.11143718447912969	804.1566236463381	119.0	6.757618686103681	-511.54887551497234
2.0	458.0	550.0	1.2614694067904533	0.04881600105679836	80.59273674943502	1.0841808639090103	12.155489093722053	1.0078077714390425	0.04842286696372716	0.11143718447912969	804.1566236463381	119.0	6.757618686103681	-511.54887551497234
1.0	468.0	550.0	4.101483110160986	0.15306807676681206	57.32555126760349	0.3590928719289843	8.331486800113433	0.3590924631481442	0.36105376468786626	0.26624747700061097	107.94660409763898	122.0	0.8848082303085163	-267.0167296388907
1.0	478.0	550.0	6.587533571199798	0.16896092227200668	59.027195688674716	0.1966888316653115	6.640709628094846	0.19668868381473367	0.36105376468786626	0.23400262150437404	104.82826504972056	122.0	0.8592480741780374	-270.680886909591
1.0	488.0	550.0	9.312835319649343	0.1193748347844622	59.90153468802892	0.09435803981455525	6.3746224567538565	0.09435798252354421	0.09292706242938464	0.1986881701681665	758.2724339425799	122.0	6.215347819201475	-362.6439677089368
1.0	498.0	550.0	12.44367233961361	0.21528881230221233	60.28329603237348	0.11968499971224576	5.990801277973454	0.1196849575621941	0.11942630470861755	0.39917516464527625	1403.2974148510154	122.0	11.502437826647668	-222.9806605537978
1.0	508.0	550.0	11.809897479406642	0.30025155012976484	60.98580181692316	0.20315295260221547	6.919639757712068	0.20315281461505133	0.2503166432218489	0.5866220576289015	717.6436312550799	122.0	5.8823248463531135	-121.79972576089213
1.0	518.0	550.0	9.941200700075532	0.26838796771091306	61.995408274500264	0.28362876642765183	9.098857143279158	0.2836288838451698	0.2357539170468012	0.6035007740014308	849.9404789735811	122.0	6.96672523748837	-115.63511246328287
2.0	528.0	550.0	9.479516231066494	0.41854708755465786	54.97860270480351	0.09334975644937488	3.8988241921772318	0.1546048602275928	0.0841096326348105	0.24488778434733882	1116.830849722953	119.0	9.385133190949185	-332.45460356099306
2.0	528.0	550.0	7.093465083700963	0.13297238694080502	68.04308871324595	0.5440151636709026	9.868547225765468	0.3962238520230515	0.0841096326348105	0.24488778434733882	1116.830849722953	119.0	9.385133190949185	-332.45460356099306
2.0	538.0	550.0	10.136552561955476	0.2533898332546461	53.39229535234085	0.06301053028197867	3.7472913903961453	0.0985185433510122	0.08336561256395605	0.19383309668708124	700.4314388406806	119.0	5.885978477652778	-392.99513546335686
2.0	538.0	550.0	6.932515973351104	0.09598802121486226	66.6764286330363	0.364661633720125	11.04426736599888	0.26057494488750527	0.08336561256395605	0.19383309668708124	700.4314388406806	119.0	5.885978477652778	-392.99513546335686
2.0	548.0	550.0	10.779184017868989	0.22413216555970752	51.82888312257442	0.09188935120653859	4.339699271906087	0.09755012540194315	0.088045296617598	0.22432734876137753	828.3336323411386	119.0	6.960786826396123	-358.3763170621108
2.0	548.0	550.0	6.221867240529726	0.10177043325826175	69.16177158524242	0.3420285517363186	9.522398949609874	0.33092394885989174	0.088045296617598	0.22432734876137753	828.3336323411386	119.0	6.960786826396123	-358.3763170621108
2.0	558.0	550.0	8.229502607195858	0.1405327804548376	52.593900950503304	0.1274804478336837	5.017058323631668	0.12561495825095548	0.07533209591424413	0.23303808743639975	1196.7485730296926	119.0	10.056710697728509	-351.3691468759225
2.0	558.0	550.0	5.697598321948249	0.11941014705334813	72.25970487841846	0.21911761053320522	7.207988600868774	0.23800896176870226	0.07533209591424413	0.23303808743639975	1196.7485730296926	119.0	10.056710697728509	-351.3691468759225
2.0	568.0	550.0	6.87752020852572	0.1632920658908514	53.240846902831244	0.1639926751126068	5.119782663459272	0.17122891102277066	0.07462891490080016	0.2633519755883793	1696.5285257979713	119.0	14.256542233596397	-310.09173984902515
2.0	568.0	550.0	5.137371366851717	0.15218234521711002	72.79565297756129	0.2365087841564693	6.072397291192939	0.2568407058394308	0.07462891490080016	0.2633519755883793	1696.5285257979713	119.0	14.256542233596397	-310.09173984902515
3.0	578.0	550.0	7.0497892882242486	0.09500051704935038	52.78021180159123	0.09536162172250223	5.651723304859847	0.10373434389472304	0.10629478390331254	0.1534280138539233	295.619763711714	116.0	2.548446238894086	-433.22451006603325
3.0	578.0	550.0	4.531739036552665	0.11743781242566341	71.80366007025333	0.19736285247659707	4.588142080478058	0.20561184834357116	0.10629478390331254	0.1534280138539233	295.619763711714	116.0	2.548446238894086	-433.22451006603325
3.0	578.0	550.0	1.06816502978408	0.08783335172007828	87.89131408500461	1.0999449190037234	6.707423339632987	1.0822925374348547	0.10629478390331254	0.1534280138539233	295.619763711714	116.0	2.548446238894086	-433.22451006603325
2.0	588.0	550.0	4.705301134865932	0.09490137763353376	53.80904884643049	0.2460965317667284	6.147860024802992	0.2316406386885769	0.06378920080359411	0.15256054560519386	910.6642633894832	119.0	7.652640868819186	-427.09840847242293
2.0	588.0	550.0	4.065722510186337	0.097453034463424	71.42306962830953	0.2785704516780459	5.907918855282025	0.2579305577292529	0.06378920080359411	0.15256054560519386	910.6642633894832	119.0	7.652640868819186	-427.09840847242293
1.0	598.0	550.0	4.374632155738662	0.08865458071036511	65.49156802142207	0.19863953390328812	8.489290493941281	0.19863964159802747	0.05849316511359803	0.1877323228758865	1405.5744547891768	122.0	11.521102088435875	-401.225388618557
2.0	608.0	550.0	4.062929267323931	0.13072877613608502	64.27671589379239	0.22927259923398083	6.171713215528232	0.2292729304667945	0.059765925877608185	0.24344569619763545	2075.89256737858	119.0	17.444475356122524	-340.38893656533367
2.0	608.0	550.0	0.7083646966283229	0.1243638489423016	118.44926786454953	1.3823581087041557	6.819330916907054	1.3823589648319046	0.059765925877608185	0.24344569619763545	2075.89256737858	119.0	17.444475356122524	-340.38893656533367
2.0	618.0	550.0	3.9094286509605074	0.15348893705986316	63.62056351071914	0.24188624805745892	5.335140515660061	0.2418859886829676	0.06451445043376496	0.265589005374813	2123.284047122628	119.0	17.8427230850641	-318.45395740202486
2.0	618.0	550.0	0.827215754706146	0.1315568970750824	119.54106355707098	1.3337007938852259	7.262634777217038	1.333700777123494	0.06451445043376496	0.265589005374813	2123.284047122628	119.0	17.8427230850641	-318.45395740202486
2.0	628.0	550.0	4.110258842293029	0.14901258438212475	63.7886647696507	0.2298224247407018	5.490321850778564	0.22982263007996356	0.06394486661482861	0.2608635860214532	2096.1093364945386	119.0	17.614364172223013	-322.2810832099286
2.0	628.0	550.0	0.6376894081333024	0.13199646999741801	120.03810599813586	1.6723318415753374	6.996810421472985	1.6723318399237703	0.06394486661482861	0.2608635860214532	2096.1093364945386	119.0	17.614364172223013	-322.2810832099286
1.0	638.0	550.0	4.0867092121735045	0.1422621882289048	63.21324154481488	0.2411747121035552	5.999083888507934	0.24117430180184074	0.061803416599284546	0.26266491599668057	2291.361397928922	122.0	18.78165080269608	-326.37569787778125
1.0	648.0	550.0	3.8837709652733112	0.11938443946872387	62.66881163390866	0.24396092292663393	6.8721929553799175	0.2439605957184141	0.09426537901153707	0.23762259581251416	794.5858403028893	122.0	6.512998691007289	-353.22191260554257
1.0	658.0	550.0	3.6793406175388905	0.10351687158740062	62.43364001938861	0.22874926298166062	7.041451291959923	0.22874932927322045	0.10373995066444813	0.20759693308009575	505.35577136951537	122.0	4.142260421061601	-385.8483786955042
1.0	668.0	550.0	3.452217637927264	0.0910536505420321	62.057134000987666	0.21399949554365605	7.025887970739001	0.21399930184716284	0.08420325061067523	0.18294305704075514	592.2163326906353	122.0	4.8542322351691425	-418.18565595390294
2.0	678.0	550.0	2.986858592083033	0.0864535633476465	61.90092590171023	0.27634260228520474	8.26866008929484	0.27634310901166687	0.08420981432367906	0.1843649443636541	612.7160620519612	119.0	5.148874471024884	-407.20059964841823
2.0	678.0	550.0	0.5892543301002509	0.12950153905042902	104.64147447145139	0.9351386540007252	3.6849714248441012	0.9351394996970043	0.08420981432367906	0.1843649443636541	612.7160620519612	119.0	5.148874471024884	-407.20059964841823
2.0	688.0	550.0	2.472872175594187	0.0799653408788205	61.64168012724003	0.3657982492953801	9.796817600019653	0.3658484215123594	0.06722127555217744	0.18763218373969423	974.6280536023687	119.0	8.190151710944274	-405.5117336851773
2.0	688.0	550.0	0.9072601885965259	0.13189705860902248	103.30307558134439	0.6045451629473984	3.599854656931986	0.6045749614615491	0.06722127555217744	0.18763218373969423	974.6280536023687	119.0	8.190151710944274	-405.5117336851773
2.0	698.0	550.0	2.0215776445091516	0.0741196280926514	59.961944521178445	0.45560120531702875	10.762432262991046	0.4557973379917243	0.06023085197771973	0.18112078441211135	1145.5782082297078	119.0	9.626707632182418	-412.7618976765431
2.0	698.0	550.0	0.8205193377340325	0.12768314717903054	102.65803976535031	0.651689201181557	3.624795942826813	0.6517802174185483	0.06023085197771973	0.18112078441211135	1145.5782082297078	119.0	9.626707632182418	-412.7618976765431
2.0	708.0	550.0	1.7086820355039236	0.07036086578689721	60.57922649953237	0.5652847141049065	11.881486330147585	0.579325655401578	0.07267661926335234	0.18006919387354275	772.3494625568865	119.0	6.490331618125096	-415.08160081778334
2.0	708.0	550.0	0.24896049078262286	0.09316704235612376	102.22721110935399	2.930356766460688	6.694602497119817	2.9624463665972844	0.07267661926335234	0.18006919387354275	772.3494625568865	119.0	6.490331618125096	-415.08160081778334
1.0	718.0	550.0	1.7491341001271892	0.06757571046899492	63.65696673780705	0.5682861027655791	12.739822647992385	0.56828624296561	0.098103634345661	0.17909544076474412	435.6781482877006	122.0	3.5711323630139393	-418.35896125414746
1.0	728.0	550.0	1.942201692142288	0.07297625647238243	64.86529448362536	0.4838782842104297	11.152838826153587	0.48387831066581266	0.11537942913979286	0.17846600892479014	321.5891452898048	122.0	2.6359766007361047	-415.7621685515953
1.0	738.0	550.0	2.235577238343472	0.0714004185343339	67.14876729867768	0.33599568149870207	9.10998956229625	0.33599552056103443	0.09030806930322251	0.1628139901928183	410.490742647879	122.0	3.364678218425238	-446.50216038303677
3.0	748.0	550.0	1.2663622786211657	0.06514288204332667	66.36894529213431	0.49265422678095794	12.763915438455381	0.4665708057276911	0.05852356378116324	0.08661806711949015	279.82429084500524	116.0	2.4122783693534933	-589.2852171270938
3.0	748.0	550.0	1.3057225490302584	0.08541668679228168	71.31032964970406	0.20090908408916305	3.1644277163134813	0.254196621454714	0.05852356378116324	0.08661806711949015	279.82429084500524	116.0	2.4122783693534933	-589.2852171270938
3.0	748.0	550.0	0.24021677848814668	0.07263525336951021	124.40309490125082	0.925460980269344	2.650509454436207	0.9254556088156718	0.05852356378116324	0.08661806711949015	279.82429084500524	116.0	2.4122783693534933	-589.2852171270938
2.0	138.0	560.0	1.4700198646848484	0.059214155374545295	27.8723817767719	0.2660907931454064	5.4252480921255755	0.2697514838288118	0.06351133946660739	0.10283044355243492	330.8143086500304	119.0	2.7799521735296673	-554.7669043307096
2.0	138.0	560.0	0.493689659537987	0.04132764583357607	60.50461558904623	1.1430333111163067	11.587244294914525	1.229403513405136	0.06351133946660739	0.10283044355243492	330.8143086500304	119.0	2.7799521735296673	-554.7669043307096
3.0	148.0	560.0	1.9336019732834266	0.04563722844801299	30.09985811753472	0.1338124338946123	4.831121451981185	0.1374302863521056	0.05448203600234217	0.07387679215455131	229.8745765184144	116.0	1.9816773837794344	-631.7533312552481
3.0	148.0	560.0	0.6602799278303627	0.041578436193358145	53.917331724011426	0.5824357406997763	6.156137679261771	0.594897411795335	0.05448203600234217	0.07387679215455131	229.8745765184144	116.0	1.9816773837794344	-631.7533312552481
3.0	148.0	560.0	0.2980072655034901	0.03378118871573101	78.12759779324499	1.6084613581477847	9.313040462908932	1.7330858568895164	0.05448203600234217	0.07387679215455131	229.8745765184144	116.0	1.9816773837794344	-631.7533312552481
3.0	158.0	560.0	2.316326953494283	0.04651914294186796	31.915542011437477	0.1525577677875742	5.337378738225355	0.15183113535145895	0.06641045249800154	0.07870443674007128	175.8370580813523	116.0	1.5158367075978647	-615.7544842266202
3.0	158.0	560.0	0.4626097589589402	0.03882743696464029	55.50507534681362	1.1217335859180015	8.444909275273334	1.531396175855708	0.06641045249800154	0.07870443674007128	175.8370580813523	116.0	1.5158367075978647	-615.7544842266202
3.0	158.0	560.0	0.33360487588427046	0.036579902674773845	82.50442616676234	1.6828929474522494	8.715115517024405	1.6748606558958905	0.06641045249800154	0.07870443674007128	175.8370580813523	116.0	1.5158367075978647	-615.7544842266202
3.0	168.0	560.0	2.7289625583374955	0.04525035916782192	32.49319557096551	0.11904690481017838	5.867914369559421	0.127092766109833	0.06468294552998145	0.07740965500571674	181.0795669705872	116.0	1.5610307497464413	-618.6713596889989
3.0	168.0	560.0	0.3131999625557717	0.06724873579085383	59.81887874413413	0.7463550422117536	3.4943560759319423	0.9679234192645437	0.06468294552998145	0.07740965500571674	181.0795669705872	116.0	1.5610307497464413	-618.6713596889989
3.0	168.0	560.0	0.24282164940401146	0.02530024646655714	79.25155178866127	3.8843649185197213	20.03697733356646	3.3323138812572184	0.06468294552998145	0.07740965500571674	181.0795669705872	116.0	1.5610307497464413	-618.6713596889989
2.0	178.0	560.0	2.490548803385058	0.047571971094238	32.330394501113524	0.11708872011208354	5.308760877687005	0.11709374441499025	0.0668439517498533	0.07883546509603559	189.04300159928312	119.0	1.588596652094816	-611.9291525156254
2.0	178.0	560.0	0.48323182229880185	0.05492225895293579	61.43612335479026	0.5227595030686628	3.9820539789303826	0.5227752287636982	0.0668439517498533	0.07883546509603559	189.04300159928312	119.0	1.588596652094816	-611.9291525156254
1.0	188.0	560.0	1.636526596616976	0.06167494026848619	31.31504845839703	0.27460680845535934	6.309694932417696	0.2746064768482292	0.06665745175554409	0.1176037879639309	389.3802014049428	122.0	3.191640995122482	-529.0167947690117
1.0	198.0	560.0	1.3363802799669084	0.05982075969776757	31.10197106421525	0.42828378886420854	8.284816986376438	0.4282833930830703	0.06842089557881639	0.1288735008734275	456.52134768294593	122.0	3.7419782596962783	-502.60403683985436
1.0	238.0	560.0	2.2469982247936042	0.07132449679964523	54.39104973762609	0.3129487422780829	8.537479043810157	0.3129485562226106	0.07903014596288131	0.1526047840914089	501.2570538796639	122.0	4.108664376062818	-454.880811984561
1.0	248.0	560.0	3.179069810028405	0.06906074832448	53.816665110144676	0.22933978731794	9.14226888568196	0.22933970942437057	0.07977164238413863	0.15506680064753972	493.9119597267885	122.0	4.0484586862851515	-454.3913559657195
1.0	258.0	560.0	3.164400390054635	0.06721744167022667	51.283174910599236	0.2626169376465976	10.706926076852184	0.26261694421687554	0.07081030915435163	0.1605198661939141	695.4212685293711	122.0	5.700174332207959	-441.41216153923403
2.0	268.0	560.0	1.8179663079111195	0.08088273431594913	38.152224161785874	0.35727690965017095	4.603344687999022	0.31603429163247204	0.08154340828539267	0.10861690922055903	254.10568147930525	119.0	2.1353418611706325	-525.2635174749306
2.0	268.0	560.0	2.402369679638345	0.06342041212957858	53.727836596522316	0.32927958405197383	6.308965338345658	0.32325801129615334	0.08154340828539267	0.10861690922055903	254.10568147930525	119.0	2.1353418611706325	-525.2635174749306
3.0	298.0	560.0	-0.061984925871689536	0.06618438045691195	-31.522741743964605	35.4187053410847	19.34952743160306	37.380302903110724	0.056994269067239436	0.20316409463254215	1630.1844267624388	116.0	14.053314023814128	-375.61908541039645
3.0	298.0	560.0	3.741695540113369	0.09917909387964523	52.81106448112657	0.24044847977579106	7.855618623852143	0.24049289258009793	0.056994269067239436	0.20316409463254215	1630.1844267624388	116.0	14.053314023814128	-375.61908541039645
3.0	298.0	560.0	0.5737531767444022	0.1339634004110889	90.84355716420684	1.160800052497676	4.305509309484116	1.1608539845018784	0.056994269067239436	0.20316409463254215	1630.1844267624388	116.0	14.053314023814128	-375.61908541039645
1.0	308.0	560.0	5.7344154011923525	0.12311152468087966	54.4978628922477	0.17232065434619676	6.950575885316166	0.1723205136511963	0.076041117954579	0.24507599522286042	1313.2874992612935	122.0	10.764651633289292	-344.1233802357073
1.0	318.0	560.0	5.936134065967284	0.11657267964873454	56.31248998943031	0.13989700086470974	6.1693869692545675	0.13989698589559735	0.10483461759283492	0.21963873709014592	549.8475423001295	122.0	4.506947068033848	-372.67689693912325
1.0	328.0	560.0	3.9409484703223447	0.08630738137730769	59.22155174887982	0.17133036909880295	6.775647937568987	0.17133049787000015	0.12469032403401883	0.16403636828784232	233.97674023760248	122.0	1.9178421330951023	-436.11700926241036
1.0	338.0	560.0	3.3206339083563807	0.06332443139930435	62.27528118769644	0.15011650366846982	6.816708008483375	0.15011639161372534	0.07359599277737826	0.1231541679632093	363.7853315764123	122.0	2.9818469801345273	-512.7598991787702
1.0	348.0	560.0	3.204373607954158	0.06368449891878707	62.18260174864724	0.1613338094109437	7.0296272507389155	0.16133369583930723	0.06852491017758454	0.12796370113461691	437.66156877801734	122.0	3.5873899080165357	-507.4979618498576
1.0	358.0	560.0	2.8040524657472052	0.06155708148243209	64.4117163929675	0.2006527263497745	7.915092363592475	0.20065262851701376	0.06569651075708079	0.13138553547238746	500.9097475694826	122.0	4.105817603028546	-501.1633405326942
1.0	368.0	560.0	2.7642283511515746	0.07599586603106133	66.36069900755942	0.25710380875963595	8.098395744684876	0.2571037042900062	0.060827397766309244	0.15896432211712375	911.1922852238511	122.0	7.46878922314632	-445.62371656525863
1.0	378.0	560.0	3.1035025385510195	0.08412349318594937	66.73858237199613	0.23735719219333923	7.582531208696047	0.23735695517764288	0.36105376468786626	0.16407576663133244	29.67251159333073	122.0	0.24321730814205517	-428.44368172684466
