ncomps	x	y	amplitude	err amplitude	shift	err shift	width	err width	rms	residual	chisq	dof	redchisq	aic
3.0	568.0	400.0	4.089153215188852	0.14682751851120338	59.98812274919077	0.10294174578258093	3.8225592215370403	0.14737752886361152	0.06505715057715417	0.124537627422654	458.4665613833176	116.0	3.9522979429596345	-501.1103688852569
3.0	568.0	400.0	0.8193854923125635	0.05293509616085121	76.31299488529407	1.7213166524244554	11.014857775483112	1.5868997740772564	0.06505715057715417	0.124537627422654	458.4665613833176	116.0	3.9522979429596345	-501.1103688852569
3.0	568.0	400.0	0.6303242752436528	0.06179850279587286	119.18798610998384	0.8535370936862035	7.459612018101373	0.868193297094357	0.06505715057715417	0.124537627422654	458.4665613833176	116.0	3.9522979429596345	-501.1103688852569
3.0	578.0	400.0	5.3859935930088625	0.13322191517638446	59.829234656212236	0.09785000956642557	3.486313767023276	0.10685210979144898	0.06877873195374289	0.1614148237269913	701.9384834758417	116.0	6.051193823067601	-433.9584561483258
3.0	578.0	400.0	0.8771631024048991	0.07311583171849055	79.59888042029665	1.1892772027471887	10.038055921682767	1.3593255564992217	0.06877873195374289	0.1614148237269913	701.9384834758417	116.0	6.051193823067601	-433.9584561483258
3.0	578.0	400.0	0.5040709706278398	0.0870364005668261	117.94286572874122	1.2914459686490347	6.424873155235021	1.3081800332522553	0.06877873195374289	0.1614148237269913	701.9384834758417	116.0	6.051193823067601	-433.9584561483258
3.0	588.0	400.0	0.23442560403924453	0.08968738005150642	-33.675632908837954	2.561662773674069	5.801940353782781	2.572486030259138	0.06269553878722924	0.154234087145907	811.7007298281325	116.0	6.99742008472528	-438.948782057103
3.0	588.0	400.0	4.97732769575099	0.16782828782375805	59.26702417544245	0.10926373058126532	3.993082542428531	0.15072875132990438	0.06269553878722924	0.154234087145907	811.7007298281325	116.0	6.99742008472528	-438.948782057103
3.0	588.0	400.0	0.813576220138506	0.06428688083401392	77.34443123706073	2.116943429173427	11.98568193804593	1.9619743034379258	0.06269553878722924	0.154234087145907	811.7007298281325	116.0	6.99742008472528	-438.948782057103
2.0	598.0	400.0	0.31062706330870654	0.10570415112301976	-33.88581021137922	2.504867750066526	6.386694983059228	2.535890654257474	0.06731920833410697	0.1858430163886129	1098.5965435681223	119.0	9.231903727463212	-390.1811732878438
2.0	598.0	400.0	4.48103455273759	0.11005551559144931	57.97920986649043	0.16580240402798596	5.846554709290311	0.1658024625482916	0.06731920833410697	0.1858430163886129	1098.5965435681223	119.0	9.231903727463212	-390.1811732878438
1.0	608.0	400.0	4.851501948367756	0.10611294772393833	56.52871847008816	0.1522332265562095	6.027399007268328	0.152233152373241	0.06478083565087168	0.193117229610866	1165.7330395228705	122.0	9.555188848548118	-399.08741021134523
3.0	618.0	400.0	0.2931256234280789	0.16259465634563613	-31.178312729698952	3.1043283911248345	4.846720313936248	3.1043709021044914	0.06561485474619641	0.26342752824795324	2039.6883887222234	116.0	17.58352059243296	-312.3932502946813
3.0	618.0	400.0	4.771868471143647	0.13773108392644015	55.965545459457694	0.22511549893874647	6.754490927314811	0.225115497314649	0.06561485474619641	0.26342752824795324	2039.6883887222234	116.0	17.58352059243296	-312.3932502946813
3.0	618.0	400.0	0.27352764682855396	0.1700048934267439	105.39310531875468	3.182358151111964	4.42988236899055	3.1822865135924188	0.06561485474619641	0.26342752824795324	2039.6883887222234	116.0	17.58352059243296	-312.3932502946813
4.0	628.0	400.0	0.3941030125507898	0.09563257312795033	-29.419237460637742	1.062664666194006	3.7925453495197052	1.0626646714926662	0.05412660748154389	0.13232040725470773	790.4110097437032	113.0	6.994787696846931	-471.7917168366516
4.0	628.0	400.0	4.601746892794541	0.08166027448250128	53.47378373170041	0.17351722904016748	5.430732627969651	0.17457361754680986	0.05412660748154389	0.13232040725470773	790.4110097437032	113.0	6.994787696846931	-471.7917168366516
4.0	628.0	400.0	2.1302395932709373	0.09156148475763527	68.23530797304329	0.3362821713325679	4.427920510930839	0.3140832001343762	0.05412660748154389	0.13232040725470773	790.4110097437032	113.0	6.994787696846931	-471.7917168366516
4.0	628.0	400.0	0.4130048333996181	0.0800369132937908	103.97297623153716	1.2116239793619041	5.414508204594723	1.211624157592082	0.05412660748154389	0.13232040725470773	790.4110097437032	113.0	6.994787696846931	-471.7917168366516
4.0	638.0	400.0	0.27757792939663145	0.07011131389230713	-28.641309867677435	1.5941350640559424	5.465812187174997	1.5941519173382181	0.06273096983490514	0.11223508163194332	455.8222164380911	113.0	4.033824924230895	-503.7156498517499
4.0	638.0	400.0	3.2784934947704385	0.18066799034940062	51.792470116710156	0.5087171270696067	5.511865937627114	0.31476347504778374	0.06273096983490514	0.11223508163194332	455.8222164380911	113.0	4.033824924230895	-503.7156498517499
4.0	638.0	400.0	2.132692787009597	0.11742562137509929	65.55962643018694	0.9412929031991284	6.446079604000888	0.6317948938829232	0.06273096983490514	0.11223508163194332	455.8222164380911	113.0	4.033824924230895	-503.7156498517499
4.0	638.0	400.0	0.5002345956539821	0.06025323046132561	100.6536873653832	1.0349635800874246	7.441244956030333	1.0453876555767483	0.06273096983490514	0.11223508163194332	455.8222164380911	113.0	4.033824924230895	-503.7156498517499
2.0	648.0	400.0	3.0705217934284494	0.05754248401278253	58.384183603263736	0.21776225068461266	10.051682016216967	0.22195873389552595	0.12954636236634645	0.12353986940720177	138.01294156399985	119.0	1.1597726181848727	-485.8380330703484
2.0	648.0	400.0	0.5223283563037968	0.06529188933704734	99.15847552819157	1.128408733685918	7.770592763743226	1.1444329874107335	0.12954636236634645	0.12353986940720177	138.01294156399985	119.0	1.1597726181848727	-485.8380330703484
2.0	658.0	400.0	3.126111015901019	0.0802412289919098	60.033263568485	0.2614976690606371	8.734346653380687	0.27052433117566566	0.07264304391746128	0.17421616276110982	736.8964717380379	119.0	6.1924073255297305	-421.07083688748196
2.0	658.0	400.0	0.309678480905582	0.08218935534990987	96.43660510425771	2.5769308962644404	8.307463275824835	2.6597218601631747	0.07264304391746128	0.17421616276110982	736.8964717380379	119.0	6.1924073255297305	-421.07083688748196
2.0	668.0	400.0	0.951063821388971	0.08720875498624514	48.58522442385958	1.7805992720896935	6.641550448491358	1.359427418697441	0.10874386356412966	0.1269691955154492	189.8044692110626	119.0	1.5949955395887614	-489.76805805044273
2.0	668.0	400.0	3.300774258476375	0.15945067605604024	62.70862034625702	0.3855959329517107	5.054313617201348	0.26929835538834934	0.10874386356412966	0.1269691955154492	189.8044692110626	119.0	1.5949955395887614	-489.76805805044273
2.0	678.0	400.0	0.7693328090231553	0.08362956657154333	44.17640051588392	0.46816285489693427	3.55933863862895	0.48058862611455644	0.09775915986672419	0.10875194604497473	182.1071815747806	119.0	1.5303124502082404	-521.5650191774863
2.0	678.0	400.0	3.2990163298665034	0.06818525474313215	62.14752119848976	0.1341570177415141	5.513255231318089	0.14299039302199093	0.09775915986672419	0.10875194604497473	182.1071815747806	119.0	1.5303124502082404	-521.5650191774863
1.0	688.0	400.0	2.985597790333064	0.07219314132204094	61.59207000022116	0.15724695074332865	5.6315797665777785	0.15724686625052692	0.06841854069002397	0.1295123478011365	451.9600063136905	122.0	3.704590215685988	-503.867862465171
1.0	698.0	400.0	2.923581444412294	0.07909118387828834	59.96561929562	0.13943858862683914	4.463374492935848	0.13943836189458703	0.08359283441941222	0.12614811567824918	288.0181303924675	122.0	2.360804347479242	-510.11065711239166
2.0	708.0	400.0	3.0623153230362243	0.0750276003936411	59.781309477456304	0.11069459111689373	3.912761737428598	0.1106945773501224	0.08341787397926254	0.11091758568394855	222.54076513692348	119.0	1.8700904633354916	-536.1617344610564
2.0	708.0	400.0	0.485211925884567	0.08966784575069872	93.87745041304967	0.5844349956187994	2.7405331922388485	0.5844457070936516	0.08341787397926254	0.11091758568394855	222.54076513692348	119.0	1.8700904633354916	-536.1617344610564
3.0	718.0	400.0	2.405938889756203	0.06242743907648951	59.96535478982983	0.10226467801612164	3.3993540722615707	0.10258813797111871	0.07256080257923317	0.08382759247132095	172.3933021207018	116.0	1.4861491562129465	-596.0842895210951
3.0	718.0	400.0	0.2893886766948914	0.040757372752898154	88.1852646426645	1.3204730266465083	8.129203402192399	1.3663127577405092	0.07256080257923317	0.08382759247132095	172.3933021207018	116.0	1.4861491562129465	-596.0842895210951
3.0	718.0	400.0	0.4159315979295051	0.055269527330894956	116.17877773054232	0.6745100330717441	4.343687059845512	0.6812295615001249	0.07256080257923317	0.08382759247132095	172.3933021207018	116.0	1.4861491562129465	-596.0842895210951
2.0	18.0	410.0	4.526587243822931	0.12487937797478023	26.431870120263603	0.4063835414207235	7.215269277516288	0.39559375119158174	0.2441258953704038	0.24035399671450589	125.06429855182952	119.0	1.050960492032181	-339.7416591029658
2.0	18.0	410.0	1.9647589489338309	0.17155927862113096	43.52090868481914	0.7313538101324002	4.9985322093695075	0.6381021157583916	0.2441258953704038	0.24035399671450589	125.06429855182952	119.0	1.050960492032181	-339.7416591029658
2.0	28.0	410.0	4.826666906578904	0.10718781637859455	25.88702858752103	0.2625539271675669	6.617691499133476	0.2658652039790724	0.15353658835525333	0.1956730436929633	216.4907318755307	119.0	1.8192498476935355	-387.08798048578666
2.0	28.0	410.0	2.2747496564733773	0.12276087670078299	43.57584408099471	0.4899270855661886	5.210796191754952	0.4559714448381759	0.15353658835525333	0.1956730436929633	216.4907318755307	119.0	1.8192498476935355	-387.08798048578666
2.0	38.0	410.0	3.838518296577345	0.11542690233631488	24.508573100492168	0.29598196969061746	5.608012157005279	0.25324131343882605	0.13043806817466502	0.17142909519463964	218.3051520319491	119.0	1.8344970758987318	-426.80480431912207
2.0	38.0	410.0	1.706548864860332	0.08536796798809076	42.98307270097953	0.8275250380969916	7.707525236331609	0.7858643225397122	0.13043806817466502	0.17142909519463964	218.3051520319491	119.0	1.8344970758987318	-426.80480431912207
2.0	48.0	410.0	2.7284352019103095	0.13753781563840958	23.628464882343387	0.400099935642678	4.754136211289831	0.34786199680613167	0.1655495180435672	0.18092655556301532	163.00190650832198	119.0	1.3697639202379999	-403.72834717671634
2.0	48.0	410.0	1.5946490419241224	0.09897116655771598	39.8585266291374	0.8816392995725657	6.89340764200899	0.8551310106694291	0.1655495180435672	0.18092655556301532	163.00190650832198	119.0	1.3697639202379999	-403.72834717671634
2.0	58.0	410.0	2.1086293557775027	0.09650449104758362	22.162730049932694	0.3920273070871237	5.290463750399687	0.40119269057511037	0.1200437188696193	0.1637213538642304	233.51759711542834	119.0	1.9623327488691458	-439.1449928341103
2.0	58.0	410.0	2.1060908353597387	0.0984310694957454	38.48931352426206	0.3841642792970772	5.052327511577373	0.3867667766386615	0.1200437188696193	0.1637213538642304	233.51759711542834	119.0	1.9623327488691458	-439.1449928341103
3.0	68.0	410.0	1.327108816070461	0.09002452329646694	20.73035914937199	0.2652351781659458	4.3890977581404975	0.3482671900308283	0.0880674383444555	0.10304780739428819	172.1040572699629	116.0	1.48365566612037	-547.8746933131885
3.0	68.0	410.0	1.6475319991605586	0.09434062752537772	37.597928076585106	0.19220189308813657	3.563713281314362	0.23835550473098577	0.0880674383444555	0.10304780739428819	172.1040572699629	116.0	1.48365566612037	-547.8746933131885
3.0	68.0	410.0	0.477254709186292	0.05773211178334888	44.11955457044248	3.050754353188312	21.535300852781305	1.9361886813024198	0.0880674383444555	0.10304780739428819	172.1040572699629	116.0	1.48365566612037	-547.8746933131885
2.0	148.0	410.0	1.3441598922139466	0.09990116762188778	23.552450635834212	0.3398183329071076	3.959657050610253	0.3398183340439234	0.08275297035158448	0.13585973376061575	405.7255145576885	119.0	3.409458105526794	-463.0915879209944
2.0	148.0	410.0	0.6427759031539885	0.13035039708989954	62.069718745660204	0.5447287924256483	2.3233477048140307	0.5444208923481382	0.08275297035158448	0.13585973376061575	405.7255145576885	119.0	3.409458105526794	-463.0915879209944
2.0	158.0	410.0	1.3280338955035367	0.08024860666153597	20.76777526633829	0.3895509543235715	5.582986934830595	0.3895509551058393	0.06372942382963082	0.1411818278554937	622.3894835181624	119.0	5.230163727043381	-474.90882087338736
2.0	158.0	410.0	0.5134292396197446	0.11944188120891418	61.888747813334746	0.6766945357426722	2.5220414887885703	0.6766825200610326	0.06372942382963082	0.1411818278554937	622.3894835181624	119.0	5.230163727043381	-474.90882087338736
2.0	168.0	410.0	1.1740745763417118	0.061130324784116605	19.117711346352426	0.35822395165642806	5.958325556229896	0.358223953967229	0.0660072056614209	0.11184115953957152	359.29865146686075	119.0	3.0193163988811826	-534.8059517015836
2.0	168.0	410.0	0.5488156034266648	0.06298905120224123	65.2343819105035	0.7438043528149227	5.610752185374229	0.7438014100049873	0.0660072056614209	0.11184115953957152	359.29865146686075	119.0	3.0193163988811826	-534.8059517015836
2.0	178.0	410.0	0.7513211571638522	0.03710359524675841	22.5411894175107	0.4435736840716301	7.779065634044235	0.44358002652236067	0.0633421326138286	0.07462376728362675	187.653890608962	119.0	1.576923450495479	-626.303587702434
2.0	178.0	410.0	0.9525674779683899	0.04535259332290742	64.9187884357052	0.28623541405827096	5.206266551140909	0.28623846855704105	0.0633421326138286	0.07462376728362675	187.653890608962	119.0	1.576923450495479	-626.303587702434
2.0	188.0	410.0	1.5423428425779404	0.04744883531945868	28.106004946134625	0.20459092862280653	5.759818161856806	0.20459279740171873	0.06208214729082324	0.07845264956662	236.53811096484458	119.0	1.9877152181919713	-602.3878888246139
2.0	188.0	410.0	1.0032931565986962	0.04963734015169124	64.29400058964107	0.3006550706143329	5.262821578906512	0.30065740244962846	0.06208214729082324	0.07845264956662	236.53811096484458	119.0	1.9877152181919713	-602.3878888246139
2.0	198.0	410.0	2.1596467823299115	0.12484001421097259	30.266128588103633	0.3100628805091487	6.0623239808432645	0.3596252218788581	0.060941531916109085	0.13433752323829576	611.3304195189609	119.0	5.137230416125721	-488.3327449386465
2.0	198.0	410.0	0.7578532015002248	0.04974727236802785	54.283068387554735	2.2367269105032626	14.137983510770784	2.08385864286221	0.060941531916109085	0.13433752323829576	611.3304195189609	119.0	5.137230416125721	-488.3327449386465
2.0	208.0	410.0	2.448163034445032	0.053333550359755004	36.312596946744165	0.3345302114120292	7.451299196024134	0.2704811502454058	0.06057297417228268	0.08896015443736274	269.812227915443	119.0	2.2673296463482604	-592.0881836781718
2.0	208.0	410.0	0.9995107362606434	0.04294957209853123	58.12224884365323	0.9216820136722106	8.749754965395274	0.797069266752988	0.06057297417228268	0.08896015443736274	269.812227915443	119.0	2.2673296463482604	-592.0881836781718
2.0	218.0	410.0	1.7552517955368236	0.053807825392739005	41.326847204424396	0.4236470662457056	7.233591065164198	0.4291813795136627	0.05512935557886543	0.09645719419196598	449.836332158045	119.0	3.7801372450255886	-551.7351103615265
2.0	218.0	410.0	1.7765520125029364	0.09221310704134134	56.32520198643548	0.25507570434912313	3.8051578688757326	0.24286728080953301	0.05512935557886543	0.09645719419196598	449.836332158045	119.0	3.7801372450255886	-551.7351103615265
1.0	228.0	410.0	2.0458394348549827	0.07073036312483179	52.18180503059039	0.26872391596682693	6.731298420811454	0.2687238925345125	0.06235534927198949	0.1374819266517979	624.2795690332035	122.0	5.117045647813144	-486.69088431583117
3.0	248.0	410.0	1.9829971631963468	0.05432741806375595	43.49882360919751	0.17306962811162388	3.5520070295337556	0.16442084946376684	0.06355702697465432	0.07362725541014827	168.9416131881729	116.0	1.4563932171394216	-631.73428175634
3.0	248.0	410.0	2.386968571768567	0.059592001876460146	54.986376675108176	0.15037386343568124	3.99268702369743	0.17506827704812694	0.06355702697465432	0.07362725541014827	168.9416131881729	116.0	1.4563932171394216	-631.73428175634
3.0	248.0	410.0	0.31678126910230947	0.028205466109905066	79.18062487823306	1.869843441264228	13.686115240854525	2.0371707241378774	0.06355702697465432	0.07362725541014827	168.9416131881729	116.0	1.4563932171394216	-631.73428175634
3.0	258.0	410.0	1.5935121113154678	0.11446429847387517	43.47090075872655	0.24833431900731823	2.6620005578140575	0.25650257129621057	0.09232663089007064	0.10253255855028752	206.7781853663844	116.0	1.7825705635033138	-513.1238318995465
3.0	258.0	410.0	2.1051067656497744	0.10793291016005968	54.64944478462648	0.2361444420284126	4.335346315021136	0.29320520043977455	0.09232663089007064	0.10253255855028752	206.7781853663844	116.0	1.7825705635033138	-513.1238318995465
3.0	258.0	410.0	0.660151035448541	0.050507062975193896	69.31432267118436	2.322417312377848	18.760970959262032	1.5922059546851217	0.09232663089007064	0.10253255855028752	206.7781853663844	116.0	1.7825705635033138	-513.1238318995465
3.0	268.0	410.0	0.41568355940264484	0.08437659401281429	19.818645817327614	0.8098894029924132	3.452979647630019	0.8102310160490338	0.06636148267605717	0.1156868263153398	382.57454693701226	116.0	3.2980564391121745	-518.7681764905104
3.0	268.0	410.0	2.380235425268667	0.33805385614737077	57.77818898860393	0.5164832003146433	8.180164603317252	0.5860094694578752	0.06636148267605717	0.1156868263153398	382.57454693701226	116.0	3.2980564391121745	-518.7681764905104
3.0	268.0	410.0	0.2992903568531987	0.1156464918398241	78.03098722293873	15.809617469732043	14.536678177891648	9.301655756073309	0.06636148267605717	0.1156868263153398	382.57454693701226	116.0	3.2980564391121745	-518.7681764905104
2.0	278.0	410.0	0.30316409601497046	0.14016356244285202	21.306406898585774	1.729766343570423	3.236322640330603	1.7296973323405729	0.06783503196668822	0.1891782058058501	972.3009250458866	119.0	8.170596008788964	-403.5383144299474
2.0	278.0	410.0	4.05155108288655	0.09594115324560507	59.37241023047101	0.18903893454943038	6.9135055015323195	0.1890389716171617	0.06783503196668822	0.1891782058058501	972.3009250458866	119.0	8.170596008788964	-403.5383144299474
2.0	288.0	410.0	0.38829801149064014	0.20014766575365553	23.836780392505407	1.6524756239541247	2.7777571467995807	1.6525007603243336	0.06823261154327678	0.2499357582774185	1679.8476699605462	119.0	14.116366974458371	-333.72821662570084
2.0	288.0	410.0	4.608701061574019	0.1265643885971109	60.173201920722875	0.2202050094040446	6.9445022624901815	0.22020516691499262	0.06823261154327678	0.2499357582774185	1679.8476699605462	119.0	14.116366974458371	-333.72821662570084
1.0	298.0	410.0	4.46815387933877	0.09995264461837892	61.804573905528436	0.18849550024604372	7.297029729961288	0.18849542962892374	0.09775208713173315	0.20417779968202557	549.9320365314891	122.0	4.50763964370073	-390.1450617350711
1.0	308.0	410.0	4.655584266096903	0.0796349752153744	62.61413827188614	0.16042864161881853	8.12198277412125	0.16042858637091634	0.07497415642257446	0.1707492101722798	660.5017543515166	122.0	5.413948806159972	-433.5671961208737
2.0	318.0	410.0	4.315118361758278	0.4472553062148435	57.891041485201924	0.4557473543971545	4.696723344999865	0.28103907329323236	0.07620527388151394	0.1500351920803781	561.5648845941466	119.0	4.7190326436482914	-443.06758925068743
2.0	318.0	410.0	2.4808088646254927	0.19124296025084817	69.50161688661795	1.417729178877081	6.654393421384353	0.8814750694096256	0.07620527388151394	0.1500351920803781	561.5648845941466	119.0	4.7190326436482914	-443.06758925068743
1.0	328.0	410.0	3.829824354026497	0.11594983228818052	61.166944024086405	0.24547490778976414	7.0223390956838685	0.2454750903296047	0.07781281496537176	0.23101730364501227	1123.8536289568292	122.0	9.21191499144942	-357.8366534804479
1.0	338.0	410.0	3.0038986724741763	0.07965889185181946	63.055977712271655	0.25594582331361043	8.357688495772953	0.2559456469161956	0.0708885231053237	0.17351943198389255	760.7559653128047	122.0	6.2357046337115145	-429.91182163557573
3.0	348.0	410.0	0.3600466642349916	0.06469748730349684	35.97290573992222	0.8634825748717583	4.16494015954928	0.8662868021608284	0.06530105033464441	0.09620542010572444	279.5566141355001	116.0	2.409970811512932	-562.0101858981934
3.0	348.0	410.0	2.430354327710232	0.07240855904907753	56.71175447195339	0.18473318570462316	3.741752563546604	0.17156431949275597	0.06530105033464441	0.09620542010572444	279.5566141355001	116.0	2.409970811512932	-562.0101858981934
3.0	348.0	410.0	2.5706390099656526	0.0591355157069905	70.09394868393176	0.21163182023613444	5.260647187344914	0.2177423767999702	0.06530105033464441	0.09620542010572444	279.5566141355001	116.0	2.409970811512932	-562.0101858981934
3.0	358.0	410.0	0.3571257480642627	0.0665543966886498	36.759699696305844	0.9351118568544593	4.343861543967564	0.9376512409547287	0.05610790031757863	0.09891559925437132	418.3598238564293	116.0	3.606550205658873	-549.5509268507212
3.0	358.0	410.0	2.1547320072587146	0.07927002208112088	56.34019236052477	0.14390384253297436	3.073023792485821	0.14784521833756403	0.05610790031757863	0.09891559925437132	418.3598238564293	116.0	3.606550205658873	-549.5509268507212
3.0	358.0	410.0	2.5575483502432528	0.06501948887772753	70.73773368151052	0.1485346360096582	4.782889001906266	0.16236610625373735	0.05610790031757863	0.09891559925437132	418.3598238564293	116.0	3.606550205658873	-549.5509268507212
2.0	368.0	410.0	1.9352301531420917	0.12836258518718838	56.98230942857739	0.2058984689819608	2.524577824855878	0.20947800931945804	0.06325448899058561	0.15220064410079293	729.6760380700085	119.0	6.1317314123530124	-456.8995666614847
2.0	368.0	410.0	2.4621408524230124	0.09606557317432518	70.76242135762689	0.21740498389993654	4.698974300835254	0.23465524222250833	0.06325448899058561	0.15220064410079293	729.6760380700085	119.0	6.1317314123530124	-456.8995666614847
2.0	378.0	410.0	2.5302230848747898	0.18786754428057365	57.872958020971126	0.2364516563454127	2.4748862915916816	0.23863849779798296	0.06714952976862881	0.21007486277268297	1239.064588052841	119.0	10.412307462628915	-375.77169125941765
2.0	378.0	410.0	2.447193758029158	0.1260122949322258	70.39354926428246	0.3755993045111378	5.408130656117754	0.4184423999902989	0.06714952976862881	0.21007486277268297	1239.064588052841	119.0	10.412307462628915	-375.77169125941765
3.0	388.0	410.0	2.7682362088165022	0.21835438383634803	58.183483352431246	0.19079973701537808	2.479561156558221	0.20737053656941942	0.06349680521445979	0.15646177635272898	772.9792016875735	116.0	6.663613807651496	-441.8839034722845
3.0	388.0	410.0	2.5689421101285452	0.0970204966248836	68.31094677694898	0.4436767819567343	5.577684639758062	0.4965035685525844	0.06349680521445979	0.15646177635272898	772.9792016875735	116.0	6.663613807651496	-441.8839034722845
3.0	388.0	410.0	0.6724322319309309	0.11093305086151127	87.08849683306238	0.7630225659736715	3.724785828832597	0.7899276357669166	0.06349680521445979	0.15646177635272898	772.9792016875735	116.0	6.663613807651496	-441.8839034722845
2.0	398.0	410.0	3.7518817691381927	0.17387189410972387	62.891699596615325	0.2642450322645628	5.2340981837161955	0.27127546400970637	0.057002582302516536	0.20328266488283422	1605.4447432344946	119.0	13.491132296088189	-384.3475179402351
2.0	398.0	410.0	0.5050324079931968	0.08473069129617385	83.91270877151364	3.9080494347185306	11.155223021043982	3.8510103620232585	0.057002582302516536	0.20328266488283422	1605.4447432344946	119.0	13.491132296088189	-384.3475179402351
2.0	408.0	410.0	5.0193316207403305	0.14548629420497095	61.87672979937846	0.1475294733528856	4.638101129472673	0.1617692621805351	0.1082734402686321	0.17705103983357737	380.48818181420546	119.0	3.1973796791109703	-403.91931242176435
2.0	408.0	410.0	0.5353936917991932	0.07626051520342954	84.33272154111059	2.8311052079068055	11.865430314417925	3.017472951753153	0.1082734402686321	0.17705103983357737	380.48818181420546	119.0	3.1973796791109703	-403.91931242176435
2.0	418.0	410.0	5.805035618190275	0.09585589398914038	60.63561885639884	0.10928253415100767	5.663771897204534	0.11178824717829122	0.05302588413873228	0.1683290000886453	1289.3191583614985	119.0	10.834614776147045	-429.83743219757423
2.0	418.0	410.0	0.5007723590636077	0.08553735550627152	88.55473954688077	1.4200881986327136	7.1607796821766705	1.4651864529029472	0.05302588413873228	0.1683290000886453	1289.3191583614985	119.0	10.834614776147045	-429.83743219757423
3.0	428.0	410.0	5.0804743346943	0.07914364361388684	52.013598637588586	0.11519778097710726	4.288987833585494	0.11864261926845876	0.06638125589578887	0.11817274113192423	396.7790707227332	116.0	3.4205092303683897	-514.1366844326649
3.0	428.0	410.0	7.036745660265987	0.09274347533313662	63.36705067589529	0.07105522501546548	3.2195189124426955	0.07112780085596995	0.06638125589578887	0.11817274113192423	396.7790707227332	116.0	3.4205092303683897	-514.1366844326649
3.0	428.0	410.0	0.47249022501025334	0.05948291730103931	83.86498843070251	1.124054547605945	7.540772061834701	1.2154123000000423	0.06638125589578887	0.11817274113192423	396.7790707227332	116.0	3.4205092303683897	-514.1366844326649
4.0	438.0	410.0	8.640772732936757	0.13924184521056673	49.72668862029478	0.06651182917531893	3.3978323348040362	0.07014979231983821	0.06069924681861512	0.1854213021174812	1167.1409286722737	113.0	10.328680784710388	-394.42045187837806
4.0	438.0	410.0	7.271776400029146	0.13482270160689047	63.52096643598515	0.08298257989906428	3.6988777429323996	0.09150648817217974	0.06069924681861512	0.1854213021174812	1167.1409286722737	113.0	10.328680784710388	-394.42045187837806
4.0	438.0	410.0	0.7342296004430268	0.11647732098154377	81.87212056844439	0.8933887258917639	4.840748635422192	0.9277323934282531	0.06069924681861512	0.1854213021174812	1167.1409286722737	113.0	10.328680784710388	-394.42045187837806
4.0	438.0	410.0	0.265395858845906	0.18066127081740857	197.12078520226294	1.5916659788777179	2.033266068482835	1.6710933978346274	0.06069924681861512	0.1854213021174812	1167.1409286722737	113.0	10.328680784710388	-394.42045187837806
4.0	448.0	410.0	11.910118931007526	0.1828377496501748	49.21184723164947	0.0566667269016014	2.958518346597362	0.05818694382971206	0.06895231726567526	0.2280385439658575	1382.897041638561	113.0	12.238026917155407	-341.3465343224871
4.0	448.0	410.0	6.7500753290066005	0.1496453983682615	63.44503256834379	0.12263484311349378	4.602341289501775	0.13301241160830385	0.06895231726567526	0.2280385439658575	1382.897041638561	113.0	12.238026917155407	-341.3465343224871
4.0	448.0	410.0	4.016229758492794	nan	90.96939931541948	nan	0.4072816429813124	nan	0.06895231726567526	0.2280385439658575	1382.897041638561	113.0	12.238026917155407	-341.3465343224871
4.0	448.0	410.0	0.2834232307988114	0.23489181349507277	197.39896892755854	1.7455667844907619	1.8355101869188561	1.822305793817793	0.06895231726567526	0.2280385439658575	1382.897041638561	113.0	12.238026917155407	-341.3465343224871
3.0	458.0	410.0	12.24711062792708	0.15888558176535567	49.69146196997991	0.05175137672024055	3.105813033950307	0.05321131085084635	0.06433777071949186	0.20411090103868693	1291.2724679353162	116.0	11.131659206338933	-374.45317377064526
3.0	458.0	410.0	6.878382734946767	0.1339059041333139	63.66663091856027	0.10990517203967715	4.5779041838381636	0.12024488873460511	0.06433777071949186	0.20411090103868693	1291.2724679353162	116.0	11.131659206338933	-374.45317377064526
3.0	458.0	410.0	0.1649064943076211	0.09121537191267472	195.59952382311795	18.79113436871096	11.492935914836142	15.75198048804497	0.06433777071949186	0.20411090103868693	1291.2724679353162	116.0	11.131659206338933	-374.45317377064526
3.0	468.0	410.0	11.485931888855543	0.11956636928335469	50.84930976380059	0.06729390587051552	3.762958197216494	0.06455847215975037	0.06896534327902928	0.15468537651636524	746.3215527931525	116.0	6.433806489596142	-425.61722483615216
3.0	468.0	410.0	6.235466214093078	0.11010048776192362	63.40548083790501	0.1347725848911184	4.446104190117729	0.13734156580253473	0.06896534327902928	0.15468537651636524	746.3215527931525	116.0	6.433806489596142	-425.61722483615216
3.0	468.0	410.0	0.32197279486711067	0.08612536048082127	190.32488614198707	2.460593933976382	7.465395096416623	2.7351340556703923	0.06896534327902928	0.15468537651636524	746.3215527931525	116.0	6.433806489596142	-425.61722483615216
1.0	478.0	410.0	10.036478143853486	0.24083177868596156	55.040836690679164	0.20302162292736844	7.326642111582823	0.20302148268923031	0.36105376468786626	0.47872613720546375	234.97733901252045	122.0	1.9260437623977085	-169.78518196403132
2.0	488.0	410.0	8.791820321476216	0.21332293567950075	56.49238388094518	0.21503925078268046	7.675752781338984	0.21503937815418459	0.07103465808517594	0.43795544673594833	4866.707291261188	119.0	40.89669992656461	-190.70258919156058
2.0	488.0	410.0	0.5001565123149339	0.25763247492768127	189.78963854818917	3.1819991530155	5.350620016253135	3.2759328802770127	0.07103465808517594	0.43795544673594833	4866.707291261188	119.0	40.89669992656461	-190.70258919156058
2.0	498.0	410.0	7.3492092518895955	0.1656171580945697	57.825796156637566	0.23044197349347234	8.856331959421953	0.23044205999486897	0.054357088150361846	0.36938446638859984	5780.0983445733345	119.0	48.57225499641458	-236.10042002890427
2.0	498.0	410.0	0.3626727378897768	0.21937672427318292	190.6255436450828	3.603109414024643	5.153879085737439	3.7370051924637644	0.054357088150361846	0.36938446638859984	5780.0983445733345	119.0	48.57225499641458	-236.10042002890427
1.0	508.0	410.0	7.488328320670822	0.12317819548884017	58.658255662093445	0.17238932348055389	9.076748484486899	0.17238941433008614	0.12607905114817589	0.27319775703675664	624.4535097151745	122.0	5.118471391107987	-310.6411514879961
2.0	518.0	410.0	6.753049032099908	0.1155942543661612	59.317417531869175	0.1784600204137884	9.028907409835377	0.1784600207069291	0.060451583672867265	0.26042136801929666	2321.095404592981	119.0	19.505003399941018	-323.58116500887894
2.0	518.0	410.0	0.30845413198898786	0.1787037862209318	192.07571662471528	2.5446940067723713	3.799191712373851	2.5762978884057173	0.060451583672867265	0.26042136801929666	2321.095404592981	119.0	19.505003399941018	-323.58116500887894
2.0	528.0	410.0	0.32307518249172423	0.08679106314375311	72.20944401160435	11.820422769445985	53.42175426636332	13.363619454371841	0.10712287944589913	0.3244181941314863	1146.9512159014446	119.0	9.638245511776844	-268.6642040658047
2.0	528.0	410.0	5.477711943532765	0.17311911832541182	60.957422169885774	0.24849162916174142	7.253092807318126	0.2857236420087912	0.10712287944589913	0.3244181941314863	1146.9512159014446	119.0	9.638245511776844	-268.6642040658047
3.0	538.0	410.0	6.343160509326127	0.250110653246863	61.948890661518774	0.144247387313669	5.351379324340903	0.22404366721486163	0.06220008455745325	0.23158487827014812	1754.8767568591331	116.0	15.128247903958044	-344.5544910420368
3.0	538.0	410.0	0.377291404098381	0.09193907033684184	81.76455689545365	9.346959222939637	16.217150159120337	7.878112159715521	0.06220008455745325	0.23158487827014812	1754.8767568591331	116.0	15.128247903958044	-344.5544910420368
3.0	538.0	410.0	0.38699712452855445	0.1325659963778133	122.88785858656979	2.3988759475332966	5.815835774356418	2.450283433968188	0.06220008455745325	0.23158487827014812	1754.8767568591331	116.0	15.128247903958044	-344.5544910420368
3.0	548.0	410.0	4.6544744156750735	2.867180647111783	60.183378969709125	0.7429598894545569	3.595062258884777	0.6018883599799938	0.06814433863187548	0.1934387091131499	1019.6967548567612	116.0	8.790489266006562	-389.59822852108033
3.0	548.0	410.0	2.653831993854079	1.45428120149934	66.72672706543226	5.02298783688647	5.286167654083429	2.2235617203078832	0.06814433863187548	0.1934387091131499	1019.6967548567612	116.0	8.790489266006562	-389.59822852108033
3.0	548.0	410.0	0.33294462973729866	0.05992600249439051	107.8101513607391	5.029585865283406	20.836399450605487	5.604175949752366	0.06814433863187548	0.1934387091131499	1019.6967548567612	116.0	8.790489266006562	-389.59822852108033
2.0	558.0	410.0	4.624985108133892	0.16333252232418666	61.804391139387945	0.1692226096049431	4.623312848451846	0.204863197748984	0.06519627444879338	0.23301732458569852	1607.0437111424312	119.0	13.5045690011969	-350.6466450368178
2.0	558.0	410.0	0.47633988254860543	0.06495722173323916	96.34261727022043	4.910573017871348	23.696086286797094	4.935507401509215	0.06519627444879338	0.23301732458569852	1607.0437111424312	119.0	13.5045690011969	-350.6466450368178
2.0	568.0	410.0	4.462365947595673	0.16888430529695556	61.575559738646966	0.19551254528965695	4.473912614533862	0.19551259968508827	0.053492875893847054	0.25916161670412474	3135.2386319136344	119.0	26.346543125324658	-316.5714803580333
2.0	568.0	410.0	0.6990956757796793	0.13206365258281103	118.86738888464069	1.595608698161182	7.319227549268193	1.5956167444129672	0.053492875893847054	0.25916161670412474	3135.2386319136344	119.0	26.346543125324658	-316.5714803580333
3.0	578.0	410.0	4.745244476508365	0.14456485861262303	61.08859924099207	0.08477195496991641	3.292444954838027	0.11922680351208392	0.06364537892355869	0.13605148266489892	577.2887312260434	116.0	4.976626993327961	-477.7883215036111
3.0	578.0	410.0	1.031311948402097	0.05585120035905461	77.01728277151187	1.3091210691963495	11.741415281407892	1.200185213989514	0.06364537892355869	0.13605148266489892	577.2887312260434	116.0	4.976626993327961	-477.7883215036111
3.0	578.0	410.0	0.5469692195584518	0.071522151046807	118.7914742895737	1.0250224833713488	6.693442586287793	1.0387509511632955	0.06364537892355869	0.13605148266489892	577.2887312260434	116.0	4.976626993327961	-477.7883215036111
3.0	588.0	410.0	4.231458972386518	0.25797203198343105	60.844115629243504	0.14379344553801898	3.7733378851675257	0.20393474618815116	0.0513594593229013	0.15686351326765846	1169.9849427908696	116.0	10.086077093024738	-443.1072666985287
3.0	588.0	410.0	0.957871465340667	0.2517811333531282	75.50137304156081	1.9600309707898502	9.355581041325593	3.159868109468531	0.0513594593229013	0.15686351326765846	1169.9849427908696	116.0	10.086077093024738	-443.1072666985287
3.0	588.0	410.0	0.31530257347533064	0.08207772675593959	103.56893230374118	15.064442818388812	17.716697603533092	10.321163500220958	0.0513594593229013	0.15686351326765846	1169.9849427908696	116.0	10.086077093024738	-443.1072666985287
2.0	598.0	410.0	3.2130530493661	0.358876854926537	58.71187729289362	0.23468351795030443	5.104211490211146	0.43406284459182737	0.04009230011138184	0.16211367612181354	2441.217109237122	119.0	20.514429489387577	-419.9385966782831
2.0	598.0	410.0	1.0440288428134832	0.13846422869662986	72.28173653763405	3.7654742975278226	11.669354508952214	2.187698539538274	0.04009230011138184	0.16211367612181354	2441.217109237122	119.0	20.514429489387577	-419.9385966782831
3.0	608.0	410.0	4.116220007758714	0.10170671591129123	57.93521696862224	0.214066871740519	7.503303102551287	0.21406697246320977	0.05163935610554576	0.1996179184365094	1994.739297473369	116.0	17.19602842649456	-375.05821491572937
3.0	608.0	410.0	0.7738261928249661	0.14668752364826385	101.26322182238775	0.7895324618970668	3.6070114296212648	0.7895323173846989	0.05163935610554576	0.1996179184365094	1994.739297473369	116.0	17.19602842649456	-375.05821491572937
3.0	608.0	410.0	0.25200554672885633	0.1483854399415915	194.0706447486118	2.4659889234883243	3.6232128904435967	2.5827072393337542	0.05163935610554576	0.1996179184365094	1994.739297473369	116.0	17.19602842649456	-375.05821491572937
3.0	618.0	410.0	2.948576028957038	0.46833142112119613	52.006270609898046	0.2081118035984052	3.8055207403585847	0.37743365560729125	0.05487325258606299	0.13885558108711	801.0457718112714	116.0	6.905566998373029	-473.91655158214496
3.0	618.0	410.0	2.953083969478293	0.1648996645236709	61.72684376882678	1.1618994614626112	7.805469792689761	0.6721390594357606	0.05487325258606299	0.13885558108711	801.0457718112714	116.0	6.905566998373029	-473.91655158214496
3.0	618.0	410.0	0.7799784532462015	0.09631012764202046	101.53897502675488	0.5409854454536555	3.7942451869826685	0.540992877602392	0.05487325258606299	0.13885558108711	801.0457718112714	116.0	6.905566998373029	-473.91655158214496
3.0	628.0	410.0	3.803000861316309	0.07540855973806307	52.756448350397136	0.21848953449713443	5.094029303209198	0.1916832556713927	0.06243990064050894	0.11798212788730615	446.48751496118956	116.0	3.8490303013895653	-514.6852636863231
3.0	628.0	410.0	2.8030313606480437	0.0736772097348615	67.23090267657132	0.30096431641009047	5.217644266851862	0.26682561920164033	0.06243990064050894	0.11798212788730615	446.48751496118956	116.0	3.8490303013895653	-514.6852636863231
3.0	628.0	410.0	0.6300512900420439	0.07354474786327767	102.02773022877334	0.6328734558910692	4.696925008972082	0.6328778928920143	0.06243990064050894	0.11798212788730615	446.48751496118956	116.0	3.8490303013895653	-514.6852636863231
3.0	638.0	410.0	2.977663466572461	0.05828604061168208	53.16430020405025	0.2843778058286559	6.042907350961325	0.2516746762363168	0.06867897036001595	0.09815623359869151	268.64408123386045	116.0	2.3158972520160384	-554.3786353219848
3.0	638.0	410.0	2.6401679773463647	0.07496915150611369	68.0261983911561	0.2753925126863194	4.922657080567469	0.22916612808726738	0.06867897036001595	0.09815623359869151	268.64408123386045	116.0	2.3158972520160384	-554.3786353219848
3.0	638.0	410.0	0.39286638676951346	0.04813225056175385	98.59868365952298	1.140283043386422	8.063550933351847	1.1611377372488088	0.06867897036001595	0.09815623359869151	268.64408123386045	116.0	2.3158972520160384	-554.3786353219848
1.0	648.0	410.0	2.8348668689414454	0.05257429445135951	60.634110179239876	0.22557482786440616	10.53375384188497	0.22557483448771845	0.0761582561627012	0.126673158303746	361.8326999463468	122.0	2.965841802838908	-504.87691983954863
1.0	658.0	410.0	3.0000237676466974	0.07021968830062937	61.424484164298555	0.2572663620661371	9.518108092314645	0.257266268086035	0.055573848148686565	0.153648974163916	1095.3683783270797	122.0	8.978429330549833	-445.1941029870697
2.0	668.0	410.0	1.0225994438984338	0.1639696515755703	59.76856300887377	0.851631779902762	14.297441057473282	1.1736092892635608	0.06691586237982138	0.11173376497988696	357.2113369045816	119.0	3.001775940374635	-532.1162129433754
2.0	668.0	410.0	1.978171049958658	0.1613548213837829	62.28816756759748	0.23802464836261658	5.133989765749866	0.38049414001554516	0.06691586237982138	0.11173376497988696	357.2113369045816	119.0	3.001775940374635	-532.1162129433754
1.0	678.0	410.0	2.211569448285388	0.07422269841631858	61.32012054207807	0.3095661190729953	7.987002011203835	0.30956577972601734	0.07771353336308698	0.15929183305446384	525.1945470646579	122.0	4.3048733365955565	-453.24958774398914
1.0	688.0	410.0	1.7985474984413234	0.07807866525266607	61.77368079606444	0.4356001939756634	8.688060473636833	0.43559964416462293	0.06978383377704568	0.16265387758846114	784.0583264676312	122.0	6.426707593996977	-430.0670164187506
2.0	8.0	420.0	3.311047539359897	0.12537690538975446	25.657120793424507	0.8463248142994543	10.723871791420095	0.8362247326429351	0.2908012290530477	0.29522292754904644	129.91270654937583	119.0	1.0917034163813095	-291.24833737214584
2.0	8.0	420.0	2.198822849160586	0.2759959095417903	44.796214960119315	0.5618184605814306	4.524631567096479	0.6276905368386404	0.2908012290530477	0.29522292754904644	129.91270654937583	119.0	1.0917034163813095	-291.24833737214584
2.0	18.0	420.0	5.304920413899341	0.10970552647059653	27.20923617915834	0.32113948691564664	8.51432654010332	0.33173012704358484	0.2376309698459649	0.2290268383965823	117.98091400298759	119.0	0.9914362521259461	-353.7710834298056
2.0	18.0	420.0	2.3713487928169443	0.19428887987816662	44.37714748469752	0.40879386319093397	4.101126250802654	0.40731013841123687	0.2376309698459649	0.2290268383965823	117.98091400298759	119.0	0.9914362521259461	-353.7710834298056
2.0	28.0	420.0	2.784928691464599	0.40500329504483096	24.558413383379378	0.47705324299189295	5.617361521854186	0.666546141975219	0.16289189034475277	0.24391503423653296	283.8030317936407	119.0	2.3848994268373165	-338.45943372610776
2.0	28.0	420.0	3.8953584411193956	0.39616236336192695	30.66543245367929	0.7978305454044409	12.805447287027771	0.5264501777108548	0.16289189034475277	0.24391503423653296	283.8030317936407	119.0	2.3848994268373165	-338.45943372610776
2.0	38.0	420.0	2.850980060247743	0.25669151431782794	23.43588102715073	0.32637926059927136	5.5780495000765855	0.4518907642072068	0.1404602205740762	0.18202524209585927	210.01085683868473	119.0	1.7647971162914684	-413.1401886501815
2.0	38.0	420.0	2.202297191226926	0.20285933490440378	32.90722898845207	1.265997145281812	13.0372460541237	0.6022861178803476	0.1404602205740762	0.18202524209585927	210.01085683868473	119.0	1.7647971162914684	-413.1401886501815
2.0	48.0	420.0	1.5385645434245216	0.14556906041601114	22.63059160871194	0.3358202974027296	4.229486680972109	0.4546172243092203	0.12451202309716522	0.13872521791109407	162.10010760439002	119.0	1.3621857781881515	-475.6388403560962
2.0	48.0	420.0	1.4404931566754577	0.08414381670419721	34.178120134359034	1.1458180188878886	12.964064273398686	0.6798029808605185	0.12451202309716522	0.13872521791109407	162.10010760439002	119.0	1.3621857781881515	-475.6388403560962
2.0	58.0	420.0	0.6325152427742282	0.22886062355589545	19.832662907571713	0.7884545469125278	4.423808067808374	1.3780104222801897	0.11589409516540271	0.13056021589550207	164.61506242736243	119.0	1.3833198523307768	-491.6457479893815
2.0	58.0	420.0	1.7347201798565481	0.07884369738491748	33.36646812963341	1.3569619144373586	10.96172355505831	0.896362133873034	0.11589409516540271	0.13056021589550207	164.61506242736243	119.0	1.3833198523307768	-491.6457479893815
2.0	68.0	420.0	1.1421556667978408	0.06349101500368663	31.298932863876665	0.6544745866137768	15.506804032238044	0.6910343997672146	0.08294067173197119	0.10727954611070929	218.09563791734328	119.0	1.8327364530869183	-540.1180749738626
2.0	68.0	420.0	1.309101462956469	0.09769387587548777	35.902140508132426	0.2315680929715185	3.0108094677464488	0.28201396760170167	0.08294067173197119	0.10727954611070929	218.09563791734328	119.0	1.8327364530869183	-540.1180749738626
3.0	78.0	420.0	0.631700362233372	0.07778524645663652	17.94583647288161	0.9549489461632673	6.03126192736272	1.0485626782587796	0.06890686200679094	0.12399960603435606	498.5105927296299	116.0	4.2975051097381884	-476.27077302589504
3.0	78.0	420.0	1.6885984225958806	0.08964361155685349	36.07739096000136	0.3078260897154318	4.3274601548873965	0.31575002470774227	0.06890686200679094	0.12399960603435606	498.5105927296299	116.0	4.2975051097381884	-476.27077302589504
3.0	78.0	420.0	0.18643595972537927	0.050933934579732394	172.095681161247	4.261753261976084	13.517787590628545	4.375290412262206	0.06890686200679094	0.12399960603435606	498.5105927296299	116.0	4.2975051097381884	-476.27077302589504
2.0	158.0	420.0	1.1445291391616041	0.08188052662813826	21.44055812982214	0.46254312015346905	5.599240075123643	0.46254312626505134	0.05706429310851048	0.14525436770126562	810.5169432359241	119.0	6.811066749881715	-469.51249643554337
2.0	158.0	420.0	0.702354495740907	0.09842400753069332	63.36124182944839	0.6269588805468327	3.8766220885011666	0.6269672048297531	0.05706429310851048	0.14525436770126562	810.5169432359241	119.0	6.811066749881715	-469.51249643554337
2.0	168.0	420.0	1.406249980486243	0.06691181366923026	20.566422113723448	0.3520849368266574	6.408224540030443	0.35208493689036663	0.06725018423182963	0.12527409014753443	446.0227999442123	119.0	3.748090755833717	-503.1149740472305
2.0	168.0	420.0	0.7610870548430796	0.07346247698413196	65.68890322274436	0.5925205695325039	5.316926775916062	0.5925220024064025	0.06725018423182963	0.12527409014753443	446.0227999442123	119.0	3.748090755833717	-503.1149740472305
2.0	178.0	420.0	1.2202051771695013	0.041462324609044615	22.04770882530557	0.3081388221224767	7.853846452613048	0.3081411574895301	0.061662755012584114	0.08524657520443983	249.6465766650348	119.0	2.0978703921431494	-597.3403689196587
2.0	178.0	420.0	0.9221238209358575	0.05244872268097901	64.69566380371624	0.32235542542029966	4.90757369456995	0.322356605092014	0.061662755012584114	0.08524657520443983	249.6465766650348	119.0	2.0978703921431494	-597.3403689196587
2.0	188.0	420.0	1.3688623488212117	0.039680613784470624	27.212299967201698	0.277317180345735	8.284574516220001	0.2803993387253696	0.05272980534341466	0.08507965660187346	327.8665319277472	119.0	2.755180940569304	-602.3951306709467
2.0	188.0	420.0	0.9152680351011256	0.04463811358767273	62.65731414581615	0.3686992280496027	6.532622575319656	0.371907567508073	0.05272980534341466	0.08507965660187346	327.8665319277472	119.0	2.755180940569304	-602.3951306709467
2.0	198.0	420.0	2.2069257981089745	0.09283965795671734	28.466946599786773	0.15032360031075298	4.231609099325177	0.21182262605716076	0.06879721380449227	0.09891273618448536	267.36967241050394	119.0	2.2468039698361677	-561.3963305198264
2.0	198.0	420.0	0.9486264180502996	0.036171290193459285	47.77626488732023	1.2060720681507981	15.171621074512373	1.0006600262481273	0.06879721380449227	0.09891273618448536	267.36967241050394	119.0	2.2468039698361677	-561.3963305198264
2.0	208.0	420.0	2.767539425544582	0.0535397219140036	34.69793983966407	0.20022444413141274	7.383313332775394	0.21722429991820152	0.06841698942599676	0.10421362296137454	301.51575208421605	119.0	2.5337458158337482	-547.7580956345193
2.0	208.0	420.0	1.2157761563688139	0.059341911224467914	56.55238343126002	0.40787481517141616	5.763248344764496	0.4136465552723768	0.06841698942599676	0.10421362296137454	301.51575208421605	119.0	2.5337458158337482	-547.7580956345193
2.0	218.0	420.0	2.253832278876023	0.05423776928086987	38.99713480886344	0.21756525991042736	7.212683288768162	0.24225076791878816	0.06426285481642484	0.0998158487638469	337.3250779142401	119.0	2.834664520287732	-549.389841783139
2.0	218.0	420.0	2.1482178649061314	0.08468665298374854	56.01637129311181	0.14197096655573296	2.9119722359723625	0.14506715511776633	0.06426285481642484	0.0998158487638469	337.3250779142401	119.0	2.834664520287732	-549.389841783139
1.0	228.0	420.0	2.2104229934765813	0.09502163826428958	50.17441601964201	0.37590603632129255	7.571723510296284	0.3759055587164362	0.07586021953031745	0.1918060698714747	856.387788461952	122.0	7.019572036573377	-398.16451718957404
1.0	238.0	420.0	2.19316726811499	0.08064135410268868	50.51574588120211	0.27616641546244447	6.503434173830435	0.2761659321249244	0.06295555344935237	0.1556715575338695	769.2229800598918	122.0	6.305106393933539	-458.1981816894677
1.0	248.0	420.0	2.438034042228308	0.08767931713997967	50.02433394990367	0.30699856111298607	7.393630578465547	0.30699884726155413	0.06017495506004084	0.1796201876946306	1131.3628437369496	122.0	9.273465932270078	-421.2666975202582
1.0	258.0	420.0	2.7345508998613277	0.09588584395942562	51.71168087782874	0.32155755688990467	7.941592269390215	0.3215574817988428	0.36105376468786626	0.17999958155281012	40.37338689763578	122.0	0.3309294008002933	-389.9499634659829
2.0	268.0	420.0	0.38129707688258346	0.12120242965295203	19.11371172658376	1.2469956946592018	3.3993260428745478	1.2472111347733974	0.0831195453005407	0.15981507519386154	507.9230290155362	119.0	4.268260748029716	-433.9049636054017
2.0	268.0	420.0	2.611621687111822	0.07391665634484132	56.35965677053665	0.2986008378261006	9.137252305334455	0.29871474004153553	0.0831195453005407	0.15981507519386154	507.9230290155362	119.0	4.268260748029716	-433.9049636054017
3.0	278.0	420.0	0.2958545596513963	0.08404690557553758	20.752956370695724	1.1690874184143758	3.5638647897498563	1.169093062832513	0.06585006449858657	0.11713486879991658	397.8486233514888	116.0	3.429729511650766	-515.8087689007662
3.0	278.0	420.0	2.177810170123208	0.07928149074489699	47.94358135696122	0.24920726693836961	4.09891407124387	0.2470562357448079	0.06585006449858657	0.11713486879991658	397.8486233514888	116.0	3.429729511650766	-515.8087689007662
3.0	278.0	420.0	4.940727829810723	0.07664573224647524	61.23828550347478	0.11387674270875431	4.4223334301242	0.11603827397475804	0.06585006449858657	0.11713486879991658	397.8486233514888	116.0	3.429729511650766	-515.8087689007662
2.0	288.0	420.0	0.2983718004915596	0.2688511538693114	23.943919353410198	2.626111344342043	2.522216649270374	2.6260579055920084	0.06666885804652421	0.3200385533055537	2881.6113834095327	119.0	24.215221709323803	-272.0685698931535
2.0	288.0	420.0	5.379891058108706	0.16406332167468668	60.08122671819021	0.23831526968057312	6.76831952419752	0.23831547771801487	0.06666885804652421	0.3200385533055537	2881.6113834095327	119.0	24.215221709323803	-272.0685698931535
2.0	298.0	420.0	0.3362504892763337	0.1701599536946394	24.827086466800043	1.8513265306979843	3.169283018291841	1.851351339911548	0.07515590952173931	0.2256650947594993	1141.8939340595985	119.0	9.595747345038642	-357.81954656875297
2.0	298.0	420.0	5.214495211219381	0.11862929977070899	61.48479652007477	0.17124446035689894	6.518797651034539	0.17124447875749413	0.07515590952173931	0.2256650947594993	1141.8939340595985	119.0	9.595747345038642	-357.81954656875297
1.0	308.0	420.0	4.790321592061384	0.10913467953382133	62.62126572967997	0.17798714795892817	6.766029295648954	0.1779871982542013	0.11015533332424858	0.21355720925090146	478.6889592973755	122.0	3.923679994240783	-377.623785178701
1.0	318.0	420.0	4.307284909250343	0.14423869150052138	61.69786218674921	0.2547166666772893	6.587946779385135	0.25471690884175263	0.06243825940197042	0.2801557010308264	2533.9539603170415	122.0	20.770114428828208	-311.24145818381146
1.0	328.0	420.0	3.624967190273812	0.10581756914496508	60.403639190911754	0.1893229485827573	5.616722879287881	0.18932296475381472	0.06470963215682986	0.19002309943381857	1082.6107407736233	122.0	8.873858530931338	-408.60917631814687
1.0	338.0	420.0	2.3398468450108876	0.06594188700665765	61.38484081040825	0.22662618753428676	6.963605398667404	0.22662602819272587	0.07193271572490595	0.13190387034529918	421.8317326025299	122.0	3.4576371524797533	-499.96943026344854
2.0	348.0	420.0	1.9867140445661275	0.07195328036646052	54.59358628973005	0.12008580323738627	2.6996736033603788	0.12387539224188825	0.06769877627181616	0.08816048227723759	212.89651619364162	119.0	1.789046354568417	-593.8983704769003
2.0	348.0	420.0	2.159785389883204	0.060458692034913206	67.41913157683747	0.13176213922062707	3.9507637035746885	0.141721162483633	0.06769877627181616	0.08816048227723759	212.89651619364162	119.0	1.789046354568417	-593.8983704769003
3.0	358.0	420.0	0.33189829739703874	0.06015085782123282	36.38927959616492	0.9195892315327182	4.396347681310643	0.9214784069026098	0.05141875283388415	0.07930846413222543	411.7810113714013	116.0	3.549836304925873	-573.3506224745295
3.0	358.0	420.0	2.344496358621976	0.07955524967875212	54.96563187480741	0.09938702520536732	2.5185664223489295	0.10046066484645289	0.05141875283388415	0.07930846413222543	411.7810113714013	116.0	3.549836304925873	-573.3506224745295
3.0	358.0	420.0	1.8350849444032524	0.06191537995670783	70.45735204263245	0.16303579930136824	4.184982263289939	0.1659589426305546	0.05141875283388415	0.07930846413222543	411.7810113714013	116.0	3.549836304925873	-573.3506224745295
2.0	368.0	420.0	2.3287982745857208	0.10739323222280327	56.03984388954501	0.15087658962275982	2.8166707750778217	0.15283261247916774	0.07241807077800973	0.12651585576364582	433.31618915211845	119.0	3.6413125138833484	-488.21874503131687
2.0	368.0	420.0	1.9164556981414245	0.09195824258549258	71.35860788367017	0.2141067512275377	3.861341222442875	0.21816167440147782	0.07241807077800973	0.12651585576364582	433.31618915211845	119.0	3.6413125138833484	-488.21874503131687
3.0	378.0	420.0	0.4841797848924203	0.14159718196823728	41.381351195120864	0.6950882440560943	2.0603610501221636	0.6965373451770501	0.07403583371227343	0.14697179619611397	515.7095120422937	116.0	4.445771655537015	-454.0825599535878
3.0	378.0	420.0	2.383395770168246	0.11911164998630662	57.0475726584746	0.1781856392870804	2.9196692499466455	0.18274715353177343	0.07403583371227343	0.14697179619611397	515.7095120422937	116.0	4.445771655537015	-454.0825599535878
3.0	378.0	420.0	2.0709277097018934	0.09604588979404458	71.78479048902624	0.25496449151893064	4.647112201537214	0.2734093530115122	0.07403583371227343	0.14697179619611397	515.7095120422937	116.0	4.445771655537015	-454.0825599535878
4.0	388.0	420.0	0.35485199561969843	0.10820429674655195	41.05300830895487	0.6940401475738079	1.9811860386717242	0.7013053138960134	0.06150116635133367	0.11049999990021943	406.20157223510955	113.0	3.594704179071766	-523.0720977323183
4.0	388.0	420.0	2.6596228021080375	0.09326175763692279	57.597170812899435	0.14762237876909765	2.9392716203637432	0.1432322369966797	0.06150116635133367	0.11049999990021943	406.20157223510955	113.0	3.594704179071766	-523.0720977323183
4.0	388.0	420.0	1.9975384838387835	0.07233988293848334	70.49171472681307	0.25936086087376603	5.210627668926634	0.35968857023025746	0.06150116635133367	0.11049999990021943	406.20157223510955	113.0	3.594704179071766	-523.0720977323183
4.0	388.0	420.0	0.5964527806637653	0.07205275619630884	88.1457763040356	0.7344604296602381	4.524874735464937	0.7737509529072765	0.06150116635133367	0.11049999990021943	406.20157223510955	113.0	3.594704179071766	-523.0720977323183
2.0	398.0	420.0	3.3436072722963526	0.08651000989286187	64.37884870119576	0.20705019753741533	6.934260705917804	0.20960644194405506	0.0673707756950323	0.1642500162340432	798.3180524128333	119.0	6.708555062292716	-429.8999552909085
2.0	398.0	420.0	0.9349366055237057	0.11447300378218654	90.3245803717986	0.5595549903937621	3.9399135127535887	0.5630725500073561	0.0673707756950323	0.1642500162340432	798.3180524128333	119.0	6.708555062292716	-429.8999552909085
1.0	408.0	420.0	5.007942971425685	0.1350186362852015	64.03532293614495	0.20143764029361275	6.4703393927662844	0.20143759130076017	0.36105376468786626	0.22730498332390506	65.22150244398789	122.0	0.5346024790490811	-329.9976661029942
2.0	418.0	420.0	5.897731684112624	0.05609303317437123	62.31044014833919	0.07593674032391443	6.906847619644673	0.07746265234837336	0.06336163599062455	0.10275634723598877	376.5225733283118	119.0	3.1640552380530402	-539.1792804233155
2.0	418.0	420.0	0.6421190859958661	0.06479763775738119	89.80795001061766	0.6037132201420481	5.1504415518470035	0.6122145389899312	0.06336163599062455	0.10275634723598877	376.5225733283118	119.0	3.1640552380530402	-539.1792804233155
3.0	428.0	420.0	4.072443689047475	0.19553929587516986	52.11839386615264	0.1843838233951452	4.52859179132732	0.19572943780180205	0.06993422882601691	0.10337388912116345	275.0602526889559	116.0	2.3712090749047925	-546.9002446827094
3.0	428.0	420.0	6.691765291348515	0.20592397807619658	63.63938562902341	0.10001627481784985	3.8630595941273755	0.10522120617016874	0.06993422882601691	0.10337388912116345	275.0602526889559	116.0	2.3712090749047925	-546.9002446827094
3.0	428.0	420.0	0.5999830155622912	0.08691298238041051	73.46757811774035	4.946260722159592	13.173697388494883	2.960745528721737	0.06993422882601691	0.10337388912116345	275.0602526889559	116.0	2.3712090749047925	-546.9002446827094
3.0	438.0	420.0	7.605993849602732	0.13197801308086524	50.16326051131549	0.0832975437249719	3.8077742515179116	0.08927857757041283	0.06741618345683505	0.18079727060916218	968.0302823929233	116.0	8.345088641318304	-398.78362330267686
3.0	438.0	420.0	7.9326591504465185	0.13376108286649493	64.01818848485543	0.08048642356064147	3.712888955273651	0.08995429477727451	0.06741618345683505	0.18079727060916218	968.0302823929233	116.0	8.345088641318304	-398.78362330267686
3.0	438.0	420.0	0.5513368036437187	0.1027676892031587	84.05604252385365	1.3771394981781386	6.29753723150449	1.4668616533260093	0.06741618345683505	0.18079727060916218	968.0302823929233	116.0	8.345088641318304	-398.78362330267686
3.0	448.0	420.0	10.396373860103193	0.1826626715598481	49.699828776332	0.07054044254341303	3.305415266978618	0.07352609391126862	0.05381744077140666	0.23614110033545574	2572.384178817003	116.0	22.17572567945692	-332.93986589648887
3.0	448.0	420.0	7.641360792019576	0.165359606466869	64.37274224705531	0.10856740900444872	4.166919723032068	0.12062407255434988	0.05381744077140666	0.23614110033545574	2572.384178817003	116.0	22.17572567945692	-332.93986589648887
3.0	448.0	420.0	0.5567527467174553	0.14044702314245314	84.89366318478787	1.6629609071875247	5.6527933367702445	1.7426854187356	0.05381744077140666	0.23614110033545574	2572.384178817003	116.0	22.17572567945692	-332.93986589648887
3.0	458.0	420.0	11.216743244184347	0.23630406785440278	50.24410997879959	0.06438504576835803	3.365704993619164	0.08261281689505351	0.07178698929047532	0.24232756860133364	1428.6038321711276	116.0	12.315550277337307	-334.4303933739555
3.0	458.0	420.0	7.919729521077091	0.2308168256612524	65.16163497100824	0.10188674031699878	3.943304101867862	0.12922499593144712	0.07178698929047532	0.24232756860133364	1428.6038321711276	116.0	12.315550277337307	-334.4303933739555
3.0	458.0	420.0	0.3141203046523871	0.13091655407965025	74.75529090719665	11.145185729774527	19.165122356777136	6.882581851769439	0.07178698929047532	0.24232756860133364	1428.6038321711276	116.0	12.315550277337307	-334.4303933739555
2.0	468.0	420.0	12.036465949576431	0.12650227837418235	51.08145938291029	0.05284988980255714	3.855086198969536	0.056265790451269275	0.07149654349158839	0.1672148091760714	825.4018838593971	119.0	6.936150284532749	-410.87009610303414
2.0	468.0	420.0	7.4058339893975615	0.12446164949557655	65.12001140893818	0.08736460684824783	4.0091677765919	0.09378738379420266	0.07149654349158839	0.1672148091760714	825.4018838593971	119.0	6.936150284532749	-410.87009610303414
3.0	478.0	420.0	7.6585117734440615	0.202057691286077	52.11496583033182	0.0642265967459036	2.4384885714347946	0.07955164652574677	0.0626379229111088	0.1802332132276415	1067.6780960674478	116.0	9.204121517822825	-404.91490078139054
3.0	478.0	420.0	6.378219614439298	0.12823863469405727	58.588203512991264	0.2144905154630339	9.084598710198012	0.14573767168810095	0.0626379229111088	0.1802332132276415	1067.6780960674478	116.0	9.204121517822825	-404.91490078139054
3.0	478.0	420.0	0.44246755976986407	0.11287718453521332	190.6799206608901	1.4345455620399958	4.872139233205911	1.4738437862875333	0.0626379229111088	0.1802332132276415	1067.6780960674478	116.0	9.204121517822825	-404.91490078139054
3.0	488.0	420.0	7.962360797629613	0.17307869593262737	53.01324581205103	0.04117732742580689	2.6322770661689567	0.06103370420129515	0.06832821009062041	0.11452348630425548	354.1992729112809	116.0	3.0534420078558697	-521.0996821000914
3.0	488.0	420.0	6.016306815731554	0.08078882679679907	61.070724886742425	0.2013271034408985	7.7096821402458104	0.12575813895387092	0.06832821009062041	0.11452348630425548	354.1992729112809	116.0	3.0534420078558697	-521.0996821000914
3.0	488.0	420.0	0.532618675414931	0.07791339681821434	190.81134075927096	0.6730996071719134	3.987975426305014	0.6768628460598677	0.06832821009062041	0.11452348630425548	354.1992729112809	116.0	3.0534420078558697	-521.0996821000914
3.0	498.0	420.0	9.488782601840253	0.19617508847245016	53.231598634387396	0.0854763270592606	3.4640043904290208	0.07487815267541638	0.06733878632014935	0.15645688359710408	683.1183462831068	116.0	5.8889512610612655	-442.64520706944813
3.0	498.0	420.0	5.576510394015095	0.091304599628466	64.99483372807457	0.25395059329313313	6.029107300091015	0.22673736567827624	0.06733878632014935	0.15645688359710408	683.1183462831068	116.0	5.8889512610612655	-442.64520706944813
3.0	498.0	420.0	0.47041945763954107	0.12489381377953662	190.0761780234747	0.888285553176371	2.8976503904677835	0.8882900264141794	0.06733878632014935	0.15645688359710408	683.1183462831068	116.0	5.8889512610612655	-442.64520706944813
2.0	508.0	420.0	9.043077082006183	0.12575721210244928	53.64112417155149	0.13623125985421175	4.510840457434394	0.11214493804006906	0.10718012541930932	0.14539833805887267	321.1434385284791	119.0	2.6986843573821777	-427.65247990125846
2.0	508.0	420.0	5.932112259161896	0.11069908194785023	66.52915614492677	0.22266663213143506	4.978874290712603	0.191407720410435	0.10718012541930932	0.14539833805887267	321.1434385284791	119.0	2.6986843573821777	-427.65247990125846
2.0	518.0	420.0	7.086971994508066	0.07600439081961595	56.252223915197604	0.24819949563173854	7.862707604718016	0.20966578377950104	0.11613330881124866	0.13597704074633998	201.57525771317054	119.0	1.6939097286821054	-465.8111363291381
2.0	518.0	420.0	3.801015841617925	0.21793272887974552	69.53582623001056	0.18508463357187527	3.86823033948757	0.19593811123839838	0.11613330881124866	0.13597704074633998	201.57525771317054	119.0	1.6939097286821054	-465.8111363291381
3.0	528.0	420.0	2.529488357008644	0.07308925429481712	46.48349442516771	0.2303676312646493	4.41013585310787	0.23595409559243635	0.05874069904641321	0.10580777930667899	438.1793025911542	116.0	3.7774077809582263	-532.3010887631954
3.0	528.0	420.0	4.753672610395806	0.25982688455385067	57.51527902967599	0.12168730602436414	3.040737624791208	0.14898316660937286	0.05874069904641321	0.10580777930667899	438.1793025911542	116.0	3.7774077809582263	-532.3010887631954
3.0	528.0	420.0	6.052547049793401	0.07889068280159155	66.9693553252952	0.2526845630619202	5.911662916876425	0.18932916959392795	0.05874069904641321	0.10580777930667899	438.1793025911542	116.0	3.7774077809582263	-532.3010887631954
1.0	538.0	420.0	7.3735753050787745	0.13211599945233468	63.60261435586402	0.13381522126949685	6.468018755117336	0.1338152615570541	0.08302221179908775	0.2550756458144568	1180.5890071273075	122.0	9.676959074813995	-335.47989696230417
1.0	548.0	420.0	7.143978541912692	0.22025807962168842	62.89404667204308	0.1865951620979749	5.242005392560001	0.1865955293130288	0.06837249457800414	0.3819654447918486	3920.7851501601594	122.0	32.13758319803409	-233.979481715846
1.0	558.0	420.0	6.210181696204921	0.23652659918070454	62.430134194156146	0.20232513808524907	4.600089605073454	0.2023248142230743	0.09276929331590328	0.38523412358059994	2155.544282178195	122.0	17.668395755558976	-232.47429617449055
1.0	568.0	420.0	5.606955349075336	0.20499384422095118	62.74619186977739	0.1829754703058019	4.333634964813331	0.18297499428946817	0.09032515520610657	0.3232984923534784	1609.0455791261047	122.0	13.188898189558236	-275.6994787981699
3.0	578.0	420.0	5.0386620362327275	0.154748293007509	62.17903084702154	0.06841352262100162	3.054636247701258	0.10350263549743381	0.05359360534712721	0.11858510859329167	614.2724698495015	116.0	5.295452326288806	-513.0005561229631
3.0	578.0	420.0	1.23200044433529	0.05722796822102626	74.29186722694706	1.0507072642802322	9.550029329891572	0.8197811767845161	0.05359360534712721	0.11858510859329167	614.2724698495015	116.0	5.295452326288806	-513.0005561229631
3.0	578.0	420.0	0.614518549911856	0.07690928568053182	118.10557919499327	0.6290051173140712	4.352409929447525	0.6290518343690734	0.05359360534712721	0.11858510859329167	614.2724698495015	116.0	5.295452326288806	-513.0005561229631
2.0	588.0	420.0	4.014767234087773	0.18948972199094177	62.0202344623875	0.11692340966530092	3.1038767330433794	0.16961346350139783	0.06423167915153002	0.1645348119053125	820.4169273149618	119.0	6.89425989340304	-438.4154566981072
2.0	588.0	420.0	1.1258473161325129	0.07323543094447149	75.08113122246569	1.4918218976609645	10.499740171041038	1.1819079095949883	0.06423167915153002	0.1645348119053125	820.4169273149618	119.0	6.89425989340304	-438.4154566981072
3.0	598.0	420.0	3.1447461476913703	0.10492305169302789	61.154290436043155	0.20428740536131493	5.012031607901828	0.22460223642294871	0.05740375004780415	0.1271932944506329	613.7029218393659	116.0	5.290542429649706	-495.94653995757767
3.0	598.0	420.0	1.2902374929926652	0.1258530578989526	73.28961965197075	0.3851544736074283	3.076234226065159	0.398233941625201	0.05740375004780415	0.1271932944506329	613.7029218393659	116.0	5.290542429649706	-495.94653995757767
3.0	598.0	420.0	0.34270359111211934	0.0425028914557391	94.1401714923796	4.509916681575698	17.80725587665161	4.3888975718880605	0.05740375004780415	0.1271932944506329	613.7029218393659	116.0	5.290542429649706	-495.94653995757767
3.0	608.0	420.0	1.5190259947225488	0.2462353937390075	51.82010094827962	0.2946226193936651	2.7111857194735283	0.461754735833491	0.0639784951239213	0.16078143338495554	790.2087238362483	116.0	6.81214417100214	-437.23892647158186
3.0	608.0	420.0	2.9394244260431917	0.09154503272783904	61.57572705926506	0.603567533470698	7.985532593131424	0.4383821204008427	0.0639784951239213	0.16078143338495554	790.2087238362483	116.0	6.81214417100214	-437.23892647158186
3.0	608.0	420.0	0.8083309030412202	0.11723998048890674	100.01254936825146	0.5750509945143	3.4335979928439047	0.5750585827136223	0.0639784951239213	0.16078143338495554	790.2087238362483	116.0	6.81214417100214	-437.23892647158186
3.0	618.0	420.0	2.5643737142007788	0.19811848960790465	50.88625486514933	0.15249608574349371	2.7070455740495847	0.23038345493552714	0.0604294731007681	0.14089837598762373	701.8521068153258	116.0	6.050449196683843	-466.3282432524459
3.0	618.0	420.0	2.9890524726494148	0.07224900265801125	61.82448433247892	0.4880510425155158	8.424678729492694	0.3898228565026885	0.0604294731007681	0.14089837598762373	701.8521068153258	116.0	6.050449196683843	-466.3282432524459
3.0	618.0	420.0	0.8071111258771695	0.10246604952202149	100.50163167753958	0.5221574914640398	3.561870196594681	0.5221802929248824	0.0604294731007681	0.14089837598762373	701.8521068153258	116.0	6.050449196683843	-466.3282432524459
2.0	628.0	420.0	2.996394363011299	0.10849174190601055	51.72019456521822	0.289541208260763	4.457570298567371	0.25402182966118486	0.06686710313562994	0.15169337605879682	656.6473329322686	119.0	5.518044814556879	-456.1960076294925
2.0	628.0	420.0	3.0622823267220753	0.08623820139990158	66.47530595240767	0.33892438448303724	5.926643126504406	0.32824943253650546	0.06686710313562994	0.15169337605879682	656.6473329322686	119.0	5.518044814556879	-456.1960076294925
2.0	638.0	420.0	2.5825378247237656	0.07103893487227805	52.93708850239758	0.27686946849983224	5.0257198485997545	0.2571088184830666	0.08303192481443114	0.11542814872324351	243.8918129669414	119.0	2.049511033335642	-525.8692877752683
2.0	638.0	420.0	3.2356635931798445	0.07122746755675122	67.53247049843766	0.22050667955638242	5.0069797735424535	0.20444213982925877	0.08303192481443114	0.11542814872324351	243.8918129669414	119.0	2.049511033335642	-525.8692877752683
2.0	648.0	420.0	2.3723625689789873	0.20378458742085218	57.511615780292814	1.839454645749914	7.730512793362799	1.093863236897704	0.1519244927380447	0.1316136236229087	129.89216942577545	119.0	1.091530835510718	-453.5821826840309
2.0	648.0	420.0	2.106274734082026	0.5564900146473369	69.2395663508527	0.7655884330898733	4.805611469451999	0.6094138809947673	0.1519244927380447	0.1316136236229087	129.89216942577545	119.0	1.091530835510718	-453.5821826840309
1.0	658.0	420.0	3.113418633648317	0.06857404098957852	62.897138254494386	0.23559757875473386	9.263440307992965	0.23559755705692773	0.11007275255027049	0.1494642184884845	259.1494364244867	122.0	2.124175708397432	-454.5170446693259
3.0	668.0	420.0	0.9983451893400479	0.1359054669438372	59.68515697475447	0.9349600678817527	13.92705861513804	1.0063453028262088	0.06424921846626452	0.10305371209219283	322.0983992363238	116.0	2.776710338244171	-548.3632937599223
3.0	668.0	420.0	1.947580181657957	0.14509699465890089	60.77678189197048	0.20149730624707374	3.9326584142962737	0.305092285726667	0.06424921846626452	0.10305371209219283	322.0983992363238	116.0	2.776710338244171	-548.3632937599223
3.0	668.0	420.0	1.6247717664990198	0.11484124732518687	71.17446668130805	0.19046024685541993	2.358850142734366	0.20487797130177518	0.06424921846626452	0.10305371209219283	322.0983992363238	116.0	2.776710338244171	-548.3632937599223
2.0	8.0	430.0	3.7587406060569295	0.1704076238559997	20.46921445493087	0.6593431706354321	7.749796013611938	0.6486798223042531	0.3279639001137062	0.3452756374114179	141.30872662972064	119.0	1.1874682910060559	-250.67190615564814
2.0	8.0	430.0	3.19701175380498	0.18642727443800136	41.8429675060064	0.7143953852601337	6.662839317404994	0.663104133707041	0.3279639001137062	0.3452756374114179	141.30872662972064	119.0	1.1874682910060559	-250.67190615564814
2.0	18.0	430.0	4.95345365747881	0.11665072994005961	24.847681302693726	0.4660993240019856	8.494773706840261	0.4327038113243769	0.25507385378109315	0.24413393604955427	115.29467085399237	119.0	0.9688627802856502	-338.94149022980486
2.0	18.0	430.0	3.196814221261401	0.20514049929159422	42.856074438541526	0.48254264291139576	5.278127924497554	0.41187865920288097	0.25507385378109315	0.24413393604955427	115.29467085399237	119.0	0.9688627802856502	-338.94149022980486
2.0	28.0	430.0	5.735537066166556	0.0903805779239502	25.81431395518508	0.27687844757650576	8.939076185568306	0.2781948715673466	0.17993751147391815	0.1925937061068039	147.05822623624303	119.0	1.2357834137499415	-395.7601888171264
2.0	28.0	430.0	2.4204083106400556	0.16532463930114485	43.71395258879851	0.3739516269161353	4.500376387503071	0.36425089351445994	0.17993751147391815	0.1925937061068039	147.05822623624303	119.0	1.2357834137499415	-395.7601888171264
2.0	38.0	430.0	1.9290770053430575	0.3883125245083824	22.623125820712325	0.6453633445997817	5.8718909047207966	0.9032253994338935	0.11721443336790983	0.19653569362280573	399.3252534625472	119.0	3.3556743988449345	-378.0428851602055
2.0	38.0	430.0	2.783614958746961	0.32819607926526445	31.04729499555359	1.3308004779159397	12.326264930928083	0.5748346700164726	0.11721443336790983	0.19653569362280573	399.3252534625472	119.0	3.3556743988449345	-378.0428851602055
1.0	48.0	430.0	2.5687529911751503	0.06542515070308136	30.047439217197276	0.3220878035991401	10.950617819702025	0.32208765964563235	0.1363632229464067	0.15206706754797153	181.70895342688794	122.0	1.4894176510400652	-445.34673500991164
1.0	58.0	430.0	2.7784790091034584	0.07066459191875069	32.78749870151059	0.23931334147707434	8.148614379963995	0.23931326723241136	0.0967791470811226	0.14849314117116275	313.14833144028256	122.0	2.5667896019695293	-463.0355272371831
1.0	68.0	430.0	3.7947041125870986	0.10312232918250598	34.131405716956934	0.16956093286476145	5.402933929918315	0.16956064535478155	0.08886436590102507	0.15901131218808767	524.478811211442	122.0	4.299006649274115	-419.89960112589307
2.0	78.0	430.0	3.302034653297165	0.08561443181577806	34.1732430896433	0.10217453649617114	3.689713594196247	0.11997929894387942	0.0705163837944889	0.10316027160028565	311.78141400216873	119.0	2.620011882371166	-536.0171099685066
2.0	78.0	430.0	0.5677196497025626	0.04835402809529971	41.513315565271874	1.5724955371263536	21.946178791190686	1.6001653428754203	0.0705163837944889	0.10316027160028565	311.78141400216873	119.0	2.620011882371166	-536.0171099685066
3.0	88.0	430.0	2.3244765764953152	0.08683096198262709	32.26586583807903	0.14239014655669976	3.6955336748100915	0.17313522862656786	0.05724562516126002	0.08930680882267994	397.49376498815263	116.0	3.426670387828902	-550.9276076868306
3.0	88.0	430.0	0.6131614582431724	0.05088667951826271	43.951040823046796	1.7009279767972574	15.529303821618612	1.2911014260917753	0.05724562516126002	0.08930680882267994	397.49376498815263	116.0	3.426670387828902	-550.9276076868306
3.0	88.0	430.0	0.33779694294378537	0.09788701904244974	70.57616337597865	0.6995708222341539	2.1788997505790615	0.7761296645519582	0.05724562516126002	0.08930680882267994	397.49376498815263	116.0	3.426670387828902	-550.9276076868306
2.0	98.0	430.0	1.9073811785392731	0.08004998062905547	30.399543128206933	0.16111326621959524	3.962742535581903	0.20771337587823394	0.05938677700784832	0.0944968297803466	342.8137629978411	119.0	2.8807879243516057	-567.099857592772
2.0	98.0	430.0	0.4460268946612387	0.03190737302763586	53.8858626814393	2.1714748924164473	17.403890537558397	2.0155702175938144	0.05938677700784832	0.0944968297803466	342.8137629978411	119.0	2.8807879243516057	-567.099857592772
2.0	108.0	430.0	1.105016817056132	0.08127374941833802	28.771838286711628	0.3107792342874352	4.1103622591977516	0.3715282773047645	0.07424496923169635	0.09478068859016017	246.30923355048816	119.0	2.0698254920209087	-552.6001930855741
2.0	108.0	430.0	0.3508815750362185	0.037842848822076953	53.671120435842305	2.434306246793926	14.515134890373867	2.614828468756265	0.07424496923169635	0.09478068859016017	246.30923355048816	119.0	2.0698254920209087	-552.6001930855741
3.0	118.0	430.0	1.1684073149735184	0.06490017814291037	27.34373324002285	0.2513897859288992	3.8341656199136738	0.26065163271545466	0.06832303036805602	0.07533760968394819	153.5042364107059	116.0	1.3233123828509128	-625.6350728401216
3.0	118.0	430.0	0.6096277327859293	0.03905962904277274	45.59125277902362	0.8137783162797906	8.854166379789964	1.215822970717166	0.06832303036805602	0.07533760968394819	153.5042364107059	116.0	1.3233123828509128	-625.6350728401216
3.0	118.0	430.0	0.3826114766453687	0.05476612580023117	67.14453233905424	0.6989292527036325	3.8105211990553345	0.709506611584416	0.06832303036805602	0.07533760968394819	153.5042364107059	116.0	1.3233123828509128	-625.6350728401216
3.0	128.0	430.0	0.9438055501734472	0.06460722992113474	28.5882867659732	0.2576246019427149	3.5385422713244754	0.3050616131991784	0.06465372019964793	0.07762499581517203	186.71479884494525	116.0	1.6096103348702178	-614.9536186063107
3.0	128.0	430.0	0.47234874989300374	0.034184445937178884	40.966966734999296	1.6804325068546324	17.397576603039504	1.2871687046772062	0.06465372019964793	0.07762499581517203	186.71479884494525	116.0	1.6096103348702178	-614.9536186063107
3.0	128.0	430.0	0.3793038700562271	0.08270001219921982	65.23552920631003	0.4396285084487512	1.8350262225600638	0.498990495610058	0.06465372019964793	0.07762499581517203	186.71479884494525	116.0	1.6096103348702178	-614.9536186063107
2.0	168.0	430.0	1.2010855487307999	0.05256881104668781	21.549504209779407	0.31708648901614994	6.274139233202844	0.31708648917672616	0.05803569152865909	0.09673560021025467	361.9268311359817	119.0	3.041401942319174	-566.0713659520167
2.0	168.0	430.0	0.8198369326587699	0.05926724461912873	66.93858649450732	0.41198931557769236	4.937241046413035	0.411991694864259	0.05803569152865909	0.09673560021025467	361.9268311359817	119.0	3.041401942319174	-566.0713659520167
3.0	178.0	430.0	1.6024537938256747	0.030139902385113423	22.034572634788535	0.16371307659802933	6.599076402844548	0.18105564493798465	0.058580108393074835	0.053838353616607895	112.14707186254425	116.0	0.9667851022633125	-703.3376276433123
3.0	178.0	430.0	0.6676952492727974	0.03739199224423463	40.00283588220952	0.3127020630709047	4.074641790656824	0.3135843961631823	0.058580108393074835	0.053838353616607895	112.14707186254425	116.0	0.9667851022633125	-703.3376276433123
3.0	178.0	430.0	0.934727295181999	0.03542453807014493	66.31500171349218	0.1958253529500284	4.474974012846342	0.19583977443406544	0.058580108393074835	0.053838353616607895	112.14707186254425	116.0	0.9667851022633125	-703.3376276433123
3.0	188.0	430.0	1.6886234822333417	0.04066825336909027	24.425441115791287	0.47475387103672956	7.068049209389935	0.36196965929308006	0.05695534786906718	0.06282638430126063	153.0537228824287	116.0	1.3194286455381785	-671.4972982727977
3.0	188.0	430.0	1.0022878241708701	0.05553525360182544	40.8739410015737	0.6601176400423454	5.9763057588227255	0.5519202514487203	0.05695534786906718	0.06282638430126063	153.0537228824287	116.0	1.3194286455381785	-671.4972982727977
3.0	188.0	430.0	1.096011856208917	0.03545592117089611	64.00463894282043	0.24020056613396093	5.950027758550097	0.2571454299356285	0.05695534786906718	0.06282638430126063	153.0537228824287	116.0	1.3194286455381785	-671.4972982727977
2.0	198.0	430.0	2.280321413145222	0.055535612093554794	30.290019508758473	0.3144552238358853	7.928834761236912	0.3108550152347865	0.06979340838752376	0.1117632492816728	345.424236413585	119.0	2.9027246757444116	-525.7846135553132
2.0	198.0	430.0	1.0540233813624658	0.05216354998973687	57.14259383803957	0.7276388520942527	9.142448642446555	0.7556006804740457	0.06979340838752376	0.1117632492816728	345.424236413585	119.0	2.9027246757444116	-525.7846135553132
2.0	208.0	430.0	2.92500012620152	0.059729171412699754	33.978773003460454	0.1837668072576211	7.592025110846482	0.1981555169572825	0.08084750828159792	0.11826430988448529	279.17278964469034	119.0	2.3459898289469776	-515.6461173906819
2.0	208.0	430.0	1.6581247736520353	0.07869934287021128	56.54776539930528	0.24488721108234954	4.196862171717011	0.24943247330942145	0.08084750828159792	0.11826430988448529	279.17278964469034	119.0	2.3459898289469776	-515.6461173906819
2.0	218.0	430.0	2.743759013811399	0.07678106169309386	38.03515091641906	0.2614069564142432	7.341625619915268	0.2910161431596138	0.06465159693132204	0.15032061665277605	679.2827258089449	119.0	5.708258200075167	-460.3832926688998
2.0	218.0	430.0	2.0453181290165707	0.11114227909656288	56.07789874859775	0.23684698866903983	3.4070542312549383	0.23922576804077064	0.06465159693132204	0.15032061665277605	679.2827258089449	119.0	5.708258200075167	-460.3832926688998
