ncomps	x	y	amplitude	err amplitude	shift	err shift	width	err width	rms	residual	chisq	dof	redchisq	aic
3.0	228.0	430.0	2.53371990665365	0.056086669741987186	44.096260717303004	0.3389480497626598	6.8876101278026285	0.32619722938338364	0.06275843934613436	0.10403574828387536	349.95899257738625	116.0	3.0168878670464334	-543.8625564375484
3.0	228.0	430.0	2.0850875880044546	0.134603227650926	55.78930870117878	0.1620949758493192	2.7769427448752113	0.19264141369031237	0.06275843934613436	0.10403574828387536	349.95899257738625	116.0	3.0168878670464334	-543.8625564375484
3.0	228.0	430.0	0.2005606698991445	0.05340924504554721	82.96018646826197	2.170251991941528	7.055872466920029	2.1745388352973216	0.06275843934613436	0.10403574828387536	349.95899257738625	116.0	3.0168878670464334	-543.8625564375484
2.0	238.0	430.0	2.995526509312989	0.0798511281186757	49.30795880937257	0.2194293787345845	7.129856383355243	0.2195515488162555	0.06332288912359327	0.15984181700839195	796.8263137714229	119.0	6.696019443457335	-445.6248659173096
2.0	238.0	430.0	0.3753520389114862	0.13288474771071826	77.66110695747972	1.0528877239506496	2.5706432422483814	1.053012361003033	0.06332288912359327	0.15984181700839195	796.8263137714229	119.0	6.696019443457335	-445.6248659173096
4.0	248.0	430.0	0.145219133458757	0.09868190062010562	8.58595215477568	4.633152578461348	5.907311491720304	4.633424744770651	0.05171779751426098	0.1750902887853723	1435.1738273334295	113.0	12.70065333923389	-408.61167371183615
4.0	248.0	430.0	3.2420699193229807	0.08959956198366235	49.12792808831443	0.22919669835028372	7.186600849109345	0.23055221071571144	0.05171779751426098	0.1750902887853723	1435.1738273334295	113.0	12.70065333923389	-408.61167371183615
4.0	248.0	430.0	0.32315065519178154	0.15167336624168198	75.82942511177149	2.4047810280385384	3.2686312478131967	2.1894564457545935	0.05171779751426098	0.1750902887853723	1435.1738273334295	113.0	12.70065333923389	-408.61167371183615
4.0	248.0	430.0	0.23827065818058873	0.10960104212520592	87.79044079575085	4.345988643048154	5.094942459738654	4.4108897410032695	0.05171779751426098	0.1750902887853723	1435.1738273334295	113.0	12.70065333923389	-408.61167371183615
2.0	258.0	430.0	3.3260265132727356	0.07618247401505003	50.4555268011161	0.20750744285730077	7.5054828651565035	0.21809441822461217	0.0659515278703751	0.15490690905533205	689.6160078576474	119.0	5.79509250300544	-453.5192944609678
2.0	258.0	430.0	0.2892603570103738	0.07279777350507206	81.42068468790944	2.497359569097734	8.299519527143019	2.6532444107465945	0.0659515278703751	0.15490690905533205	689.6160078576474	119.0	5.79509250300544	-453.5192944609678
1.0	268.0	430.0	3.294225628898894	0.07787726648449703	53.06318910013891	0.22435579388705224	8.219322872141772	0.22435588733186304	0.09385898215319302	0.16806453427564116	407.85171019393414	122.0	3.3430468048683126	-437.6667137922072
2.0	278.0	430.0	4.010910338971771	0.08711060440518882	47.56327058684074	0.16432817956226073	4.269242045285392	0.15788846626640318	0.1108175617056429	0.12511776354624504	178.98801640801724	119.0	1.5041009782186323	-492.3800002562579
2.0	278.0	430.0	4.116653253934901	0.08278901112739112	61.21702114321568	0.16841892970239877	4.720300836300553	0.16811513449073887	0.1108175617056429	0.12511776354624504	178.98801640801724	119.0	1.5041009782186323	-492.3800002562579
2.0	288.0	430.0	4.372312559929925	0.06965357293570701	49.77327808112558	0.1497202177092562	4.799774294751758	0.1453319208037179	0.10236693696089236	0.1000267922760217	149.4002424768434	119.0	1.2554642224944823	-534.7966157321413
2.0	288.0	430.0	5.8877424410824535	0.07855026007072526	62.62830754206042	0.10047341879844351	4.018350511392919	0.09106101767177763	0.10236693696089236	0.1000267922760217	149.4002424768434	119.0	1.2554642224944823	-534.7966157321413
2.0	298.0	430.0	3.636230593635644	0.08591515602851953	51.806305477882184	0.2117254793620273	4.0246003161762784	0.17850375506219474	0.10013121178644498	0.09988589040098879	167.25007582689904	119.0	1.4054628220747818	-526.20954250915
2.0	298.0	430.0	5.6705018096570425	0.08119772620369851	63.117989118521244	0.14020285430111715	4.2194581993972875	0.12071400335992215	0.10013121178644498	0.09988589040098879	167.25007582689904	119.0	1.4054628220747818	-526.20954250915
2.0	308.0	430.0	0.38311440558967225	0.10104989954465968	27.297606727456717	1.0844161706922006	3.5633470789330035	1.0844413117552438	0.12274042297924766	0.12678876511615472	169.71751776813176	119.0	1.4261976283036282	-473.4813123809576
2.0	308.0	430.0	4.328722172919319	0.07482635086036736	61.906770886041215	0.12964682010821107	6.49505985365798	0.12964721154327377	0.12274042297924766	0.12678876511615472	169.71751776813176	119.0	1.4261976283036282	-473.4813123809576
2.0	318.0	430.0	0.3189008535245172	0.14033657872929767	28.323017232733473	2.529045885365518	4.975042125093185	2.529091933825133	0.059762717260554744	0.2314835053889745	1929.5215008396947	119.0	16.21446639361088	-349.5422546485617
2.0	318.0	430.0	3.907308651316298	0.1304580170389618	62.2117093130101	0.22204108947737325	5.75944697297323	0.22204782460556852	0.059762717260554744	0.2314835053889745	1929.5215008396947	119.0	16.21446639361088	-349.5422546485617
2.0	328.0	430.0	3.6235943295330957	0.08661671797298551	61.158852839104284	0.14346716603635537	5.073673273089761	0.15367384654184332	0.05915356317188042	0.1435093151349468	736.525270027749	119.0	6.189287983426462	-472.48902216574
2.0	328.0	430.0	1.2007642935409655	0.1058972980610397	77.49067197945557	0.3533029615935713	3.286880809857453	0.3629869618393003	0.05915356317188042	0.1435093151349468	736.525270027749	119.0	6.189287983426462	-472.48902216574
1.0	338.0	430.0	2.7113187708175466	0.07898513579649025	62.75350767937673	0.22805532707188145	6.779424625064089	0.2280552586735944	0.0667395638351675	0.15572609307042268	684.4459549046929	122.0	5.6102127451204336	-458.2023416499997
2.0	348.0	430.0	2.0326546076773413	0.07417411597674593	54.655465335520084	0.11306759930764126	2.559041706818586	0.11618722173344521	0.07636859373125962	0.08428525324687866	168.72438549170653	119.0	1.4178519789219035	-592.8399727221456
2.0	348.0	430.0	2.845762486313411	0.0609493314293654	67.44346645021716	0.09845021827708206	3.9016655479496816	0.10496057365329024	0.07636859373125962	0.08428525324687866	168.72438549170653	119.0	1.4178519789219035	-592.8399727221456
3.0	358.0	430.0	0.30845305350763813	0.045723967591616906	37.84973620865189	0.626614851385526	3.65956179798387	0.6285691790006862	0.054944829396080905	0.06320994599110628	173.45551011828795	116.0	1.4953061217093788	-664.8402819579845
3.0	358.0	430.0	2.7262375766712807	0.05265124144014651	54.608421435623036	0.06213804294087923	2.773785667833569	0.06305197974962214	0.054944829396080905	0.06320994599110628	173.45551011828795	116.0	1.4953061217093788	-664.8402819579845
3.0	358.0	430.0	2.5628272103119007	0.04594646767895886	69.50815518433208	0.07564059779571362	3.6516225001491165	0.07689584927347574	0.054944829396080905	0.06320994599110628	173.45551011828795	116.0	1.4953061217093788	-664.8402819579845
2.0	368.0	430.0	3.0405791004443006	0.0823859467384699	55.04161201115906	0.11546505759046698	3.5400030562840374	0.12103953214728562	0.06078662466039425	0.10411350428612438	448.44439163634337	119.0	3.7684402658516247	-527.700642796006
2.0	368.0	430.0	2.0075459258284267	0.0779434290949961	69.91137418371605	0.1849091956843715	3.9959232710083548	0.1962370693859305	0.06078662466039425	0.10411350428612438	448.44439163634337	119.0	3.7684402658516247	-527.700642796006
4.0	378.0	430.0	2.18418738493556	0.12231407228118035	55.7089782145916	0.14272831692359086	3.084567683152116	0.21196680562154918	0.06842145689417178	0.09035644922311373	249.5086401179823	113.0	2.208041062990994	-557.334011402433
4.0	378.0	430.0	1.1011969607856331	0.11317320440504565	71.37941393809811	0.29524325576500593	3.053083665804186	0.4077195238741742	0.06842145689417178	0.09035644922311373	249.5086401179823	113.0	2.208041062990994	-557.334011402433
4.0	378.0	430.0	0.40400249373505526	0.07503624539989004	91.06570150544101	0.7278022839658322	3.2695984587997424	0.7736124959976172	0.06842145689417178	0.09035644922311373	249.5086401179823	113.0	2.208041062990994	-557.334011402433
4.0	378.0	430.0	0.9818045935911246	0.12550883747239114	58.41236960946195	1.1972049250617047	13.329255852357347	1.019807850978912	0.06842145689417178	0.09035644922311373	249.5086401179823	113.0	2.208041062990994	-557.334011402433
2.0	388.0	430.0	2.3926739530274084	0.1099158419531622	56.56999868727601	0.16038104974534967	3.2300657928272143	0.18637423768762598	0.060972901482409685	0.1320074282553913	601.3841870900269	119.0	5.053648631008629	-490.2545435434817
2.0	388.0	430.0	1.0318802372712959	0.05932023039092785	66.33467882691968	1.035803121810713	17.444378217483113	0.8754506623602387	0.060972901482409685	0.1320074282553913	601.3841870900269	119.0	5.053648631008629	-490.2545435434817
3.0	398.0	430.0	2.9298807220900565	0.05758684231325876	57.98360540870771	0.27371796208334587	6.4486578544506035	0.26416828282936844	0.058926707251406175	0.10287362870873189	391.91465308480946	116.0	3.3785745955587023	-545.4587022972527
3.0	398.0	430.0	1.3065890763574877	0.10577143490691554	71.12814408629144	0.3711674162687765	3.5725570287341277	0.34064393672613696	0.058926707251406175	0.10287362870873189	391.91465308480946	116.0	3.3785745955587023	-545.4587022972527
3.0	398.0	430.0	1.191918672009316	0.07296741017650973	90.96743772822178	0.2638309996205769	3.7326872359362877	0.2642390062857366	0.058926707251406175	0.10287362870873189	391.91465308480946	116.0	3.3785745955587023	-545.4587022972527
2.0	408.0	430.0	3.9403651532884876	0.09213830141750226	61.763127891636806	0.2673124201802758	9.909455204775366	0.27087241361676323	0.05882170257180295	0.2127417550866069	1696.4739272936122	119.0	14.256083422635397	-369.6000510130895
2.0	408.0	430.0	1.1475439654504396	0.1701013988560043	92.18599389470852	0.49650096808076	2.885734025338256	0.49803355931877835	0.05882170257180295	0.2127417550866069	1696.4739272936122	119.0	14.256083422635397	-369.6000510130895
2.0	418.0	430.0	4.774337379759244	0.10499311851340837	62.428713883180876	0.25278074996866406	9.963974497250502	0.25539885760597253	0.05430048198607689	0.24624056287925408	2603.4592999829633	119.0	21.877809243554314	-336.0583542286393
2.0	418.0	430.0	0.5564836076444312	0.21612321329838444	92.39454283471466	1.0522987832235897	2.3368930122525358	1.054844942525987	0.05430048198607689	0.24624056287925408	2603.4592999829633	119.0	21.877809243554314	-336.0583542286393
3.0	428.0	430.0	2.9022829741850393	0.1390573266166179	49.06419425147268	0.14689274813624742	2.9795359758146054	0.16601111119200726	0.05677773974294361	0.13190891549806277	674.8401950559784	116.0	5.817587888413606	-486.8172444253059
3.0	428.0	430.0	5.4205343794947085	0.06790431508275316	62.91068136505746	0.17282230469940016	7.609655239670294	0.18526117482583224	0.05677773974294361	0.13190891549806277	674.8401950559784	116.0	5.817587888413606	-486.8172444253059
3.0	428.0	430.0	0.2747063315220983	0.08639780479822698	90.47918106176301	1.5680565532337702	4.270178444581254	1.5877534106628262	0.05677773974294361	0.13190891549806277	674.8401950559784	116.0	5.817587888413606	-486.8172444253059
2.0	438.0	430.0	7.481325661781034	0.11189585885824717	50.195170506340304	0.07968319108928112	3.5528558273174893	0.07926255885806066	0.061918878606260386	0.1555683198882031	802.1129812905535	119.0	6.740445220929021	-450.4037087667049
2.0	438.0	430.0	6.543964011932856	0.09872558750956072	63.64508907700954	0.1042585869070153	4.7469036559326785	0.11264497069373171	0.061918878606260386	0.1555683198882031	802.1129812905535	119.0	6.740445220929021	-450.4037087667049
2.0	448.0	430.0	9.892324886174531	0.12304114710943852	50.6517134921325	0.0521814910500681	3.4459993216489906	0.054631368407069274	0.07479133768152421	0.16982122035332933	644.5594477172511	119.0	5.4164659472037915	-430.51977245317016
2.0	448.0	430.0	7.766109729603795	0.1135192365807231	65.33609730615999	0.0720997681564309	4.116600570057921	0.07704142476191805	0.07479133768152421	0.16982122035332933	644.5594477172511	119.0	5.4164659472037915	-430.51977245317016
2.0	458.0	430.0	11.272108144162013	0.19358241844376825	51.490312262584965	0.06731028543572337	3.3510761308559145	0.06908795176751968	0.08269635348883747	0.2584294170938409	1276.8900657212835	119.0	10.730168619506584	-319.94944999744536
2.0	458.0	430.0	10.476088754559639	0.17750959410215397	67.35604003365903	0.0789873954968158	4.01044884910071	0.08167768419982663	0.08269635348883747	0.2584294170938409	1276.8900657212835	119.0	10.730168619506584	-319.94944999744536
2.0	468.0	430.0	12.956044221733977	0.1763365413565745	51.90881071450484	0.05815091900922432	3.635267387299007	0.06035907570326338	0.09608282563417847	0.24938752654963595	846.390003200304	119.0	7.112521035296672	-333.8409946124736
2.0	468.0	430.0	10.201102358114321	0.17157388248914365	67.52994550910473	0.07590987652492602	3.8508855830292203	0.07906452447569616	0.09608282563417847	0.24938752654963595	846.390003200304	119.0	7.112521035296672	-333.8409946124736
3.0	478.0	430.0	12.322661324593955	0.17808455820294516	52.722533830013724	0.08563834851952076	3.7169807613672052	0.083803746536247	0.055267436530237926	0.23126516813102158	2577.2547019846193	116.0	22.21771294814327	-326.05684323869156
3.0	478.0	430.0	6.085546276508066	0.16011847822047115	65.98664441388941	0.19420354166149295	4.706659753858943	0.20508306403670024	0.055267436530237926	0.23126516813102158	2577.2547019846193	116.0	22.21771294814327	-326.05684323869156
3.0	478.0	430.0	0.37219290673676475	0.14147140226414637	189.91749044083522	2.6067184347117527	5.917139899105456	2.7448615093749793	0.055267436530237926	0.23126516813102158	2577.2547019846193	116.0	22.21771294814327	-326.05684323869156
3.0	488.0	430.0	9.012190957155148	0.33088995704539914	53.6615994957298	0.06259482893947843	2.7246488338452104	0.09996367511227021	0.05914847191070317	0.19433794623841916	1375.7190954231846	116.0	11.859647374337799	-387.5586490434058
3.0	488.0	430.0	5.434969963795861	0.13351066995279465	62.305897730927875	0.4253207887883604	7.578823447016362	0.277877636918953	0.05914847191070317	0.19433794623841916	1375.7190954231846	116.0	11.859647374337799	-387.5586490434058
3.0	488.0	430.0	0.4508972204123112	0.12296067578934798	191.27148573518306	1.490114005475242	4.731411771313448	1.5389576787788566	0.05914847191070317	0.19433794623841916	1375.7190954231846	116.0	11.859647374337799	-387.5586490434058
2.0	498.0	430.0	10.006427771040434	0.47765555081156474	53.91220658115577	0.0938249411355965	3.0504944505934484	0.12188034577204115	0.07929111919083844	0.24655816571599565	1218.2840779845696	119.0	10.237681327601425	-336.33480763703403
2.0	498.0	430.0	5.684919808916692	0.14510503034655464	64.22579215190513	0.5509340359426466	6.759884966781503	0.43719590430144595	0.07929111919083844	0.24655816571599565	1218.2840779845696	119.0	10.237681327601425	-336.33480763703403
2.0	508.0	430.0	10.449972010367059	0.21101299958093375	54.115147179750046	0.12595394566622453	3.88655067814045	0.10019177660008621	0.09391390383934686	0.1875116032374493	623.1715956684818	119.0	5.236736098054469	-377.8188215964183
2.0	508.0	430.0	6.138386431159501	0.12592346062756718	66.32804339354568	0.29091982219877444	5.548073466043657	0.25523874943824115	0.09391390383934686	0.1875116032374493	623.1715956684818	119.0	5.236736098054469	-377.8188215964183
2.0	518.0	430.0	8.08204461821032	0.08761882002141898	55.52514896395526	0.20512311846640227	7.0198417208720745	0.1768373858494937	0.056464845350526933	0.14853091794163142	1031.2953507646635	119.0	8.66634748541734	-442.0402487748068
2.0	518.0	430.0	5.22290639689114	0.17705116105129698	69.8292911429816	0.2040550743685816	4.478863617348604	0.16465655796381	0.056464845350526933	0.14853091794163142	1031.2953507646635	119.0	8.66634748541734	-442.0402487748068
2.0	528.0	430.0	6.000266543429415	0.10623666029359605	58.97794215483527	0.385984138011566	10.64188244273376	0.23255867763796415	0.10115313730362253	0.15923317652997993	331.8387423872423	119.0	2.788560860396994	-438.02613572913145
2.0	528.0	430.0	3.424707719870553	0.23490343114973217	70.32910178613999	0.1690544725929875	3.9305333076884725	0.26519555210883183	0.10115313730362253	0.15923317652997993	331.8387423872423	119.0	2.788560860396994	-438.02613572913145
1.0	538.0	430.0	7.111474438826181	0.08217981146601176	64.17221076042647	0.10281246431233015	7.70505165297255	0.10281247455159404	0.10518747046687367	0.16658152943204546	338.9910529452913	122.0	2.778615188076158	-432.29527479465133
1.0	548.0	430.0	7.398870133225376	0.17884678092094125	62.8956089838293	0.15982323827478498	5.7263549251525845	0.15982334789249794	0.0880971611838965	0.32492427340609276	1701.0402197464712	122.0	13.942952620872715	-274.9935548566358
1.0	558.0	430.0	7.655039210763953	0.21080620006781564	62.413619720078756	0.1503801540731246	4.729452748613295	0.1503803087142522	0.09846337116569126	0.3455974546228344	1562.5165571488892	122.0	12.807512763515485	-257.8002614719964
1.0	568.0	430.0	7.187795091800659	0.23699866126127453	62.52650679372993	0.1539750859828615	4.043835160634969	0.15397479586917107	0.14630703079391305	0.3600373549612202	764.8799998227719	122.0	6.269508195268622	-248.08632602863102
3.0	578.0	430.0	5.684500997105185	0.2023727954220766	62.108090700143386	0.08251092405828456	3.0371342954268723	0.11465771446986191	0.07007266532530679	0.14566739441381393	589.452395918525	116.0	5.081486171711422	-451.1303791680918
3.0	578.0	430.0	1.0344846374025434	0.0735994696307746	74.8543849234882	1.4692214615195587	8.422483241522762	1.3208175529270798	0.07007266532530679	0.14566739441381393	589.452395918525	116.0	5.081486171711422	-451.1303791680918
3.0	578.0	430.0	0.43374556982852297	0.1259049015024575	119.5198003770043	0.8929474430764411	2.6640894287077828	0.8929466900356152	0.07007266532530679	0.14566739441381393	589.452395918525	116.0	5.081486171711422	-451.1303791680918
3.0	588.0	430.0	3.7975360648501466	0.18743384777115218	62.36363978237553	0.10566460407616712	3.1941152531960046	0.1653377209201826	0.07755668972238632	0.12388710092210696	368.8586700708879	116.0	3.1798161213007576	-484.3588368632722
3.0	588.0	430.0	0.8730549940063268	0.06630535438442708	74.41414172485854	1.8050654107427893	9.362828292607304	1.3859944018586867	0.07755668972238632	0.12388710092210696	368.8586700708879	116.0	3.1798161213007576	-484.3588368632722
3.0	588.0	430.0	0.4428963918205602	0.10436221987127377	119.5525236606262	0.8087443215373591	2.972353111483693	0.8087454806152968	0.07755668972238632	0.12388710092210696	368.8586700708879	116.0	3.1798161213007576	-484.3588368632722
2.0	598.0	430.0	2.6810595693067305	0.06835810800430825	64.08999529132987	0.2183118493625204	7.415981084045562	0.21831203557016773	0.043636741990671184	0.13792513166064038	1279.4259784772307	119.0	10.751478810733031	-479.5204468284998
2.0	598.0	430.0	0.35717928898183365	0.09067702341516014	118.79495858259568	1.2353928780916232	4.2142904405228006	1.2353928601091713	0.043636741990671184	0.13792513166064038	1279.4259784772307	119.0	10.751478810733031	-479.5204468284998
2.0	608.0	430.0	1.5187337807310501	0.15940800737539151	50.806803732068225	0.24461824663050769	2.6092591734439323	0.31877009166072284	0.05669558272161155	0.1371770837799019	734.6036625526694	119.0	6.173140021451004	-483.42570721901234
2.0	608.0	430.0	2.5799555291145326	0.06640982920117772	63.64209582897758	0.4121462988459612	8.102084066438119	0.40605913152224354	0.05669558272161155	0.1371770837799019	734.6036625526694	119.0	6.173140021451004	-483.42570721901234
2.0	618.0	430.0	2.7758778293639534	0.13155888008123146	50.733696480323154	0.18154048177969467	3.2269801135643794	0.18598955311495083	0.06013327125637107	0.14189258747397462	697.3358771909168	119.0	5.859965354545519	-475.2169527808972
2.0	618.0	430.0	2.8209411880820374	0.07392766309483398	64.94472595210713	0.32414232172463725	7.117848223343696	0.34080735642737053	0.06013327125637107	0.14189258747397462	697.3358771909168	119.0	5.859965354545519	-475.2169527808972
2.0	628.0	430.0	2.5711431058847083	0.0871375714234115	51.50625861868362	0.20860562945227032	4.0085964155194835	0.20187554825381218	0.07233782379093841	0.12620531347505803	390.22069902400153	119.0	3.2791655380168194	-501.59032750055337
2.0	628.0	430.0	3.433641730661325	0.07292008352281457	66.89194586031559	0.18828730253196957	5.81225457769463	0.20224997712319642	0.07233782379093841	0.12620531347505803	390.22069902400153	119.0	3.2791655380168194	-501.59032750055337
2.0	638.0	430.0	2.3709866224259595	0.12247888160602821	61.04520730764341	0.6190029423694341	10.053430243151473	0.36015637565868774	0.07228384345123187	0.14939727632384037	542.9451917699736	119.0	4.562564636722467	-460.4899654455124
2.0	638.0	430.0	2.1109699165325595	0.17419849210284274	68.57637396998578	0.2417994084146651	3.39032524839493	0.31695383414142553	0.07228384345123187	0.14939727632384037	542.9451917699736	119.0	4.562564636722467	-460.4899654455124
1.0	648.0	430.0	3.5209732937013607	0.09258224644213081	64.11851431158424	0.2715016122446832	8.942020822435357	0.2715016021867798	0.16868915545619617	0.1871153733444585	194.14752800877687	122.0	1.5913731803998103	-383.8863203246213
1.0	658.0	430.0	3.3648388149448496	0.0846905273794898	64.0093408110595	0.27017017740454563	9.296141006967954	0.2701701952727606	0.06224024823320085	0.17279066634087073	1240.6228378467126	122.0	10.169039654481251	-401.3064672270604
1.0	668.0	430.0	2.768745800627096	0.07268039082270956	64.34433621526964	0.29039606842988863	9.580356348261345	0.29039604904378546	0.08424173495373	0.1692435328448147	514.0185231539144	122.0	4.2132665832288065	-435.77300840433804
2.0	8.0	440.0	3.1168910301834885	0.21848758727331127	18.576056313631575	0.5956519130042903	6.5319620028049465	0.6365310141935157	0.34093766307362433	0.4105433210241327	182.90019733066245	119.0	1.5369764481568273	-208.7236796304347
2.0	8.0	440.0	3.137767492141084	0.2180449353417267	41.951665574730484	0.5930304570502304	6.561384384693087	0.6343840659002142	0.34093766307362433	0.4105433210241327	182.90019733066245	119.0	1.5369764481568273	-208.7236796304347
2.0	18.0	440.0	3.124261015829064	0.17229274191711844	21.272133835349397	0.6956087821628192	7.080141531620541	0.6943897694338561	0.2492631157432015	0.33366047438477603	229.6304155563839	119.0	1.9296673576166714	-258.5800244774281
2.0	18.0	440.0	3.965231239434624	0.18244342714681416	41.60377710189979	0.5179278607267804	6.336012971867143	0.4956045255410204	0.2492631157432015	0.33366047438477603	229.6304155563839	119.0	1.9296673576166714	-258.5800244774281
2.0	28.0	440.0	3.594116675523388	0.11687700729504963	26.691631790027067	0.876757234302754	9.514414757075501	0.7539916379987905	0.18653234222960463	0.24952211986534328	228.17406069134154	119.0	1.917429081439845	-331.85141707171556
2.0	28.0	440.0	2.564472667675717	0.31255147871724276	43.38578051805626	0.5448226756224236	4.859589387384535	0.5412038512778955	0.18653234222960463	0.24952211986534328	228.17406069134154	119.0	1.917429081439845	-331.85141707171556
2.0	38.0	440.0	3.076711223847098	0.0963333178761517	28.439193176288185	0.5466211481920178	9.611724883537047	0.5652996997639664	0.16966596174092685	0.21535485808112415	201.73341058106843	119.0	1.6952387443787262	-370.9398947044911
2.0	38.0	440.0	0.9375789380445708	0.20752235782018652	45.12265723559914	0.7400511654403868	3.3958946330854722	0.881996877430258	0.16966596174092685	0.21535485808112415	201.73341058106843	119.0	1.6952387443787262	-370.9398947044911
1.0	48.0	440.0	2.471439807761568	0.10337625337790778	31.24890949784282	0.4560511312600889	9.440992771027927	0.45605081102838557	0.12704349937021459	0.24107133074590947	450.614326826746	122.0	3.6935600559569344	-349.5191734618276
1.0	58.0	440.0	3.4946880750172515	0.13208510133642293	33.865733038404315	0.20019583223206783	4.58637953035443	0.20019524365348465	0.09765854028839774	0.20835209929658838	604.8080279108779	122.0	4.957442851728507	-378.4948716911572
1.0	68.0	440.0	4.073273295594984	0.11196839876572173	34.39377676949107	0.13682680135112563	4.310321502350117	0.13682654746806677	0.0918168769543034	0.16683343562011202	462.0573532247845	122.0	3.7873553543015124	-427.56787745202166
1.0	78.0	440.0	3.8274139188680594	0.12283216406554825	33.98919031717364	0.17693512935340372	4.774328783804939	0.17693495099691733	0.08591616669216598	0.19896950086099588	703.4243490469602	122.0	5.765773352843936	-391.63999122206883
2.0	88.0	440.0	2.7434773809577266	0.14094537985118225	32.72048021621399	0.17818079706330897	4.275609215022592	0.25490863256770385	0.07912064597169842	0.14586080794494405	427.79995256622317	119.0	3.5949575845901105	-467.6907488462127
2.0	88.0	440.0	0.7056008576557206	0.05339021978646726	52.318429127120396	2.376368146987422	14.34065992213998	2.070614944764566	0.07912064597169842	0.14586080794494405	427.79995256622317	119.0	3.5949575845901105	-467.6907488462127
2.0	98.0	440.0	2.5322010553215915	0.11174915909937047	31.350593134781267	0.18864554050938875	4.083803220304547	0.2219727151101237	0.08258717150024557	0.14248607290458712	386.80232018828855	119.0	3.2504396654478027	-469.56336231619423
2.0	98.0	440.0	0.6150600194518517	0.053063622068695686	56.5593364570372	1.8737617671690114	14.388212681035041	2.0337793785025657	0.08258717150024557	0.14248607290458712	386.80232018828855	119.0	3.2504396654478027	-469.56336231619423
1.0	108.0	440.0	2.2580202550569983	0.12949422041949196	29.953798609206267	0.2513171379529066	3.794976882865689	0.2513168436979089	0.2365702655941764	0.18885532556432394	81.96286412766193	122.0	0.67182675514477	-407.1334359064319
4.0	118.0	440.0	1.5325740980222124	0.07142167220045213	28.29172417113407	0.19279650848263122	3.726770453424268	0.19996030677526996	0.056898568492389695	0.0720234014592201	200.69084089920156	113.0	1.7760251407008987	-630.6540746223775
4.0	118.0	440.0	0.5784859222480107	0.03762311114674522	44.336019625480866	0.9468808501432185	8.244051217666271	1.1752638311663839	0.056898568492389695	0.0720234014592201	200.69084089920156	113.0	1.7760251407008987	-630.6540746223775
4.0	118.0	440.0	0.6737946143968178	0.050622696640561786	67.39003169524466	0.36335938135603757	3.836691827341941	0.3684585572410171	0.056898568492389695	0.0720234014592201	200.69084089920156	113.0	1.7760251407008987	-630.6540746223775
4.0	118.0	440.0	0.27334934371654335	0.04211956736811765	96.29239178452241	0.9760646479733305	5.485874881859413	0.9761302587533677	0.056898568492389695	0.0720234014592201	200.69084089920156	113.0	1.7760251407008987	-630.6540746223775
3.0	128.0	440.0	0.9051757866743979	0.07328946762276255	30.425074992875945	0.413778332236481	4.884743179415016	0.497149905934505	0.09112155073939825	0.09654022526929808	157.21655681698803	116.0	1.3553151449740348	-550.6612103919263
3.0	128.0	440.0	0.5126524209016653	0.04602992493743405	43.27547442013408	2.049941072949445	22.387333352057638	1.753536899305971	0.09112155073939825	0.09654022526929808	157.21655681698803	116.0	1.3553151449740348	-550.6612103919263
3.0	128.0	440.0	0.4773747494576709	0.0550638973020752	99.20541240222548	0.8698341401059332	6.395965839971988	0.889786415099768	0.09112155073939825	0.09654022526929808	157.21655681698803	116.0	1.3553151449740348	-550.6612103919263
3.0	138.0	440.0	0.9207169229174316	0.057598198065375604	29.84499060553063	0.301134235457042	4.448829397463124	0.3489033777505932	0.0632866557391172	0.08185313169189418	209.4655240985739	116.0	1.8057372767118438	-605.9242998568877
3.0	138.0	440.0	0.2633275683874353	0.030807100351855292	42.96996118478356	3.059097653563599	26.346605070929442	2.8883885664081896	0.0632866557391172	0.08185313169189418	209.4655240985739	116.0	1.8057372767118438	-605.9242998568877
3.0	138.0	440.0	0.557263440007123	0.057366161457311174	101.11984757838125	0.4504898765562096	3.8182939989500344	0.46596563175696787	0.0632866557391172	0.08185313169189418	209.4655240985739	116.0	1.8057372767118438	-605.9242998568877
3.0	148.0	440.0	0.8932616851882019	0.03809361023066334	25.557122765282237	0.33899313861918207	6.884143870677723	0.33899618399349696	0.06085629810245189	0.07124251604600904	184.8637475088384	116.0	1.5936529957658483	-631.3316087518989
3.0	148.0	440.0	0.5764171440875228	0.041804626836082666	66.8906638814677	0.4786708674331053	5.71679075104179	0.47867583433824823	0.06085629810245189	0.07124251604600904	184.8637475088384	116.0	1.5936529957658483	-631.3316087518989
3.0	148.0	440.0	0.4922690532151324	0.05858549742827869	101.89060682323499	0.3999687997959666	2.9105428973480603	0.39996869946275065	0.06085629810245189	0.07124251604600904	184.8637475088384	116.0	1.5936529957658483	-631.3316087518989
2.0	158.0	440.0	0.9215555405725676	0.04187021803946029	26.576000516399677	0.5185040653338566	9.888165995463723	0.5219477530098904	0.06722982045132328	0.0791854195461196	268.6352747186078	119.0	2.2574392833496453	-566.567620606377
2.0	158.0	440.0	0.7624822846143134	0.05190137847583324	67.22134233355247	0.5055287702440971	6.422936644608798	0.5077188298153241	0.06722982045132328	0.0791854195461196	268.6352747186078	119.0	2.2574392833496453	-566.567620606377
2.0	168.0	440.0	1.1973228950664034	0.032087550666987846	27.350284142181014	0.3240314443548038	10.476778297949986	0.32824638604346523	0.054164499056464234	0.07397436083486193	256.62314801319997	119.0	2.156497042127731	-626.3086664550158
2.0	168.0	440.0	0.7451600346680747	0.041912418648429366	66.74356176092257	0.3985938450799067	6.108062598544539	0.4013173479739029	0.054164499056464234	0.07397436083486193	256.62314801319997	119.0	2.156497042127731	-626.3086664550158
3.0	178.0	440.0	1.254836731777977	0.10652991141416913	23.762671484374057	0.2838769773715475	5.450664087210129	0.41746157636620324	0.06879712168499617	0.07262198044539686	144.24001647162882	116.0	1.2434484178588692	-631.6875058580736
3.0	178.0	440.0	1.160659940305204	0.05905595851933875	36.85268730907906	1.1604954350050283	13.44169605281291	0.6838701117057997	0.06879712168499617	0.07262198044539686	144.24001647162882	116.0	1.2434484178588692	-631.6875058580736
3.0	178.0	440.0	0.8326541334489316	0.05041505214692973	67.08066341312357	0.30541252869494084	4.257613220864817	0.3206149407885964	0.06879712168499617	0.07262198044539686	144.24001647162882	116.0	1.2434484178588692	-631.6875058580736
2.0	188.0	440.0	2.594599357754664	0.04481297914938979	32.16099949307829	0.24816728971809832	11.447471671171678	0.2743121871152046	0.0735223460172602	0.1076573467813494	281.27187822659005	119.0	2.363629228794874	-538.4536081692472
2.0	188.0	440.0	1.1016800554298645	0.05760955700475666	63.65543923018891	0.4495396217361456	6.569446971000303	0.4544162722704643	0.0735223460172602	0.1076573467813494	281.27187822659005	119.0	2.363629228794874	-538.4536081692472
2.0	198.0	440.0	3.1099612084586026	0.04753288602022239	32.592082634271456	0.176082745490784	9.177181829303706	0.19374256613463806	0.08175503382700701	0.10193321276264788	206.14502065260982	119.0	1.732311097921091	-550.7618384572746
2.0	198.0	440.0	1.3825006111904192	0.05731448122941542	59.49851628548389	0.326021846982985	5.993223115000838	0.33277595748241706	0.08175503382700701	0.10193321276264788	206.14502065260982	119.0	1.732311097921091	-550.7618384572746
2.0	208.0	440.0	3.826844930442616	0.052411574736832445	33.40254530403912	0.11046160183662977	6.943271553655945	0.11536508838597999	0.08041426528415085	0.10159530895076463	202.48054810134593	119.0	1.7015172109356802	-557.1377972664027
2.0	208.0	440.0	1.6833814940206548	0.06711088694852411	56.691865180930975	0.1959375484957921	4.150144054057901	0.19953463732793084	0.08041426528415085	0.10159530895076463	202.48054810134593	119.0	1.7015172109356802	-557.1377972664027
2.0	218.0	440.0	3.4429612183103693	0.1619438691783428	33.571637033865635	0.1517984658316081	4.053788039546716	0.18617255090938759	0.0716226940697217	0.1286647291568875	405.8046583876758	119.0	3.4101231797283678	-499.17918913938894
2.0	218.0	440.0	1.6253602449412667	0.05845529915396254	49.07775499557393	0.9084025577788988	9.540224523762761	0.8098114822425525	0.0716226940697217	0.1286647291568875	405.8046583876758	119.0	3.4101231797283678	-499.17918913938894
2.0	228.0	440.0	1.3484457064635091	0.1873987130941081	34.660767076854306	0.3408966215996579	2.7882604115846332	0.4374135830798843	0.08750560471881479	0.15102611119498074	410.9115131557543	119.0	3.4530379256786072	-447.54322433383766
2.0	228.0	440.0	2.5912952707434296	0.07746685861317025	47.5506726350255	0.49603704252903086	7.970736436188359	0.4840064465600097	0.08750560471881479	0.15102611119498074	410.9115131557543	119.0	3.4530379256786072	-447.54322433383766
1.0	238.0	440.0	3.1992377421544496	0.07562086188703625	48.00501784251029	0.20419475560116113	7.480870640773897	0.20419464832245812	0.08944712725796032	0.15253620382284025	385.42044850833014	122.0	3.1591840041666406	-456.7742618960557
2.0	248.0	440.0	3.476176752845376	0.08332204213681874	48.5777716681315	0.21395027073733033	7.659879155088385	0.22026214250789	0.05691470776012968	0.1713417786744055	1138.3594138617261	119.0	9.566045494636354	-427.7098002002711
2.0	248.0	440.0	0.2929395809965195	0.08251997828497798	82.06597968461313	2.5639362757133886	7.8118900154849555	2.641668830168104	0.05691470776012968	0.1713417786744055	1138.3594138617261	119.0	9.566045494636354	-427.7098002002711
1.0	258.0	440.0	3.336198007147148	0.08869113715269916	49.56129849489388	0.24803001773603722	8.07951161383222	0.24802992968063495	0.0601282469826165	0.19032233084331865	1267.115511342902	122.0	10.386192715925427	-407.2958110317789
1.0	268.0	440.0	4.067383313788675	0.07033488252383183	50.81308224936599	0.1447201301519396	7.247876851513752	0.14472015057214502	0.07668915023489731	0.14201995797923841	439.4337520096919	122.0	3.601916000079442	-478.85210525210715
2.0	278.0	440.0	5.243864324965194	0.20978126939324496	48.039699104205646	0.20837454603082795	4.650209011818459	0.13110227513699216	0.07963180710038936	0.09463857388334986	186.8183956761231	119.0	1.5699024846733032	-569.6456477115455
2.0	278.0	440.0	2.7157575988454647	0.09347412386388637	60.01998931094462	0.6430456526103032	6.4353557627767435	0.4263868999226629	0.07963180710038936	0.09463857388334986	186.8183956761231	119.0	1.5699024846733032	-569.6456477115455
2.0	288.0	440.0	5.500271523753653	0.048440618745672334	49.45410726148515	0.1004529214715679	5.337639646599303	0.09344056084043638	0.07129922725063749	0.07861305176896988	163.09301050070127	119.0	1.370529500005893	-614.254718331562
2.0	288.0	440.0	4.468847080304902	0.055211118116611155	63.51913798343573	0.1125359542626402	4.583808310941264	0.09840582367882256	0.07129922725063749	0.07861305176896988	163.09301050070127	119.0	1.370529500005893	-614.254718331562
2.0	298.0	440.0	3.620807589596947	0.058444764585275664	52.215067162036014	0.2629279555335162	5.739476318060687	0.2146728776802746	0.08361198534862206	0.08624076498128468	154.6764937021136	119.0	1.2998024680849882	-581.0524788934433
2.0	298.0	440.0	4.74542481933497	0.10948730330302245	64.39366875623432	0.14411945512590976	4.097427915806656	0.1075666767984275	0.08361198534862206	0.08624076498128468	154.6764937021136	119.0	1.2998024680849882	-581.0524788934433
2.0	308.0	440.0	0.33186914692706304	0.06596789013280907	26.706324895234168	1.0436030932425573	4.548413395313247	1.0436651175951193	0.06190357418190955	0.10289985057753877	363.0578751496386	119.0	3.0509065138625093	-549.5514105352795
2.0	308.0	440.0	3.6764302178888015	0.0541778296739246	61.69827876056484	0.11472020020395175	6.741874160810338	0.11472773540279964	0.06190357418190955	0.10289985057753877	363.0578751496386	119.0	3.0509065138625093	-549.5514105352795
2.0	318.0	440.0	0.43649381264005266	0.11273746744184746	27.394956623718727	1.5051209147210725	5.04609597295181	1.5051453314823484	0.06099827007019673	0.18993652486784487	1212.0646786050706	119.0	10.1854174672695	-402.54473013610567
2.0	318.0	440.0	3.0335779539368533	0.10231878646328767	63.05777117575877	0.23862893771889723	6.127102411769795	0.23863422039738438	0.06099827007019673	0.18993652486784487	1212.0646786050706	119.0	10.1854174672695	-402.54473013610567
3.0	328.0	440.0	0.32990369147566534	0.07719129764971491	28.19086848518383	1.288023620258438	4.767147466946936	1.2880234024466353	0.05888252642330925	0.1241606791288358	561.492280580421	116.0	4.840450694658802	-500.7019708620019
3.0	328.0	440.0	3.012350779055933	0.08079154032350877	61.35767288655848	0.2086109382442051	4.473266333746872	0.20477762129336122	0.05888252642330925	0.1241606791288358	561.492280580421	116.0	4.840450694658802	-500.7019708620019
3.0	328.0	440.0	1.1980455171443456	0.07919829172780915	75.38966792833699	0.5353568313591975	4.666034249038141	0.5339199867884814	0.05888252642330925	0.1241606791288358	561.492280580421	116.0	4.840450694658802	-500.7019708620019
3.0	338.0	440.0	0.2632128811114344	0.0550817293137715	30.17205639232439	1.364426190042387	5.648591886441448	1.3663866920610495	0.05589805320032967	0.09688282705081636	375.5151292033978	116.0	3.2371993896844637	-563.9930860941267
3.0	338.0	440.0	2.741480404755923	0.054620102948984894	62.233158232033745	0.15278851543111938	6.120678271165927	0.16957224999141352	0.05589805320032967	0.09688282705081636	375.5151292033978	116.0	3.2371993896844637	-563.9930860941267
3.0	338.0	440.0	0.9345442497692914	0.07361442939066776	78.39409196927984	0.32767813099403925	3.2089005273466356	0.3304202482200257	0.05589805320032967	0.09688282705081636	375.5151292033978	116.0	3.2371993896844637	-563.9930860941267
2.0	348.0	440.0	1.473784574556375	0.12856002959062487	54.701295089378846	0.18619772501788287	2.4448704115604567	0.24244907262741083	0.06298326920377466	0.10194431808372718	331.68036709902947	119.0	2.7872299756220964	-556.5274223353406
2.0	348.0	440.0	2.292101161189344	0.052699796531661	66.15834241409732	0.3427032549359722	7.186873634138486	0.33332181606534006	0.06298326920377466	0.10194431808372718	331.68036709902947	119.0	2.7872299756220964	-556.5274223353406
2.0	358.0	440.0	2.860063820685878	0.06689804339035761	55.10351549956301	0.1215946999128303	3.520488071555649	0.12020181459349338	0.07626504817865178	0.09306819168713233	186.17831544800654	119.0	1.5645236592269458	-580.8743727478478
2.0	358.0	440.0	2.2753639260974516	0.05688368132257446	68.98870150455869	0.18179622319408742	5.064219555722143	0.19789197110622234	0.07626504817865178	0.09306819168713233	186.17831544800654	119.0	1.5645236592269458	-580.8743727478478
3.0	368.0	440.0	3.6202008456483843	0.05870864759583564	54.9685326014749	0.11069332767701277	4.396402601506004	0.11372592189511188	0.06123573150499129	0.08990651463243655	270.4245017072787	116.0	2.3312457043730923	-582.2309835896934
3.0	368.0	440.0	1.9021100818267298	0.05831508587794529	69.3017983791451	0.2122596671101507	4.491054980780597	0.22192871393966193	0.06123573150499129	0.08990651463243655	270.4245017072787	116.0	2.3312457043730923	-582.2309835896934
3.0	368.0	440.0	0.2858826768464589	0.05585286027106767	92.33451120129173	1.0745422049174513	4.762718393313593	1.0828205284943064	0.06123573150499129	0.08990651463243655	270.4245017072787	116.0	2.3312457043730923	-582.2309835896934
2.0	378.0	440.0	2.839411495107041	0.10550701078525028	54.59406557333467	0.18042104112776314	5.18008347569688	0.2298554954047933	0.05268296323015266	0.12620784909334756	746.2128486926675	119.0	6.270696207501408	-499.8167813385577
2.0	378.0	440.0	0.8639756919670122	0.0839592463740152	63.709042269916225	1.4620669281710645	17.82893836253318	1.1364261957309831	0.05268296323015266	0.12620784909334756	746.2128486926675	119.0	6.270696207501408	-499.8167813385577
2.0	388.0	440.0	3.6395459616578343	0.05492717651273963	54.989698250935646	0.12481608953771574	7.1628584353607625	0.12486316084977464	0.06763684784262945	0.10037462848476322	332.04622012392144	119.0	2.7903043707892556	-538.568670199942
2.0	388.0	440.0	1.0651713348635576	0.06643355382537516	89.90943203510625	0.35258702303975825	4.8968453640366345	0.3526919034596617	0.06763684784262945	0.10037462848476322	332.04622012392144	119.0	2.7903043707892556	-538.568670199942
2.0	398.0	440.0	4.047346287263314	0.056640704002938656	55.354049448441685	0.11200726551230002	6.931975742844199	0.11238835234173247	0.06880789047333459	0.11124243089072725	329.63820858335254	119.0	2.770068979692038	-535.1871017055515
2.0	398.0	440.0	0.8198218137925554	0.058770307690271834	89.80695922295642	0.5328828737087544	6.438655468137206	0.5345925115501944	0.06880789047333459	0.11124243089072725	329.63820858335254	119.0	2.770068979692038	-535.1871017055515
3.0	408.0	440.0	4.175217601222533	0.06690847953426085	54.62770251780404	0.15254003053092854	7.205907637783275	0.15286954228700508	0.11323328970106647	0.09559620278442216	135.4670466943605	116.0	1.1678193680548319	-514.9592176107295
3.0	408.0	440.0	1.525004736043766	0.12549339904189966	71.17029612665804	0.2202037677319789	2.6336903865514203	0.2652664613836074	0.11323328970106647	0.09559620278442216	135.4670466943605	116.0	1.1678193680548319	-514.9592176107295
3.0	408.0	440.0	0.4881602876279117	0.047243839919858754	87.30564071156947	2.4267228441862354	12.36429644081979	2.4143182158935734	0.11323328970106647	0.09559620278442216	135.4670466943605	116.0	1.1678193680548319	-514.9592176107295
2.0	418.0	440.0	3.5367568452524996	0.10439904503489117	54.60956424425709	0.3896903289021391	8.465464766595534	0.4237775489947036	0.36105376468786626	0.17840389248014016	45.68291012954306	119.0	0.38389000108859717	-367.79391875451375
2.0	418.0	440.0	2.8089122352741525	0.1847634701118939	71.47982032646217	0.26173147696100246	3.4169947097639657	0.2776352268271813	0.36105376468786626	0.17840389248014016	45.68291012954306	119.0	0.38389000108859717	-367.79391875451375
4.0	428.0	440.0	3.705270860725789	0.11482490357036274	49.59972289665328	0.09882604279206217	3.292749905941845	0.12121189316270048	0.05273663935970674	0.08397450559737633	343.30880784588413	113.0	3.0381310428839305	-582.535913555831
4.0	428.0	440.0	3.5112813145237554	0.1736285810080972	60.24636023620364	0.10140919672742771	3.2339887042664266	0.14397348737474694	0.05273663935970674	0.08397450559737633	343.30880784588413	113.0	3.0381310428839305	-582.535913555831
4.0	428.0	440.0	2.7178359195067983	0.1386664511724906	70.64103021292254	0.12546425341277753	3.0736607845771813	0.16932875627829266	0.05273663935970674	0.08397450559737633	343.30880784588413	113.0	3.0381310428839305	-582.535913555831
4.0	428.0	440.0	0.8127270488762407	0.16314869092372175	65.18927919736367	1.3779982363855308	16.117524311094556	1.3829669856011502	0.05273663935970674	0.08397450559737633	343.30880784588413	113.0	3.0381310428839305	-582.535913555831
2.0	438.0	440.0	4.92444048216987	0.14128694282612045	49.93006083104612	0.06330212691613142	2.7815027512343837	0.08569302496408222	0.0655618424634645	0.10472016788515158	329.9858607336294	119.0	2.77299042633302	-547.1364823538595
2.0	438.0	440.0	5.001582017578327	0.053029833869520364	61.836797639628514	0.19317876320961733	7.701715501943413	0.17761597203900936	0.0655618424634645	0.10472016788515158	329.9858607336294	119.0	2.77299042633302	-547.1364823538595
2.0	448.0	440.0	8.59910546308102	0.13935069000315015	52.22723839304243	0.08327384378527668	3.6507416724050374	0.08556602977697836	0.0833139875488521	0.193847748047449	709.9355370387806	119.0	5.965844849065383	-391.4652876678745
2.0	448.0	440.0	7.014624139211646	0.12737806678839508	66.12394330886764	0.11241233501466495	4.542386572294113	0.12218071947257234	0.0833139875488521	0.193847748047449	709.9355370387806	119.0	5.965844849065383	-391.4652876678745
2.0	458.0	440.0	10.343966147760664	0.20668987762506347	53.16499807272879	0.08522075324810427	3.6101742441735816	0.08912984469934111	0.09702696436060107	0.2876683714682543	1127.9893805993936	119.0	9.478902357978097	-295.494939552056
2.0	458.0	440.0	11.15762971850994	0.20606240478500598	67.95356100981546	0.07924944605542147	3.63346046135284	0.08292471958410624	0.09702696436060107	0.2876683714682543	1127.9893805993936	119.0	9.478902357978097	-295.494939552056
2.0	468.0	440.0	11.201034423211912	0.19878462747370138	53.19286446876299	0.07442523037519293	3.5739861966032045	0.07748337304272716	0.07810228012032366	0.27879733187889877	1596.744211509239	119.0	13.418018584111252	-306.2961137679496
2.0	468.0	440.0	11.378592291043597	0.20117429188666083	67.90060104071561	0.07239107883916761	3.485216875406268	0.07525028083681427	0.07810228012032366	0.27879733187889877	1596.744211509239	119.0	13.418018584111252	-306.2961137679496
2.0	478.0	440.0	10.945151054254547	0.1815041280469673	53.50915522519588	0.07842275069109401	3.4023190757310573	0.08102894029575407	0.06121437356520243	0.23736622733353663	2077.042576901583	119.0	17.454139301693974	-334.3331261097421
2.0	478.0	440.0	7.0809391813899065	0.16705647994668701	66.45703015877335	0.13244971126942412	4.16490210255145	0.1439445306063267	0.06121437356520243	0.23736622733353663	2077.042576901583	119.0	17.454139301693974	-334.3331261097421
2.0	488.0	440.0	8.944621323910779	0.4417473937893085	53.92626697239784	0.08562224642881021	2.649533494903066	0.12059710068486254	0.04564417279994586	0.23952416184358735	3598.8724606971186	119.0	30.242625720143852	-339.00020140244135
2.0	488.0	440.0	5.6744016207335015	0.14029097854883382	63.55238715859277	0.47307585967069005	6.4527699507964895	0.38907474358448857	0.04564417279994586	0.23952416184358735	3598.8724606971186	119.0	30.242625720143852	-339.00020140244135
2.0	498.0	440.0	9.22205814845441	0.5197939368664054	54.441042764590264	0.10165014708809064	2.8898968100866718	0.1361099453613001	0.10957962858923591	0.256112276526027	695.9820708929104	119.0	5.848588831032861	-325.43781335221234
2.0	498.0	440.0	5.831423078087703	0.15639628371600944	64.18673926380784	0.5569951635532945	6.4746052454208085	0.4379749804180442	0.10957962858923591	0.256112276526027	695.9820708929104	119.0	5.848588831032861	-325.43781335221234
2.0	508.0	440.0	9.925439302056228	0.4256988904370277	54.851934805491695	0.1551282727861397	3.75524919335498	0.12260959300786951	0.08144668984564256	0.195250045516099	928.0482837961483	119.0	7.798725073917213	-363.64352885371
2.0	508.0	440.0	5.82890375951064	0.15460478382702833	65.80021325430639	0.5197454976989354	6.134496531820513	0.3893752527877257	0.08144668984564256	0.195250045516099	928.0482837961483	119.0	7.798725073917213	-363.64352885371
2.0	518.0	440.0	9.10297222210899	0.1035306470081589	57.04039153970986	0.21267564382202336	7.481392074614206	0.19327101263753396	0.1486229812373967	0.18964123179821848	232.20094926150682	119.0	1.951268481189133	-386.4625848317966
2.0	518.0	440.0	4.086328325428233	0.22659682895551939	71.35519620434809	0.2566110210435897	4.077558919985701	0.23533398325002555	0.1486229812373967	0.18964123179821848	232.20094926150682	119.0	1.951268481189133	-386.4625848317966
2.0	528.0	440.0	5.783376824086516	0.19907966565608498	52.698321066900384	0.7445357476071598	8.454852180369866	0.45315255036080665	0.08667426735904922	0.17307382151929745	512.0622984086328	119.0	4.303044524442293	-422.4211260247596
2.0	528.0	440.0	6.005242431839687	0.3781579360139753	68.59456412416378	0.49435399468313884	6.624943444428041	0.2785901790140873	0.08667426735904922	0.17307382151929745	512.0622984086328	119.0	4.303044524442293	-422.4211260247596
1.0	538.0	440.0	6.936764549491339	0.07603376001188791	62.9308825320072	0.11962034332449988	9.451039967406375	0.11962033488527966	0.07833039865081812	0.17738488235597227	641.8739489292326	122.0	5.26126187646912	-426.1951038251888
1.0	548.0	440.0	7.6587768377900165	0.11140281915460477	62.6719027267238	0.1102929813946717	6.566446547994115	0.11029295074497399	0.08688383025001688	0.2167537837865024	778.154659725712	122.0	6.378316882997639	-376.2193894565941
1.0	558.0	440.0	8.010444899368178	0.14409976798377977	62.03172727901076	0.1195913501213028	5.757056462922629	0.11959126754530817	0.07472381658997634	0.26001816202965844	1543.2560077794997	122.0	12.649639408028685	-328.32209983859036
1.0	568.0	440.0	7.100133677418432	0.18644338242235994	62.00351821062679	0.1421707414660218	4.688468526197933	0.14217057327904803	0.05775232703793824	0.29821919602033575	3522.2411957561885	122.0	28.87082947341138	-289.58052983819414
1.0	578.0	440.0	5.240178498631794	0.16664283065175126	62.28602497769982	0.1390515093990454	3.786448815178308	0.13905124890245774	0.06665465217886415	0.24176295408309	1706.00539514032	122.0	13.983650779838689	-344.35808951574916
1.0	588.0	440.0	3.326019532931911	0.11298832542669113	63.56572664220369	0.18480511148691903	4.710914443440875	0.18480488511935977	0.06919175354682736	0.1846162825897145	905.519084433941	122.0	7.422287577327385	-414.19407097363126
2.0	598.0	440.0	1.9648000985568135	0.10940809222705108	64.69791840699502	0.44464155101512254	9.59384670868243	0.47636152356859746	0.09891842357943796	0.15715686156140876	381.7472261702954	119.0	3.207959883783995	-426.09746120160474
2.0	598.0	440.0	1.262248570016256	0.21172192029840495	62.43810939953097	0.26668890455527966	1.3935607925976146	0.2895849302425563	0.09891842357943796	0.15715686156140876	381.7472261702954	119.0	3.207959883783995	-426.09746120160474
2.0	608.0	440.0	1.8648862625898126	0.16446677363609966	49.911829932123496	0.2396106132691399	2.499601953098759	0.27143036590419706	0.36105376468786626	0.12554669806696753	27.582227362249505	119.0	0.2317834232121807	-430.862998882722
2.0	608.0	440.0	2.494517040167819	0.08366464874069973	64.6654466383028	0.39212131566943526	7.94068755595857	0.43139977761693804	0.36105376468786626	0.12554669806696753	27.582227362249505	119.0	0.2317834232121807	-430.862998882722
2.0	618.0	440.0	2.7132711047812736	0.112382984417806	50.159298701356654	0.1933547493073683	3.4109387693156723	0.1906510977364353	0.14030639560559513	0.10338256538607102	140.50214962599753	119.0	1.1806903329915759	-463.6561811198152
2.0	618.0	440.0	2.901774728569387	0.0813470872569684	65.57316558002222	0.25466487607312444	6.415233305730241	0.28091378055735744	0.14030639560559513	0.10338256538607102	140.50214962599753	119.0	1.1806903329915759	-463.6561811198152
2.0	628.0	440.0	2.4755241748650074	0.09816401016388338	51.12174030844912	0.2140710898949984	3.8514291198057933	0.21541954788690965	0.36105376468786626	0.11249450600084941	19.80400671178379	119.0	0.16642022446877133	-472.27391797611745
2.0	628.0	440.0	3.4755629649437636	0.08313131508286559	67.0713393090107	0.1820090226563496	5.651551107444034	0.20017676985392344	0.36105376468786626	0.11249450600084941	19.80400671178379	119.0	0.16642022446877133	-472.27391797611745
4.0	638.0	440.0	1.9985808109590353	0.10205475691344676	52.55215722211663	0.21331298326289247	3.110820717160804	0.2125266672290136	0.05445791654214024	0.12267060455143025	692.7558052136023	113.0	6.130582347023029	-486.75056970204065
4.0	638.0	440.0	3.8408843736893417	0.07481543148030241	67.23470115314066	0.15445081910639114	5.914429805192998	0.17155486026522063	0.05445791654214024	0.12267060455143025	692.7558052136023	113.0	6.130582347023029	-486.75056970204065
4.0	638.0	440.0	0.16522473729495926	0.10943485474672562	123.6031441145635	1.9667402063517208	2.565525951656627	1.9665255040817193	0.05445791654214024	0.12267060455143025	692.7558052136023	113.0	6.130582347023029	-486.75056970204065
4.0	638.0	440.0	0.07146782558251692	0.06152440311223829	194.19953405921234	15.557168804313966	8.92779252067306	15.500194008487428	0.05445791654214024	0.12267060455143025	692.7558052136023	113.0	6.130582347023029	-486.75056970204065
2.0	648.0	440.0	2.578954124971014	0.16849895790477434	62.956751077340634	0.49277969118805726	10.352025290329376	0.3703098560522401	0.0754751755496249	0.14761190213973494	489.40047698267983	119.0	4.112609050274621	-462.66758141685546
2.0	648.0	440.0	1.7329760664563771	0.1860684699178476	67.95514270447025	0.30954376023742025	3.595489419744104	0.41305263434972267	0.0754751755496249	0.14761190213973494	489.40047698267983	119.0	4.112609050274621	-462.66758141685546
2.0	658.0	440.0	2.6849890234529625	0.14775286879550303	61.94068891122709	0.6080351172673124	9.999950264369046	0.2973013402632331	0.083282226467144	0.12515184668054946	291.73838449433237	119.0	2.451583062977583	-502.72520069041354
2.0	658.0	440.0	1.6288438441854323	0.19246713538370214	69.37028533615313	0.3325506419155135	4.134664413352782	0.4588120464383992	0.083282226467144	0.12515184668054946	291.73838449433237	119.0	2.451583062977583	-502.72520069041354
2.0	668.0	440.0	3.0231638699695775	0.05473667511221782	64.613435273647	0.2048977298915143	9.702103428169169	0.213797250587697	0.0610327849598743	0.1264531491051006	536.6383898859648	119.0	4.509566301562729	-504.24781817972314
2.0	668.0	440.0	0.25413634736501883	0.061247275008323346	101.03923699542753	2.1771188369653576	7.671596946098838	2.2423089114226853	0.0610327849598743	0.1264531491051006	536.6383898859648	119.0	4.509566301562729	-504.24781817972314
2.0	678.0	440.0	2.3354493512695496	0.04305946022883015	65.12522329640605	0.2125390561674869	9.782905792856308	0.22397872315123535	0.06169146041232166	0.09927234722412404	326.30376148356066	119.0	2.7420484158282408	-563.7512020128829
2.0	678.0	440.0	0.34851450026703856	0.04645328372092795	101.79961769504868	1.319821549074886	8.31591084605338	1.3730751067771094	0.06169146041232166	0.09927234722412404	326.30376148356066	119.0	2.7420484158282408	-563.7512020128829
3.0	8.0	450.0	1.6068981054697664	0.2755277032593624	14.28242934288109	0.534092178867669	2.6566237691657695	0.5475369128840527	0.27999370115287914	0.33042012005321997	174.59429731579723	116.0	1.50512325272239	-256.91292007728833
3.0	8.0	450.0	3.4576013647605452	0.24580154186643965	27.56958416399285	0.3460651581107571	3.462759310142131	0.35986739867978085	0.27999370115287914	0.33042012005321997	174.59429731579723	116.0	1.50512325272239	-256.91292007728833
3.0	8.0	450.0	2.5412117603719957	0.19424335036578153	42.41375885881401	0.603480367028689	5.67626039637529	0.6645946816646908	0.27999370115287914	0.33042012005321997	174.59429731579723	116.0	1.50512325272239	-256.91292007728833
2.0	18.0	450.0	3.7542814414352277	0.1993724567616703	27.94555945590616	0.40268733561038966	4.6778697279545325	0.4062840485237037	0.23417259261829626	0.3124700147818371	233.11337916733655	119.0	1.9589359593893827	-272.31095017291346
2.0	18.0	450.0	3.122389727228415	0.1958487586425336	43.05576125555561	0.49367313985203914	4.877698101896307	0.5054974220690187	0.23417259261829626	0.3124700147818371	233.11337916733655	119.0	1.9589359593893827	-272.31095017291346
2.0	28.0	450.0	4.523328269351671	0.14848312646653286	28.511125135361006	0.2560597850380564	5.001177976354727	0.26870082006311713	0.18746222703235613	0.23225443728266845	211.67728758628888	119.0	1.7788007360192344	-339.9889693621785
2.0	28.0	450.0	2.7781265698134696	0.15863963799515166	43.28521649347551	0.3880588613970506	4.281806245610316	0.38676519623249955	0.18746222703235613	0.23225443728266845	211.67728758628888	119.0	1.7788007360192344	-339.9889693621785
2.0	38.0	450.0	4.216621724420789	0.128968591339339	29.663452712042087	0.2325516548188762	5.029830940439823	0.24781865768712621	0.14125235200654696	0.19807153464354418	280.55432611761216	119.0	2.357599379139598	-375.5332444100427
2.0	38.0	450.0	1.5185182068601544	0.14215788022679285	44.15165609961219	0.5812282436297492	4.0113444476156594	0.5772937103448734	0.14125235200654696	0.19807153464354418	280.55432611761216	119.0	2.357599379139598	-375.5332444100427
1.0	48.0	450.0	2.525545431292203	0.12062017704763928	31.114345443051953	0.4132708135580645	7.492025444515058	0.41327001086223225	0.11992755049087363	0.2389073099328515	546.364289866986	122.0	4.478395818581853	-339.8453394188764
1.0	58.0	450.0	2.3294072530458445	0.1251236091570009	33.05328443202629	0.2909731677688287	4.690182705531939	0.29097199459712303	0.10396033606592822	0.20102237680606358	489.79359005006864	122.0	4.014701557787448	-389.2276691096378
1.0	68.0	450.0	1.9911205840101038	0.09492993892042101	34.20336411080846	0.2931859975018267	5.324515040727464	0.293185137030025	0.09249183189070219	0.1590959515974488	404.3449068539521	122.0	3.314302515196329	-442.4144222773528
3.0	128.0	450.0	1.1847273426770117	0.05085359097608904	34.588272740415455	0.45551381152096326	9.197978941502193	0.46097458485196074	0.07069352182867372	0.10784433541584676	323.97596032834366	116.0	2.7928962097271004	-523.7406700292917
3.0	128.0	450.0	0.6852297608540118	0.07865906163636864	65.80084860310501	0.5104631758708829	3.8197944549263694	0.5136742402378913	0.07069352182867372	0.10784433541584676	323.97596032834366	116.0	2.7928962097271004	-523.7406700292917
3.0	128.0	450.0	0.3563167350246882	0.05183595229198917	97.5403301733945	1.4815519864195275	8.827398881925049	1.491449883770299	0.07069352182867372	0.10784433541584676	323.97596032834366	116.0	2.7928962097271004	-523.7406700292917
3.0	138.0	450.0	1.4457639139267522	0.06410041670574528	33.099586419590295	0.22106452177813157	4.826078736711292	0.2681734071037406	0.055766816073208395	0.08705565981242541	307.41185827996907	116.0	2.6501022265514576	-589.5945191002885
3.0	138.0	450.0	0.34860794202801937	0.042384731793839496	44.06069618901941	2.411684711660913	21.36796205891302	2.0761206151131733	0.055766816073208395	0.08705565981242541	307.41185827996907	116.0	2.6501022265514576	-589.5945191002885
3.0	138.0	450.0	0.3067811746976939	0.05706723721340213	100.66328160050789	0.9299846265479367	4.312497869128199	0.9405073967898041	0.055766816073208395	0.08705565981242541	307.41185827996907	116.0	2.6501022265514576	-589.5945191002885
3.0	148.0	450.0	1.6243824241270075	0.03862775267825359	32.01299331599655	0.22223229374415124	8.095868893707634	0.22311247074677654	0.05678001715787451	0.08127624222425688	256.21918058468196	116.0	2.2087860395231202	-607.8625496691022
3.0	148.0	450.0	0.45847837893829896	0.045666399136797396	67.693150489278	0.6660044975735389	5.78743328408411	0.6679731023549241	0.05678001715787451	0.08127624222425688	256.21918058468196	116.0	2.2087860395231202	-607.8625496691022
3.0	148.0	450.0	0.34739147646267016	0.06729147862386958	102.21287502992851	0.5954724123820924	2.660746564331443	0.5954523826642347	0.05678001715787451	0.08127624222425688	256.21918058468196	116.0	2.2087860395231202	-607.8625496691022
2.0	158.0	450.0	1.885855020382581	0.04560406121398974	32.746974960420296	0.2576749835135022	9.0893368751106	0.2707768410783588	0.05445734807505076	0.08315059124432841	436.7737039495742	119.0	3.6703672600804556	-558.4848220850065
2.0	158.0	450.0	0.621931812920709	0.05062697564923945	66.32867008127636	0.7036798819359331	7.279825303598461	0.7281623482900109	0.05445734807505076	0.08315059124432841	436.7737039495742	119.0	3.6703672600804556	-558.4848220850065
2.0	168.0	450.0	1.9910383343583684	0.03283167295287078	34.94430320302985	0.21359355401499988	10.625507207527859	0.234193825356004	0.053032964845576264	0.07175350801979402	271.31044638687155	119.0	2.279919717536736	-624.6297824145727
2.0	168.0	450.0	0.7064698171974175	0.042338755970600626	65.26965541666162	0.4630927904473815	6.075154425332162	0.4708156896792694	0.053032964845576264	0.07175350801979402	271.31044638687155	119.0	2.279919717536736	-624.6297824145727
3.0	178.0	450.0	2.1985212140990833	0.28149876856666817	27.54726983822171	1.2435822866083848	7.24815497020953	0.5358098803650465	0.06657638021838219	0.06330049118293009	113.19655609275488	116.0	0.9758323801099558	-670.1846359380844
3.0	178.0	450.0	1.9230309640434062	0.20578665895329187	42.46734869796889	1.4186669427980942	7.532140312150007	1.048281946238628	0.06657638021838219	0.06330049118293009	113.19655609275488	116.0	0.9758323801099558	-670.1846359380844
3.0	178.0	450.0	0.805976795299616	0.04218474629610755	63.6159044012688	0.6624019749070615	6.055900098938259	0.5391570666634983	0.06657638021838219	0.06330049118293009	113.19655609275488	116.0	0.9758323801099558	-670.1846359380844
2.0	188.0	450.0	3.379872592662044	0.06802892489157468	32.65079072377885	0.5011008224432116	9.94358786867237	0.3703367046565968	0.06914222029902707	0.10699647534963488	349.4117074865562	119.0	2.936232836021481	-526.6934226669515
2.0	188.0	450.0	1.1342823255081187	0.07355099500984269	57.21259017591097	1.4475443829174444	9.610306613334853	1.0520838525791278	0.06914222029902707	0.10699647534963488	349.4117074865562	119.0	2.936232836021481	-526.6934226669515
2.0	198.0	450.0	3.5187347605141577	0.06231860674603247	33.42903743333633	0.20632408427366952	9.325926600607376	0.22844412282301363	0.0735073720230054	0.12052384798995112	442.5812132642105	119.0	3.719169859363113	-481.8417497450338
2.0	198.0	450.0	1.5635498773810115	0.0842967380461068	58.08310776628091	0.3384174264411085	4.857534689137441	0.34144150209436663	0.0735073720230054	0.12052384798995112	442.5812132642105	119.0	3.719169859363113	-481.8417497450338
2.0	208.0	450.0	4.145979188685501	0.047424664932007865	33.00772539778579	0.09008999200808512	6.82560243723946	0.09109367229313613	0.08532318652988995	0.08850870901758619	147.32326882455675	119.0	1.2380106623912333	-582.0759522880752
2.0	208.0	450.0	1.6521687719091525	0.06859557714020217	57.27428670295074	0.15625684653949634	3.2446921960421378	0.15693793649187346	0.08532318652988995	0.08850870901758619	147.32326882455675	119.0	1.2380106623912333	-582.0759522880752
2.0	218.0	450.0	4.103472422023289	0.06020354338418987	33.855573118515764	0.08414081653172954	4.967841515748927	0.08431616453191779	0.0697988839447283	0.09638738543722505	259.5342037378879	119.0	2.1809596952763686	-561.5006048950581
2.0	218.0	450.0	1.3440282783506088	0.07196048175884216	56.37622754396909	0.21492925830613815	3.475254241218762	0.21526536627923734	0.0697988839447283	0.09638738543722505	259.5342037378879	119.0	2.1809596952763686	-561.5006048950581
2.0	228.0	450.0	2.357442771044519	0.1030891979974856	35.29729329645345	0.25348985426778997	3.9103057878557674	0.24386980547286508	0.0731687966744343	0.1422135844021226	499.746852021127	119.0	4.199553378328798	-467.81119943315747
2.0	228.0	450.0	1.371648548857384	0.08028783383837022	51.08981289787024	0.5642126608880906	6.331186226097903	0.6096032300312911	0.0731687966744343	0.1422135844021226	499.746852021127	119.0	4.199553378328798	-467.81119943315747
1.0	238.0	450.0	2.1678036939732537	0.07929258069576553	47.20166208442802	0.33197733580185856	7.8589406855915644	0.3319769722191378	0.11601426647856197	0.1471201412162027	264.64364367393557	122.0	2.1692101940486523	-438.7517217815372
1.0	248.0	450.0	2.912016272266948	0.07229048286758435	48.136326914224774	0.22857494106195947	7.972768766206066	0.2285746946475246	0.07358594408961501	0.15292221827611044	554.6729820494262	122.0	4.546499852864149	-460.0671894757119
1.0	258.0	450.0	2.6246434699494565	0.07907232206875738	49.703414149768726	0.29837019829732303	8.578091672863492	0.29837046385206883	0.06343513170549012	0.17509704945547394	960.6258886795349	122.0	7.873982694094549	-428.52544802910074
1.0	268.0	450.0	4.010811737881385	0.08210992089824574	51.54383414027508	0.18490381145626508	7.822174551991818	0.18490385966170456	0.07848172963084767	0.1710532659274833	617.1426733641947	122.0	5.058546502985203	-430.6240440733352
1.0	278.0	450.0	5.840080529319794	0.10598875787360187	52.522878820307405	0.16031652263535792	7.649829136630421	0.16031647247470984	0.07074007513002283	0.21552217598177903	1237.8403265693103	122.0	10.146232184994346	-369.584541949077
2.0	288.0	450.0	5.409167719580003	0.058267963787848744	50.373950376841705	0.15411274040581063	5.474947799240603	0.11655061424932103	0.06459291584924706	0.0777697145457592	182.99660361661674	119.0	1.5377865850135861	-624.5565376021725
2.0	288.0	450.0	3.663953979707548	0.06989119880668823	63.63810632335655	0.21120409735772083	5.039230678435701	0.15359563454114505	0.06459291584924706	0.0777697145457592	182.99660361661674	119.0	1.5377865850135861	-624.5565376021725
2.0	298.0	450.0	2.267677865373981	0.09807031144108738	52.01319113002772	0.8036778049605416	6.689084080843118	0.5135208443581624	0.07258874788756971	0.0864857252590713	199.45158530357995	119.0	1.6760637420468902	-584.6172511534766
2.0	298.0	450.0	4.219062150635931	0.21067652351503963	64.39508064020296	0.27499041349291004	4.95012963679614	0.16568617987083012	0.07258874788756971	0.0864857252590713	199.45158530357995	119.0	1.6760637420468902	-584.6172511534766
1.0	308.0	450.0	3.7299466065653317	0.06681705179614014	62.71901417673847	0.11878683494321962	5.743008558625494	0.11878692150542983	0.07677757003523052	0.11721817107934537	313.50325230159655	122.0	2.5696987893573486	-520.773684969008
2.0	318.0	450.0	0.4943085139420241	0.08488412580587645	26.333191455877593	1.2349721234343805	6.226367577341348	1.2350086409476686	0.06621018543367087	0.1551341340259806	719.6768323248428	119.0	6.047704473318007	-447.20731168886067
2.0	318.0	450.0	2.868419909053319	0.09022677683562261	63.23411235020583	0.20020914909380763	5.512182766837685	0.20021551462750317	0.06621018543367087	0.1551341340259806	719.6768323248428	119.0	6.047704473318007	-447.20731168886067
2.0	328.0	450.0	0.4400231162661151	0.09114773990207417	28.276233723120964	1.3600862376766298	5.691340494026906	1.3602295168037242	0.057467064248340576	0.1629794614172151	1005.9816937760023	119.0	8.453627678789935	-440.74828131695745
2.0	328.0	450.0	2.1486705422653634	0.08715937107806355	64.32402640906784	0.29136725683237835	6.220222676553718	0.29139573781015393	0.057467064248340576	0.1629794614172151	1005.9816937760023	119.0	8.453627678789935	-440.74828131695745
3.0	348.0	450.0	0.4805081017896441	0.0459571905697512	34.29522127891376	0.6170413841516112	5.49428808837063	0.6262315739234675	0.06020381231209551	0.07928276874007743	217.19958130926776	116.0	1.8724101837005842	-613.8768175307113
3.0	348.0	450.0	1.8711588599296105	0.28058991904563557	59.12948527461375	0.32303417314230104	5.314976759163291	0.41553122622828403	0.06020381231209551	0.07928276874007743	217.19958130926776	116.0	1.8724101837005842	-613.8768175307113
3.0	348.0	450.0	0.8396988453260393	0.09233989601663849	72.5031179610409	3.1193548400735436	9.82772656664293	1.8579290224441627	0.06020381231209551	0.07928276874007743	217.19958130926776	116.0	1.8724101837005842	-613.8768175307113
2.0	358.0	450.0	0.4137544679396541	0.11289708145879288	34.726948857237694	1.1244123867817326	3.522627771704168	1.1324837676023127	0.05187174505525122	0.15827549937602814	1173.2930622869878	119.0	9.859605565436873	-447.1264076591302
2.0	358.0	450.0	2.5925156825864835	0.07524068436385611	60.54330839019616	0.26964977370356047	8.045367514152828	0.27654190761322156	0.05187174505525122	0.15827549937602814	1173.2930622869878	119.0	9.859605565436873	-447.1264076591302
2.0	368.0	450.0	2.3482201091479147	0.1342863670853172	55.9451900058103	0.1586697647067135	3.6892211026255852	0.2129401151845681	0.06515088604969287	0.09717412727679552	278.0819629494637	119.0	2.3368232180627198	-570.1002089709974
2.0	368.0	450.0	1.856174267982878	0.12281070119062487	61.08374425226844	0.4879850685534232	9.797493793344632	0.32801845458604006	0.06515088604969287	0.09717412727679552	278.0819629494637	119.0	2.3368232180627198	-570.1002089709974
2.0	378.0	450.0	4.208463437165894	0.07131319996683756	55.55709418620047	0.13062278627141788	6.676166597848464	0.13068136589711662	0.059566523703600806	0.1375294129235109	672.5913706332578	119.0	5.652028324649225	-482.10049297086834
2.0	378.0	450.0	0.7550366249783074	0.07827513430105801	90.46901822475454	0.6632384391189345	5.542448813249736	0.6635062345340023	0.059566523703600806	0.1375294129235109	672.5913706332578	119.0	5.652028324649225	-482.10049297086834
2.0	388.0	450.0	4.722552046766367	0.056836312438928414	55.30050917575579	0.09414300121189256	6.774878214211089	0.0942058464637522	0.056948138857300726	0.10703391868042718	474.2741070401758	119.0	3.9854966978166035	-537.0077403040934
2.0	388.0	450.0	1.0449902537817117	0.06133324192487128	90.63185159225	0.39422840282096977	5.818431712622118	0.3944678996264371	0.056948138857300726	0.10703391868042718	474.2741070401758	119.0	3.9854966978166035	-537.0077403040934
2.0	398.0	450.0	5.073962961512074	0.05444065699522363	55.895481571573214	0.08142366029061597	6.504302576874728	0.08298120322438314	0.07488104233799839	0.09604189366613372	239.93256805493354	119.0	2.0162400676885173	-553.7462447771708
2.0	398.0	450.0	0.6469001868327835	0.04726560173661802	89.4320465243126	0.7356763575526435	8.69350805645182	0.7564697298846627	0.07488104233799839	0.09604189366613372	239.93256805493354	119.0	2.0162400676885173	-553.7462447771708
1.0	408.0	450.0	4.255680563742001	0.11280548029914661	55.22334305702538	0.2133894270332265	6.9714542653762654	0.21338934150848224	0.36105376468786626	0.16766013778538133	49.05306867507847	122.0	0.40207433340228255	-365.6084736544151
1.0	418.0	450.0	2.476393977744697	0.09533707954213437	55.96466511578019	0.5575976638374475	12.545106344992664	0.5575979478204299	0.36105376468786626	0.21326458668880138	63.04120885070654	122.0	0.5167312200877585	-334.2477392719727
2.0	428.0	450.0	2.3635521339891232	0.1580137336598516	48.58022328364926	0.178297924638026	2.465481487797969	0.20670033445147443	0.36105376468786626	0.14434026756942744	27.650356234195453	119.0	0.23235593474113825	-430.5546260796479
2.0	428.0	450.0	2.0905728727583024	0.06826600940245513	60.72822163351585	0.6241667184108117	14.015807620880675	0.49180499139121675	0.36105376468786626	0.14434026756942744	27.650356234195453	119.0	0.23235593474113825	-430.5546260796479
1.0	438.0	450.0	4.089270018099374	0.10435259748755546	57.508352057538715	0.3133815908495147	10.634882135713653	0.3133815435255151	0.36105376468786626	0.23431374333997976	64.03512703133013	122.0	0.5248780904207389	-332.2923428521359
2.0	448.0	450.0	6.493599258325415	0.19096353882241776	53.60602706819099	0.16112240440049252	3.8358076597098085	0.12273111261020868	0.06091410506279739	0.1418929136184456	797.1851040684022	119.0	6.699034487969766	-455.26412011394507
2.0	448.0	450.0	4.966101345074147	0.09641683642024787	65.24279089000557	0.3086848775948098	5.611767961105452	0.25498804017134324	0.06091410506279739	0.1418929136184456	797.1851040684022	119.0	6.699034487969766	-455.26412011394507
4.0	458.0	450.0	9.318410447180323	0.1530836123112205	55.168910570332905	0.08777146695089223	3.8318455040020236	0.09363482564919084	0.05972006590273802	0.19600374254931846	1351.7125102541854	113.0	11.962057612868897	-380.13435436691935
4.0	458.0	450.0	7.996319890639831	0.2100106264408033	67.0756534764002	0.09634124365348842	3.4278222960511906	0.11766953193841445	0.05972006590273802	0.19600374254931846	1351.7125102541854	113.0	11.962057612868897	-380.13435436691935
4.0	458.0	450.0	0.5030134574474492	0.21833757217703287	78.59148763110488	1.1275407131086475	2.6734379865268867	1.417425368976566	0.05972006590273802	0.19600374254931846	1351.7125102541854	113.0	11.962057612868897	-380.13435436691935
4.0	458.0	450.0	0.17508936042013967	0.06694395004558285	97.11583547908229	15.732195127562086	17.760772512956542	14.792905699740384	0.05972006590273802	0.19600374254931846	1351.7125102541854	113.0	11.962057612868897	-380.13435436691935
3.0	468.0	450.0	0.12785882512751276	0.13857067590313468	-17.44903388309198	6.728790690185168	5.399740089692122	6.729195174827291	0.06393902987465554	0.23224576890470033	1733.2522305787554	116.0	14.941829573954788	-339.21097365153474
3.0	468.0	450.0	9.810573182496974	0.1805183174142076	55.33120510135959	0.08147817822981507	3.254073777742059	0.086178968825401	0.06393902987465554	0.23224576890470033	1733.2522305787554	116.0	14.941829573954788	-339.21097365153474
3.0	468.0	450.0	8.99404640054043	0.17672391162941015	66.90529522979195	0.09090931351110677	3.4296924375738884	0.09742191411182169	0.06393902987465554	0.23224576890470033	1733.2522305787554	116.0	14.941829573954788	-339.21097365153474
2.0	478.0	450.0	9.523691453793994	0.16190516987519815	55.325807238239406	0.0811311373139565	2.9912764151733993	0.07965050354235162	0.0822838381982184	0.20701961460470908	795.1179765024285	119.0	6.6816636680876345	-380.4111818548988
2.0	478.0	450.0	7.476162587880995	0.14683957469441683	65.91990940351083	0.11472504670498788	3.7244225233652246	0.12096762963476575	0.0822838381982184	0.20701961460470908	795.1179765024285	119.0	6.6816636680876345	-380.4111818548988
