ncomps	x	y	amplitude	err amplitude	shift	err shift	width	err width	rms	residual	chisq	dof	redchisq	aic
3.0	748.0	580.0	0.8142007459885735	0.10316385974082157	41.47879450624619	0.5817238807908475	4.9341400049654425	0.7667399049159754	0.07106219920985943	0.09706705795879934	267.3483298642856	116.0	2.3047269815886686	-546.4548830334976
3.0	748.0	580.0	1.7248534446677606	0.09896787782894619	56.12330402255154	0.2558909407335624	4.077561728496392	0.29148529806963897	0.07106219920985943	0.09706705795879934	267.3483298642856	116.0	2.3047269815886686	-546.4548830334976
3.0	748.0	580.0	0.7125200107742904	0.061543604301282265	64.66131206940001	2.4127117454769564	19.498452886760642	1.4453153386149986	0.07106219920985943	0.09706705795879934	267.3483298642856	116.0	2.3047269815886686	-546.4548830334976
3.0	978.0	580.0	2.3123713373045973	0.1908589462239138	40.52018116027387	0.23517179381494982	2.4397801051684427	0.23716783663766336	0.23429745246404898	0.21949834740622942	110.01963806671593	116.0	0.9484451557475511	-359.18259167769537
3.0	978.0	580.0	1.0628510464888319	0.25954149665940396	55.8847429200358	0.6260891633256438	3.2341436730140787	0.8866131062134972	0.23429745246404898	0.21949834740622942	110.01963806671593	116.0	0.9484451557475511	-359.18259167769537
3.0	978.0	580.0	1.0545798179974057	0.09644812284428893	70.92910865781273	2.109219980844726	10.154627952597385	1.985566121146761	0.23429745246404898	0.21949834740622942	110.01963806671593	116.0	0.9484451557475511	-359.18259167769537
2.0	128.0	590.0	1.0897096987145347	0.0637071075272014	21.67927813577438	0.5121686876889965	7.5743196788273774	0.5210339244857114	0.06481490259064193	0.13018476893130135	509.9592711936563	119.0	4.2853720268374484	-495.59092594396367
2.0	128.0	590.0	0.8304456424453349	0.06927274294693198	53.85439941017348	0.6179683823061063	6.391838137660825	0.6267897439685591	0.06481490259064193	0.13018476893130135	509.9592711936563	119.0	4.2853720268374484	-495.59092594396367
3.0	138.0	590.0	0.0975453007351554	0.07668373429906591	-39.66514827281434	4.351730461022226	4.777309225345255	4.540915260569263	0.05581468495296107	0.11889670405203301	603.6860112317512	116.0	5.2041897519978555	-505.0217912995071
3.0	138.0	590.0	1.5771233199007244	0.06062227405010139	23.605889990774536	0.332325240831	7.491052930202102	0.3342012431024098	0.05581468495296107	0.11889670405203301	603.6860112317512	116.0	5.2041897519978555	-505.0217912995071
3.0	138.0	590.0	0.9420988914773989	0.07311545763247161	55.38955178572792	0.46128600467199127	5.141778643707093	0.46311363862313953	0.05581468495296107	0.11889670405203301	603.6860112317512	116.0	5.2041897519978555	-505.0217912995071
2.0	148.0	590.0	1.8281210494604467	0.06844441931524727	27.802883232577653	0.25590005900515994	5.9209883028994215	0.2562458972816074	0.06003716245347497	0.11334823779297487	540.573435907494	119.0	4.5426339151890245	-507.4464245144975
2.0	148.0	590.0	1.1384382980782688	0.08010319419794261	55.71102041419134	0.3511344066023565	4.321366261976903	0.3515097724118681	0.06003716245347497	0.11334823779297487	540.573435907494	119.0	4.5426339151890245	-507.4464245144975
2.0	158.0	590.0	1.7604792640655578	0.04480857243092037	28.49220429874572	0.15435420018843687	5.252129818990883	0.15443372301677818	0.05737142822909344	0.07572881598910253	225.18800773252028	119.0	1.8923361994329435	-628.262613760762
2.0	158.0	590.0	0.9195420273026198	0.04870934690137207	56.021920216467265	0.2718459334479526	4.444470943482408	0.2719720173088225	0.05737142822909344	0.07572881598910253	225.18800773252028	119.0	1.8923361994329435	-628.262613760762
2.0	168.0	590.0	1.264812098149237	0.0466410794399327	27.989631335361146	0.34225124341183194	7.017678193531836	0.3621368461492382	0.080861132152149	0.08895011004636863	160.3321372121793	119.0	1.3473288841359605	-584.9269159768116
2.0	168.0	590.0	0.49026550833852417	0.045058206813831714	53.906533721018825	0.9155927880095674	7.628277232372421	0.9869098916165139	0.080861132152149	0.08895011004636863	160.3321372121793	119.0	1.3473288841359605	-584.9269159768116
1.0	278.0	590.0	2.203666750152462	0.06929787349757714	58.67970376820996	0.3073491126184841	8.463425899569105	0.3073489090902663	0.11281479067917823	0.15301592768336736	230.1949085242925	122.0	1.8868435124942007	-463.1753762275867
3.0	288.0	590.0	0.36711265817092537	0.06628939213281793	27.798987058507308	0.9599137810579093	4.490473945392358	0.9742701329913827	0.06798586418501608	0.0976278375674634	292.5746666491786	116.0	2.5221954021480912	-546.2478804470866
3.0	288.0	590.0	2.3876694865597714	0.11244711850050952	54.577582014052	0.1420359325815367	3.4799216773936212	0.19288615911732568	0.06798586418501608	0.0976278375674634	292.5746666491786	116.0	2.5221954021480912	-546.2478804470866
3.0	288.0	590.0	1.206047712624817	0.05936035679536033	65.18646614796926	0.9312730955424264	11.586687427477148	0.5930762367194098	0.06798586418501608	0.0976278375674634	292.5746666491786	116.0	2.5221954021480912	-546.2478804470866
2.0	298.0	590.0	3.2828304199920435	0.06446328083600505	54.06087819356299	0.11929151726780238	4.223552253595724	0.1196416807203783	0.06695200791706325	0.09018973638439456	271.846877256589	119.0	2.284427539971336	-566.1172871918283
2.0	298.0	590.0	1.5438390513084164	0.05568338534899448	70.87817953093965	0.2967741041498972	5.935382887417807	0.3245345916079383	0.06695200791706325	0.09018973638439456	271.846877256589	119.0	2.284427539971336	-566.1172871918283
2.0	308.0	590.0	2.919435362471261	0.05441998623268866	54.09177545983554	0.1513163810947565	4.93405423768256	0.14522533224644024	0.07855714982532593	0.08768947889089163	159.52757414070695	119.0	1.3405678499219071	-592.7824784728765
2.0	308.0	590.0	1.5917469302440286	0.0481542702459172	71.48901117268403	0.3148204076802783	6.343464006808131	0.3284590772050248	0.07855714982532593	0.08768947889089163	159.52757414070695	119.0	1.3405678499219071	-592.7824784728765
2.0	318.0	590.0	2.381311430414703	0.05633705989203932	57.52684293683669	0.3142124453684122	7.030358045658808	0.31244521482486737	0.079670885915482	0.10125607616193695	235.35637285684862	119.0	1.9777846458558708	-540.6525110043573
2.0	318.0	590.0	1.4382126694390416	0.06705764621641612	75.69168843840046	0.4469283434951799	5.400583040111142	0.4050349490734849	0.079670885915482	0.10125607616193695	235.35637285684862	119.0	1.9777846458558708	-540.6525110043573
1.0	348.0	590.0	2.1218098340769327	0.05914175417809735	66.67021689921123	0.2390503173206419	7.427930318526686	0.2390504806206122	0.07777591940726784	0.11903980496704922	309.56773316322784	122.0	2.5374404357641627	-519.1229564822731
1.0	358.0	590.0	2.3333666128878914	0.07037037668457186	66.85287638067156	0.26772874148871323	7.68890614160423	0.267728966361645	0.08596411011584294	0.14052972088232793	371.3581242622094	122.0	3.0439190513295853	-471.3497042398397
1.0	368.0	590.0	2.840817438981858	0.0902605217801076	66.66821755926514	0.279836400829784	7.628110873368836	0.27983658889682517	0.07907766752153483	0.1848373401664009	716.2984881229619	122.0	5.8712990829750975	-410.1082908674946
1.0	378.0	590.0	3.4917155108066913	0.10235980850756499	66.36771669088265	0.24171893937719308	7.140111102542205	0.24171871358030064	0.06058488142401074	0.20663990422137365	1469.1947513784662	122.0	12.04257992933169	-386.9079740959016
1.0	388.0	590.0	4.058366646254927	0.08932645948901591	66.28847966581438	0.19745598926035635	7.7688081480560225	0.1974559266849501	0.0865553427972176	0.17985572505475605	596.4199950921795	122.0	4.888688484362127	-410.4138957092467
1.0	398.0	590.0	3.9910667523776615	0.049548012217566995	66.13446517792605	0.1185239090831517	8.26775141528625	0.11852388482775617	0.06012986512367108	0.10718166750756254	404.6512577980636	122.0	3.3168135885087184	-549.9731758786157
1.0	408.0	590.0	3.155318886705252	0.061027208731393806	65.15230197310171	0.19364626305483473	8.670242065482313	0.1936461840574745	0.36105376468786626	0.11375401145887394	17.85528683518633	122.0	0.14635481012447812	-491.9338612321543
1.0	418.0	590.0	2.486066833417347	0.08536734009383638	62.2516767388326	0.38449731849972635	9.695964622835998	0.3844970614826355	0.36105376468786626	0.13239689456324025	39.073312194873495	122.0	0.3202730507776516	-394.04135676091465
1.0	428.0	590.0	2.656905254757395	0.0858277075723896	58.960826872707834	0.4228384230663537	11.335358609330784	0.42283835315541946	0.36105376468786626	0.16134401098017537	46.1713203435399	122.0	0.3784534454388516	-373.17646274106835
1.0	438.0	590.0	2.9353282902582056	0.10247350498879203	59.02832050519003	0.47991382974400726	11.90406677636446	0.4799136478097231	0.36105376468786626	0.21263329798184968	69.12217213075802	122.0	0.5665751813996559	-322.7368732459893
1.0	448.0	590.0	2.921712190282938	0.10767361013839888	59.39835745369563	0.5387353951266712	12.661755776224542	0.5387356368081346	0.36105376468786626	0.20719642043207642	81.16008176451386	122.0	0.6652465718402776	-302.6683766334101
1.0	458.0	590.0	3.620612671287751	0.09423203375198257	59.97992691827075	0.3634040953249529	12.090896868083819	0.3634039572371606	0.36105376468786626	0.20273574604884723	59.36844679484492	122.0	0.4866266130724993	-341.7509561225284
2.0	468.0	590.0	4.928520911531998	0.10430450178763215	61.31453423788096	0.24401134403987387	9.985586888222148	0.2440113973770425	0.05656795063843379	0.2450014307869438	2386.857668609681	119.0	20.05762746730824	-336.6889024736676
2.0	468.0	590.0	0.4537869567105185	0.18712588426822646	194.68230649365677	1.5092021599709984	3.168864205342757	1.5658352433012113	0.05656795063843379	0.2450014307869438	2386.857668609681	119.0	20.05762746730824	-336.6889024736676
2.0	478.0	590.0	6.914452555184406	0.17006575369260535	60.75694629218789	0.20176650675728808	6.204008829152236	0.14885966261938238	0.08475148430562102	0.1440872293272265	393.9606845827497	119.0	3.3105939880903335	-460.8039676175766
2.0	478.0	590.0	1.5692967477660509	0.078539430192092	79.00766070739326	1.3609396363642183	9.109978379465145	1.0738889732421288	0.08475148430562102	0.1440872293272265	393.9606845827497	119.0	3.3105939880903335	-460.8039676175766
1.0	488.0	590.0	8.09639736128469	0.201242583603923	62.759327457824725	0.20198460516753491	7.036977626842027	0.20198445566616471	0.09627742113704078	0.40475991529707844	2216.2240181626516	122.0	18.165770640677472	-219.72456327918445
1.0	498.0	590.0	8.996847596391392	0.22670170365461834	64.10851379991651	0.17524715767234997	6.022552468657965	0.17524698252558824	0.06593433116278664	0.39917751079675806	5132.21525536151	122.0	42.0673381587009	-209.40163725148145
1.0	508.0	590.0	9.960028425365218	0.3018271948492467	64.77498903631448	0.1598930675902803	4.568885457581294	0.15989271656411505	0.07205203961226479	0.45374611375864526	5779.399992641892	122.0	47.372131087228624	-172.37398572762908
2.0	518.0	590.0	9.545201470603788	0.24508003297758277	64.7097458963196	0.14098342417198886	4.045155857814699	0.1302122333466603	0.36105376468786626	0.2779921708366775	78.98255776743578	119.0	0.6637189728355948	-299.35607248534143
2.0	518.0	590.0	2.619248803439755	0.14743490202318502	80.0542380417421	0.8007470272131862	7.23593731354816	0.8006317756717597	0.36105376468786626	0.2779921708366775	78.98255776743578	119.0	0.6637189728355948	-299.35607248534143
2.0	528.0	590.0	8.329855887800035	0.26807325551285793	64.29495342753589	0.2272039258075968	4.808311260428287	0.17399321180325114	0.36105376468786626	0.2368071494509832	60.58704154433114	119.0	0.509134802893539	-332.4993232389481
2.0	528.0	590.0	3.071140150776972	0.1398328931880474	78.95250693620181	0.8866093533893443	6.982155973665669	0.7396642641872375	0.36105376468786626	0.2368071494509832	60.58704154433114	119.0	0.509134802893539	-332.4993232389481
2.0	538.0	590.0	6.296742818461426	0.4756536116758063	61.31906921053415	0.17699059688384827	4.110131771796759	0.23402400093558534	0.36105376468786626	0.23120738699000715	53.48326365982804	119.0	0.44943919041872304	-348.0883555057504
2.0	538.0	590.0	4.751719789061764	0.1380619306497088	74.20809125591325	0.8484283034937804	8.712137391657398	0.6263951112258613	0.36105376468786626	0.23120738699000715	53.48326365982804	119.0	0.44943919041872304	-348.0883555057504
2.0	548.0	590.0	5.692844672529154	0.2289963193716077	59.2934641215767	0.11973275929569559	3.8847070301412323	0.1499422281300321	0.06714279689127577	0.15245690976740972	821.685990005673	119.0	6.904924285761958	-427.14097108288485
2.0	548.0	590.0	5.606546443234908	0.08001434299183446	73.95441850577248	0.35703985327704596	9.157393699175588	0.31306476169363	0.06714279689127577	0.15245690976740972	821.685990005673	119.0	6.904924285761958	-427.14097108288485
2.0	558.0	590.0	7.051293025541435	0.14723337732967737	56.43366794918926	0.10429807600206288	3.9374319342853523	0.10235172559062325	0.05683946875213567	0.1620004861466204	1225.0724031006755	119.0	10.294726076476264	-418.8640300730628
2.0	558.0	590.0	6.456089641906721	0.08762649526022058	72.89545424727126	0.18996292734601733	7.926478620821136	0.19812897534076654	0.05683946875213567	0.1620004861466204	1225.0724031006755	119.0	10.294726076476264	-418.8640300730628
3.0	568.0	590.0	8.892055739077131	0.15900502733957472	55.24024357715136	0.09282163505402816	3.8406992069516974	0.09318035020175719	0.059339058532701466	0.22466676431227806	1862.1058784634597	116.0	16.052636883305688	-348.9129673709049
3.0	568.0	590.0	6.463570239489769	0.12578608993352244	72.67953767685992	0.16356933014475236	6.4563587497762995	0.18116329570016818	0.059339058532701466	0.22466676431227806	1862.1058784634597	116.0	16.052636883305688	-348.9129673709049
3.0	568.0	590.0	0.794891098408671	0.15183164014027967	122.63123169390957	0.9153135534031205	4.150080848148601	0.9153140297816028	0.059339058532701466	0.22466676431227806	1862.1058784634597	116.0	16.052636883305688	-348.9129673709049
3.0	578.0	590.0	7.729382794759103	0.14862831469410198	55.27710778352865	0.11640988682978472	4.292929807648987	0.11727137543812126	0.06428302511495243	0.21317957674245339	1556.6681276643233	116.0	13.419552824692442	-351.3010441276934
3.0	578.0	590.0	5.889233499690031	0.12735064169772617	72.77545840148268	0.1801746390129906	6.148437624469791	0.19778793317536736	0.06428302511495243	0.21317957674245339	1556.6681276643233	116.0	13.419552824692442	-351.3010441276934
3.0	578.0	590.0	2.1472449609321305	0.15006044237658323	123.48235015758445	0.33635549592376673	4.168161398199824	0.33635549837826767	0.06428302511495243	0.21317957674245339	1556.6681276643233	116.0	13.419552824692442	-351.3010441276934
4.0	588.0	590.0	5.6777665757322335	0.09854451044650227	58.629733645761085	0.1699949439782911	6.073513500821722	0.17973874836997486	0.08071734121875727	0.16353201396920833	569.1093712758646	113.0	5.036366117485528	-412.94488428847365
4.0	588.0	590.0	5.838819104192127	0.11783451853129573	74.69304663407385	0.13653465301524384	4.271707623386629	0.15600052347394844	0.08071734121875727	0.16353201396920833	569.1093712758646	113.0	5.036366117485528	-412.94488428847365
4.0	588.0	590.0	0.8294443192399467	0.10998576206980133	91.19176013784596	0.8155225829806046	4.7862982341531515	0.8826662563395675	0.08071734121875727	0.16353201396920833	569.1093712758646	113.0	5.036366117485528	-412.94488428847365
4.0	588.0	590.0	3.108806069735885	0.11206264157691244	123.44273023274116	0.18408244467287274	4.4225809134724585	0.18408260956621628	0.08071734121875727	0.16353201396920833	569.1093712758646	113.0	5.036366117485528	-412.94488428847365
4.0	598.0	590.0	4.781501637232338	0.06133925560730901	61.42436644590556	0.12061764792853207	5.904234317032717	0.12904378211243903	0.07367459965872586	0.1020168073345695	254.10129503624535	113.0	2.248684026869428	-536.561175581606
4.0	598.0	590.0	4.73717193560218	0.08275852565789085	75.57148513345692	0.09011432187394672	3.4678644910956367	0.09695840853891206	0.07367459965872586	0.1020168073345695	254.10129503624535	113.0	2.248684026869428	-536.561175581606
4.0	598.0	590.0	0.8432757653417624	0.06729641868978574	90.90993576994822	0.4707240084122155	4.787881253722222	0.5134856267414808	0.07367459965872586	0.1020168073345695	254.10129503624535	113.0	2.248684026869428	-536.561175581606
4.0	598.0	590.0	3.2477017425077324	0.06956726968649582	122.14783375758469	0.10558418647272634	4.268751230212059	0.10558436056456888	0.07367459965872586	0.1020168073345695	254.10129503624535	113.0	2.248684026869428	-536.561175581606
4.0	608.0	590.0	3.7034596865402007	0.05827628327509178	62.26622703611721	0.16503863650911577	5.802147290013905	0.16913424849024405	0.058660631536432084	0.09920391962706104	358.0898711995001	113.0	3.1689369132699126	-550.6521162667382
4.0	608.0	590.0	2.9182244612537818	0.0805025440539659	75.87945614264736	0.15476474820885738	3.641824595571512	0.14884459800541	0.058660631536432084	0.09920391962706104	358.0898711995001	113.0	3.1689369132699126	-550.6521162667382
4.0	608.0	590.0	0.7090576887574854	0.06332749959872845	93.87623692694545	0.4880155027619575	4.695827539437613	0.5072666682458078	0.058660631536432084	0.09920391962706104	358.0898711995001	113.0	3.1689369132699126	-550.6521162667382
4.0	608.0	590.0	2.8797133251749805	0.06612679671497174	121.0434399287813	0.11192125658640782	4.221043303222386	0.11193070896134512	0.058660631536432084	0.09920391962706104	358.0898711995001	113.0	3.1689369132699126	-550.6521162667382
4.0	618.0	590.0	3.0041716128005613	0.06900110677489674	62.48813131280151	0.326588868340347	5.40537639456602	0.2710078762779512	0.062091954945705505	0.09966300490424555	360.19840756114877	113.0	3.1875965270898123	-535.7063385146237
4.0	618.0	590.0	2.0312434963059434	0.09350673681160966	75.40965447908646	0.41160291658145826	4.480562796665591	0.3276493167041227	0.062091954945705505	0.09966300490424555	360.19840756114877	113.0	3.1875965270898123	-535.7063385146237
4.0	618.0	590.0	0.9125158833750464	0.0626397856524856	97.93371105580907	0.4303962832812338	5.414811014027193	0.4478961095497194	0.062091954945705505	0.09966300490424555	360.19840756114877	113.0	3.1875965270898123	-535.7063385146237
4.0	618.0	590.0	2.4053254896585505	0.0704261234660941	120.84593347959121	0.14275727713049952	4.211591174027891	0.14411165648559848	0.062091954945705505	0.09966300490424555	360.19840756114877	113.0	3.1875965270898123	-535.7063385146237
3.0	628.0	590.0	2.986700481433132	0.08085815177080662	65.71056333360191	0.25640558193401547	8.204855000488967	0.2589342306120747	0.06149197095001026	0.1699122021702541	966.9870539351314	116.0	8.336095292544236	-421.91302792179926
3.0	628.0	590.0	1.0335780462231179	0.09797343393333914	99.18702943792768	0.6153187669796869	5.610605023667294	0.6270238378499863	0.06149197095001026	0.1699122021702541	966.9870539351314	116.0	8.336095292544236	-421.91302792179926
3.0	628.0	590.0	1.4918123179886644	0.12248877012945235	121.08972875702177	0.3392761327399272	3.5655077632492365	0.3417542843124528	0.06149197095001026	0.1699122021702541	966.9870539351314	116.0	8.336095292544236	-421.91302792179926
2.0	638.0	590.0	3.1336388443098295	0.0744957165137749	64.70079415119037	0.22626303114094212	7.270802966101698	0.2270145695653956	0.07298798581296342	0.1456835452164087	502.1234686023712	119.0	4.219524946238414	-467.8367047215382
2.0	638.0	590.0	0.5281030856591886	0.052426104790847645	100.84842967921604	1.953012913950702	14.903790713993184	2.1749411551684954	0.07298798581296342	0.1456835452164087	502.1234686023712	119.0	4.219524946238414	-467.8367047215382
2.0	648.0	590.0	3.115120471484401	0.05424148564459015	64.94069648230358	0.1654962234723069	8.23294068724679	0.1658225777576312	0.0612235965877145	0.11665057200439456	453.82178623105517	119.0	3.8136284557231526	-524.4199299556325
2.0	648.0	590.0	0.6013694778121075	0.06026815668007454	104.64707695165555	0.771638648881193	6.665487336034143	0.772933531022158	0.0612235965877145	0.11665057200439456	453.82178623105517	119.0	3.8136284557231526	-524.4199299556325
2.0	658.0	590.0	3.2408822068226035	0.07142781598011727	65.07809195619683	0.21353056083994923	8.390885610879293	0.21359004221653363	0.08007183777956611	0.15194913923906284	469.36589715986605	119.0	3.94425123663753	-453.11229290638425
2.0	658.0	590.0	0.7865806537401332	0.10460929820486228	101.76397386430169	0.6008201374331957	3.9103579882595225	0.6009054004031171	0.08007183777956611	0.15194913923906284	469.36589715986605	119.0	3.94425123663753	-453.11229290638425
2.0	668.0	590.0	3.262486978198265	0.07967774062679513	65.1248336305938	0.23820545066067442	8.44765172181801	0.23837447987418	0.09799092992007483	0.16313821981397236	392.51785599273296	119.0	3.298469378090193	-424.97468821833786
2.0	668.0	590.0	0.5261076651603225	0.09298740270016125	106.28366610821931	1.2657226976805007	6.201670441721114	1.2664499023565317	0.09799092992007483	0.16313821981397236	392.51785599273296	119.0	3.298469378090193	-424.97468821833786
3.0	678.0	590.0	3.5640453132811687	0.07437324167325157	63.047724477280845	0.2347199213243037	6.987899306411529	0.25185139110446003	0.06670353454327649	0.13695408468843126	549.5498855251018	116.0	4.7374990131474295	-472.2108895732603
3.0	678.0	590.0	1.8175382225592247	0.11659338406085051	78.15167996794409	0.2900031962109385	3.458232612884575	0.28585797582924494	0.06670353454327649	0.13695408468843126	549.5498855251018	116.0	4.7374990131474295	-472.2108895732603
3.0	678.0	590.0	0.773718968013296	0.09959528712730358	111.07594589102509	0.5345173659955164	3.59809960344817	0.5345249009596227	0.06670353454327649	0.13695408468843126	549.5498855251018	116.0	4.7374990131474295	-472.2108895732603
3.0	688.0	590.0	3.852103329536231	0.053159073580780106	62.27147249733342	0.11943284253762305	5.9895985960926925	0.13075939432758327	0.07345297108485094	0.09087692599486977	200.1510424592363	116.0	1.725440021200313	-574.3674447295947
3.0	688.0	590.0	2.167312212154792	0.068592960395232	77.3505610024878	0.16225098987742953	3.57238287766223	0.15840795154833237	0.07345297108485094	0.09087692599486977	200.1510424592363	116.0	1.725440021200313	-574.3674447295947
3.0	688.0	590.0	0.54182486638327	0.05416992681399687	107.36631095670828	0.6198658450993143	5.369383522509368	0.6198691477545407	0.07345297108485094	0.09087692599486977	200.1510424592363	116.0	1.725440021200313	-574.3674447295947
3.0	698.0	590.0	3.6121333844682155	0.07900133233601844	62.131488402431344	0.1990961933555053	6.299352870639829	0.21874713393267664	0.07921605349842918	0.1375112333040233	397.79477310639567	116.0	3.429265285399963	-469.626047671077
3.0	698.0	590.0	1.360648168111389	0.10938026841442171	77.15410155525244	0.37500039075962266	3.3822048644251437	0.3680710540722218	0.07921605349842918	0.1375112333040233	397.79477310639567	116.0	3.429265285399963	-469.626047671077
3.0	698.0	590.0	0.5652057733745831	0.0962744795044009	103.8623504475036	0.7730932864424187	3.9277033156544254	0.7730804516149821	0.07921605349842918	0.1375112333040233	397.79477310639567	116.0	3.429265285399963	-469.626047671077
3.0	708.0	590.0	3.0105743096672746	0.07468798038953425	61.0110259976535	0.3906317218143205	8.581315676904682	0.4041683622534497	0.05675509803531182	0.15561213967106188	939.8535246940218	116.0	8.102185557707084	-445.51094333892775
3.0	708.0	590.0	0.9485630141095996	0.14904949071015977	76.94442445133971	0.5900354396728593	3.524112093050931	0.6466625226335356	0.05675509803531182	0.15561213967106188	939.8535246940218	116.0	8.102185557707084	-445.51094333892775
3.0	708.0	590.0	0.4219601090149901	0.1135646094312675	104.4555813136872	1.0644481182629468	3.4249318550101213	1.0644488953903328	0.05675509803531182	0.15561213967106188	939.8535246940218	116.0	8.102185557707084	-445.51094333892775
3.0	718.0	590.0	2.011544565341409	0.06922035644162422	49.94435764697371	0.29955547464388627	4.070612233571138	0.28379019297321756	0.08501439281989438	0.08834246810913346	172.03013969746993	116.0	1.4830184456678444	-556.7489656220849
3.0	718.0	590.0	2.6475092290142617	0.1679114944510842	60.25612048040641	0.1970541735989102	3.1941072647755213	0.23985283681546962	0.08501439281989438	0.08834246810913346	172.03013969746993	116.0	1.4830184456678444	-556.7489656220849
3.0	718.0	590.0	1.749419733169066	0.05416068260073399	72.00635976541628	0.6393175059643941	7.274903666052893	0.5468995586612709	0.08501439281989438	0.08834246810913346	172.03013969746993	116.0	1.4830184456678444	-556.7489656220849
2.0	728.0	590.0	2.523278504861384	0.07167662859192021	57.44294168195749	0.34258721661686525	8.292115456877255	0.37408992639620875	0.11433623930896815	0.13532526466004477	213.68705317425358	119.0	1.7956895224727192	-462.4162067370714
2.0	728.0	590.0	1.0937132095322908	0.09065391423360925	78.62405263013011	0.6169768044996731	5.120188405729159	0.601584675402764	0.11433623930896815	0.13532526466004477	213.68705317425358	119.0	1.7956895224727192	-462.4162067370714
2.0	738.0	590.0	2.5450016419373664	0.06879158346077449	57.09133868155833	0.22502967417938508	6.366963555345327	0.24284106250063445	0.08059543471684741	0.11793405457452723	313.54361347868246	119.0	2.6348202813334662	-501.91336228807313
2.0	738.0	590.0	0.786084776918386	0.07159068700617746	78.53443972158242	0.698747813076834	5.777324005499431	0.7379127258728634	0.08059543471684741	0.11793405457452723	313.54361347868246	119.0	2.6348202813334662	-501.91336228807313
4.0	748.0	590.0	0.717944399198261	0.058949767279598574	41.30362124350491	0.6501759015637313	5.158507652797212	0.6497049485501433	0.05912446096779244	0.08127118550659695	249.27348574889822	113.0	2.2059600508752055	-593.9623113764748
4.0	748.0	590.0	2.1219928024883936	0.12567425793755435	56.5200686215084	0.21488303489023422	4.770914375905668	0.2992982644123898	0.05912446096779244	0.08127118550659695	249.27348574889822	113.0	2.2059600508752055	-593.9623113764748
4.0	748.0	590.0	0.4242067423543864	0.036060229441790825	74.19697461299373	3.4447182149061035	12.993152077255575	2.7990340481682314	0.05912446096779244	0.08127118550659695	249.27348574889822	113.0	2.2059600508752055	-593.9623113764748
4.0	748.0	590.0	0.28652181211135097	0.05939705113723961	121.9157690871369	0.8864374118088265	3.700281400937878	0.8871111848375419	0.05912446096779244	0.08127118550659695	249.27348574889822	113.0	2.2059600508752055	-593.9623113764748
3.0	798.0	590.0	0.61300339203105	0.12199456764484333	8.648011506590992	0.44560770252971443	1.9450302479269537	0.4483755912813533	0.08561615329904118	0.12250476992290496	269.3674576729916	116.0	2.3221332558016514	-498.9347688511616
3.0	798.0	590.0	0.8035805648728077	0.06853964106079748	51.075643879060394	0.8290057307964938	6.41568394792643	0.8791418159786536	0.08561615329904118	0.12250476992290496	269.3674576729916	116.0	2.3221332558016514	-498.9347688511616
3.0	798.0	590.0	2.3167391366456047	0.0739432434211068	70.00575553796018	0.2647719467116278	5.355926131363244	0.2651469997988684	0.08561615329904118	0.12250476992290496	269.3674576729916	116.0	2.3221332558016514	-498.9347688511616
3.0	808.0	590.0	1.0641068143995576	0.09089804472015979	8.533547577761295	0.22694018162431764	2.300839204288143	0.22695616259115844	0.07008959255615525	0.09942986877376588	265.20252275926714	116.0	2.286228644476441	-550.9075188145856
3.0	808.0	590.0	1.130918470188791	0.08549799897148586	54.12991693291294	0.2385708341049526	2.60416206600577	0.241820248593546	0.07008959255615525	0.09942986877376588	265.20252275926714	116.0	2.286228644476441	-550.9075188145856
3.0	808.0	590.0	2.2584145482341476	0.059664302547667324	69.9924312055504	0.17220000439434818	5.550560964214248	0.18432589583595493	0.07008959255615525	0.09942986877376588	265.20252275926714	116.0	2.286228644476441	-550.9075188145856
3.0	968.0	590.0	2.210096019490955	0.167285759131304	41.25968670748917	0.308243147906835	3.091448596962742	0.31859737739609667	0.21113756404920817	0.2164415441926334	131.8669571560456	116.0	1.1367841134141863	-362.5611594296104
3.0	968.0	590.0	1.3873958310065793	0.18143731711403702	54.65779354951933	0.8082269420830979	4.236595683723555	0.8858422615023329	0.21113756404920817	0.2164415441926334	131.8669571560456	116.0	1.1367841134141863	-362.5611594296104
3.0	968.0	590.0	1.1708974206881526	0.11450038768154154	70.02338072595425	1.4575882030467424	7.018186292206838	1.4100956342751472	0.21113756404920817	0.2164415441926334	131.8669571560456	116.0	1.1367841134141863	-362.5611594296104
2.0	978.0	590.0	1.81068005528184	0.20228288575840547	41.057565663495254	0.285537123676514	2.4415992338486907	0.342488614966204	0.2038736262724159	0.20889915951946922	136.44511426513688	119.0	1.1465975988666965	-373.90078673527586
2.0	978.0	590.0	1.2713330004734453	0.07802213899600136	59.929957441272045	1.2507224392911842	13.515124465609729	1.2292245444971421	0.2038736262724159	0.20889915951946922	136.44511426513688	119.0	1.1465975988666965	-373.90078673527586
2.0	128.0	600.0	1.179952433457421	0.06501416370262701	19.753593634053296	0.29658656398250166	4.6605079486022625	0.29659031467787744	0.07885309374770658	0.10217660810681216	222.7814138939618	119.0	1.8721127217979983	-550.0956498775224
2.0	128.0	600.0	0.7029727288282508	0.05672416141151176	54.404407055199734	0.5705297488391274	6.123394658778384	0.5705409784725509	0.07885309374770658	0.10217660810681216	222.7814138939618	119.0	1.8721127217979983	-550.0956498775224
2.0	138.0	600.0	1.8258527127736004	0.048674250952460946	21.95623973228766	0.1535191770279536	4.986574161160788	0.15351924012577575	0.06894284382558187	0.0809553955170634	174.76756218362033	119.0	1.4686349763329438	-614.0146103874972
2.0	138.0	600.0	0.7370421351516449	0.04805720258457136	56.18740754731825	0.38517486275697177	5.1158946893818085	0.38517583584319975	0.06894284382558187	0.0809553955170634	174.76756218362033	119.0	1.4686349763329438	-614.0146103874972
2.0	148.0	600.0	1.3765990370008065	0.034039097517201605	25.024940457029533	0.1845856997592357	6.465204637644207	0.1846538209827918	0.06141536016618968	0.0647448125312806	139.6018420958564	119.0	1.1731247234945916	-671.0018819202513
2.0	148.0	600.0	0.9985715780436643	0.04118838048474377	56.5617443862713	0.210280424288979	4.41588989725446	0.2103417460713655	0.06141536016618968	0.0647448125312806	139.6018420958564	119.0	1.1731247234945916	-671.0018819202513
2.0	158.0	600.0	1.312617457178182	0.04705537861872941	28.34496301046051	0.24896140731885752	6.016062097491873	0.2496325411566936	0.07023029034084331	0.08472342005001147	189.58493857757665	119.0	1.5931507443493835	-599.2166028273177
2.0	158.0	600.0	0.9408512074491892	0.05226256744756872	56.87823103844468	0.3127371830180266	4.874897241770199	0.3134508119386779	0.07023029034084331	0.08472342005001147	189.58493857757665	119.0	1.5931507443493835	-599.2166028273177
2.0	168.0	600.0	1.3393731673265705	0.046461898210312026	27.038699735700995	0.345847632863545	7.369195032645102	0.362552964168099	0.0724054823034782	0.09312729291242554	209.46682111478654	119.0	1.7602253875192146	-579.1249983827746
2.0	168.0	600.0	0.5217042764544617	0.043975840261344726	54.57313175053035	0.9410456247785557	8.430582239547844	1.0183142869767767	0.0724054823034782	0.09312729291242554	209.46682111478654	119.0	1.7602253875192146	-579.1249983827746
3.0	178.0	600.0	0.9913195156007546	0.1676108443410561	22.846672501145907	0.4419517490505133	3.7868807517758523	0.5012461182906625	0.0934026959064892	0.07076179027221827	106.13109906199169	116.0	0.9149232677757905	-593.5983780975467
3.0	178.0	600.0	0.5691646542995833	0.046689165686301264	36.127152425914325	1.989478437690204	7.9061257280954145	2.430967765084066	0.0934026959064892	0.07076179027221827	106.13109906199169	116.0	0.9149232677757905	-593.5983780975467
3.0	178.0	600.0	0.48335816651490215	0.058134237936878504	57.25386483804858	0.80354005117215	4.4592262287971325	0.771823125946768	0.0934026959064892	0.07076179027221827	106.13109906199169	116.0	0.9149232677757905	-593.5983780975467
3.0	278.0	600.0	1.8214970352590427	0.0917015887485547	55.54883622539056	0.1613494458398862	3.8538970531243093	0.21145801443710535	0.0709997018566423	0.07616053450246464	145.8129934694861	116.0	1.2570085643921214	-622.4532833031792
3.0	278.0	600.0	1.3968202953855573	0.07053806518421016	63.30469514521487	0.5998724953009171	10.871015303113118	0.3606663871190792	0.0709997018566423	0.07616053450246464	145.8129934694861	116.0	1.2570085643921214	-622.4532833031792
3.0	278.0	600.0	0.9592286132423916	0.055692098290560536	92.37119717876028	0.24032214680521258	3.4868823398418485	0.2441782492457793	0.0709997018566423	0.07616053450246464	145.8129934694861	116.0	1.2570085643921214	-622.4532833031792
3.0	288.0	600.0	2.5967479286396142	0.08706069135877086	55.37671585588507	0.10603853655429397	3.147346111735418	0.13097980682988739	0.07910945654114902	0.08823625610412428	161.50976674199987	116.0	1.3923255753620678	-582.6340126776404
3.0	288.0	600.0	1.472592425463754	0.048114009771138146	66.37096401318024	0.6448611029951968	12.311393649953086	0.5065606634922475	0.07910945654114902	0.08823625610412428	161.50976674199987	116.0	1.3923255753620678	-582.6340126776404
3.0	288.0	600.0	1.0085706063534432	0.06601003400826046	91.2589044308809	0.31392052268207904	4.1600205206867695	0.34077464561094334	0.07910945654114902	0.08823625610412428	161.50976674199987	116.0	1.3923255753620678	-582.6340126776404
4.0	298.0	600.0	0.3275507206425077	0.042203098310773776	43.88489232655773	7.530484898034862	17.55264584931184	5.075630842823209	0.07341796949500497	0.07559109022148512	132.89196371888409	113.0	1.1760350771582662	-618.4580802986322
4.0	298.0	600.0	3.0238983547995018	0.09871226616874074	55.278284240475	0.09349645582313092	3.302982621198005	0.11676303549965088	0.07341796949500497	0.07559109022148512	132.89196371888409	113.0	1.1760350771582662	-618.4580802986322
4.0	298.0	600.0	1.8268715773526285	0.14204562235934398	71.91285800965234	0.3175067429667531	7.705415134690906	0.4581521207150956	0.07341796949500497	0.07559109022148512	132.89196371888409	113.0	1.1760350771582662	-618.4580802986322
4.0	298.0	600.0	0.46458951003144683	0.05604017538588192	90.86144004312546	0.6874988630761781	4.113858025757635	0.6693058861825903	0.07341796949500497	0.07559109022148512	132.89196371888409	113.0	1.1760350771582662	-618.4580802986322
2.0	308.0	600.0	3.237953332731376	0.07218413964862912	55.6309318176442	0.1580367241029016	4.6624957944809235	0.15838293441603277	0.0756813925865097	0.11587720393204176	293.79275937153363	119.0	2.4688467174078457	-525.7737637764552
2.0	308.0	600.0	1.9817719905501947	0.06591451641776372	72.5593514046132	0.2849857947993823	5.786852847677877	0.304959428560443	0.0756813925865097	0.11587720393204176	293.79275937153363	119.0	2.4688467174078457	-525.7737637764552
3.0	318.0	600.0	0.3297203958265693	0.06403188503868912	34.1992625293063	1.3966478539228635	5.98429217411885	1.491717944754173	0.06712058371952402	0.11303656755578523	361.10901447693414	116.0	3.1130087454908115	-523.142643334479
3.0	318.0	600.0	2.8641134048669286	0.06858282510109111	56.49899113447913	0.20663233954355564	5.2739862052786375	0.22617616372831667	0.06712058371952402	0.11303656755578523	361.10901447693414	116.0	3.1130087454908115	-523.142643334479
3.0	318.0	600.0	1.703880085936163	0.06298897043463689	74.4591175070124	0.3843069324518821	6.233771378524508	0.39590452338110255	0.06712058371952402	0.11303656755578523	361.10901447693414	116.0	3.1130087454908115	-523.142643334479
2.0	368.0	600.0	1.142852931431166	0.07576301733502332	61.623245097955625	0.15933832440061343	2.2813446355856484	0.19030070621461664	0.07092482580597304	0.07334537972067232	134.85855848038435	119.0	1.133265197314154	-639.3327270562507
2.0	368.0	600.0	1.9450795749445047	0.04368834939821042	68.47082922309848	0.2608086004124198	10.180298778817956	0.19527872454661696	0.07092482580597304	0.07334537972067232	134.85855848038435	119.0	1.133265197314154	-639.3327270562507
3.0	378.0	600.0	1.4038544957520072	0.07438665057476825	63.73906616558509	0.14712160590588277	2.9305273835863566	0.18733702855021261	0.05461418296907841	0.06703287685212904	197.8970406288082	116.0	1.7060089709380017	-649.871054599591
3.0	378.0	600.0	2.1852440891890668	0.05811874244466916	69.46213122159041	0.2561031450849841	10.683473384133336	0.21393634532470843	0.05461418296907841	0.06703287685212904	197.8970406288082	116.0	1.7060089709380017	-649.871054599591
3.0	378.0	600.0	0.23278667610356182	0.055640820388168956	94.86502954061594	0.8116299959622102	2.8903320402464985	0.8424816025518332	0.05461418296907841	0.06703287685212904	197.8970406288082	116.0	1.7060089709380017	-649.871054599591
2.0	388.0	600.0	4.0275887376562824	0.08296834075963727	65.86512458819121	0.4008068486686328	7.22823443600452	0.3440244138381489	0.06621113678773739	0.14818565938602218	688.6373925445304	119.0	5.78686884491202	-452.7146464847742
2.0	388.0	600.0	1.6044037878886317	0.15922096079310719	80.95237412836754	0.6808242185618979	4.797273941842055	0.5387390082759514	0.06621113678773739	0.14818565938602218	688.6373925445304	119.0	5.78686884491202	-452.7146464847742
1.0	398.0	600.0	4.194571535690274	0.04326768440246176	67.84597627812248	0.11557702920276286	9.703796542668124	0.11557705096351978	0.0647248740710739	0.10195938531037416	312.557418301634	122.0	2.561946051652738	-563.8431180412861
2.0	408.0	600.0	1.725766196436019	0.1020147225049669	55.672921808485185	0.28037112694898175	3.543338334881195	0.2614409767608385	0.060192853501200155	0.08179894491710979	433.7753764798897	119.0	3.645171230923443	-534.3119100354229
2.0	408.0	600.0	3.4566702828073352	0.061010913229224945	69.28967922506976	0.2211419331651326	6.454712796657237	0.22234458420010775	0.060192853501200155	0.08179894491710979	433.7753764798897	119.0	3.645171230923443	-534.3119100354229
2.0	428.0	600.0	1.3006346961985618	0.1715233206303672	53.87822979085468	0.44178148853909477	3.2442882080214694	0.5357590035417815	0.36105376468786626	0.12842156682983363	35.338729867503325	119.0	0.2969641165336414	-399.8870117922277
2.0	428.0	600.0	1.5438198264395668	0.10929436615787642	62.17490847078222	0.9994496856744384	13.428069494649705	0.7514750038372278	0.36105376468786626	0.12842156682983363	35.338729867503325	119.0	0.2969641165336414	-399.8870117922277
2.0	438.0	600.0	1.6025599667327357	0.17591003693025364	53.16496870713017	0.38404420195475414	3.384676696029758	0.4653901962166996	0.36105376468786626	0.13514154730385186	38.97286726671223	119.0	0.32750308627489266	-387.6512409147681
2.0	438.0	600.0	1.8019293984248614	0.11262815063529147	61.69323510758369	0.9124667294088932	14.119976238318543	0.6949721980303059	0.36105376468786626	0.13514154730385186	38.97286726671223	119.0	0.32750308627489266	-387.6512409147681
1.0	448.0	600.0	2.5959295912280247	0.09635075090698715	58.5127501085228	0.5504042987286862	12.840874080090616	0.5504040738146838	0.36105376468786626	0.1832889800155008	65.9191571054591	122.0	0.5403209598808123	-328.6676795727116
1.0	458.0	600.0	3.0620823178740086	0.06982861447521768	60.96491204745222	0.33179883250731895	12.600018410776366	0.3317987855422995	0.36105376468786626	0.15451788576121409	33.97188229670445	122.0	0.27845805161233156	-411.5296680344969
1.0	468.0	600.0	4.118688500301559	0.055196432957638805	64.2051397232905	0.17033160641196315	11.006763016400145	0.1703315831376909	0.05820995990158487	0.13765675744937292	713.3620629438776	122.0	5.847230024130145	-487.2152820904646
1.0	478.0	600.0	4.951022992208567	0.08338952465025516	65.63296177025974	0.19526848577627032	10.040001819039876	0.19526845942408608	0.08149192070841337	0.20034151385716925	757.7910740606726	122.0	6.211402246398956	-395.5511012079135
2.0	488.0	600.0	4.0718911459082285	0.17616167220027806	62.54440990708856	0.152925749474249	4.404803846480672	0.20207072641858254	0.0648232748993026	0.1518328380494539	685.8427542241564	119.0	5.763384489278625	-458.51894512287237
2.0	488.0	600.0	3.538652504108047	0.14368099203807583	70.34554892421599	0.4731563373042457	11.960879601637235	0.2741222841678364	0.0648232748993026	0.1518328380494539	685.8427542241564	119.0	5.763384489278625	-458.51894512287237
1.0	498.0	600.0	8.203497943415504	0.23162416242506492	66.14552392632807	0.2199330221886395	6.745223238473394	0.2199328234954929	0.36105376468786626	0.41027111288680734	200.10615632943524	122.0	1.6402143961429119	-189.86531601154354
1.0	508.0	600.0	9.84269115749514	0.27409858839392576	66.73441246343815	0.1628067430051562	5.062667731170618	0.16280656430886026	0.36105376468786626	0.40673301233410486	210.32127773125816	122.0	1.7239448994365423	-183.64178498656082
1.0	518.0	600.0	9.12940718826462	0.26241629024127067	67.0261571111367	0.1842999547479727	5.552159973102931	0.1842996931600056	0.12993618921416045	0.43103312395442744	1632.402547296877	122.0	13.380348748335058	-182.99114697200656
1.0	528.0	600.0	8.178047529988149	0.22903325197129284	66.58514559613594	0.21759689970198595	6.72814200511477	0.21759670330386688	0.04532701618214429	0.4373597170148513	12382.765747636857	122.0	101.49807989866277	-192.99461157694773
2.0	538.0	600.0	6.4818498075104785	0.4907230549690951	62.817173681661075	0.143636345451248	4.3822378520441285	0.20274032505140804	0.05179249306068239	0.15181287585202402	1290.266730704595	119.0	10.842577568946176	-435.6293377165549
2.0	538.0	600.0	3.9509969953054016	0.15240565845918883	74.68715943554764	1.028134536101983	8.631649839633456	0.6513535093950976	0.05179249306068239	0.15181287585202402	1290.266730704595	119.0	10.842577568946176	-435.6293377165549
2.0	548.0	600.0	5.788600287531943	0.2424952063781429	60.408687538802994	0.177237848044411	4.757469897877019	0.1561127901641275	0.05390908849286456	0.13345796286072176	980.9503683046631	119.0	8.243280405921539	-459.87616899131456
2.0	548.0	600.0	5.111775571743299	0.08368651236804382	74.97446248651282	0.43860527029329255	8.382272681330589	0.3408215075538092	0.05390908849286456	0.13345796286072176	980.9503683046631	119.0	8.243280405921539	-459.87616899131456
2.0	558.0	600.0	6.731421338175388	0.1314295182330926	57.41163616764481	0.12336534514600582	4.305984164496801	0.11169164247674886	0.05202147106104455	0.14563995682729358	1290.847799736468	119.0	10.847460501987126	-434.4702265833146
2.0	558.0	600.0	6.706801833462779	0.08604130395296378	73.36200709514301	0.17803394789589305	7.1812246983784895	0.17853003018798141	0.05202147106104455	0.14563995682729358	1290.847799736468	119.0	10.847460501987126	-434.4702265833146
3.0	568.0	600.0	7.920296081250252	0.15668101919713864	56.04994036326746	0.11484209198166005	4.1692861601427476	0.11626806553915377	0.2024281824504699	0.20638758438472857	169.73457626833329	116.0	1.463229105761494	-341.5370396407733
3.0	568.0	600.0	7.0262694274842765	0.13469085686598628	73.16581177191807	0.1520522060140641	5.936600528710191	0.16706272318313717	0.2024281824504699	0.20638758438472857	169.73457626833329	116.0	1.463229105761494	-341.5370396407733
3.0	568.0	600.0	1.1577051817171546	0.1540994704034736	121.16792465317907	0.6568949476425675	4.273150481570446	0.6568926598548703	0.2024281824504699	0.20638758438472857	169.73457626833329	116.0	1.463229105761494	-341.5370396407733
3.0	578.0	600.0	7.554174125412058	0.13995129531981898	55.541394194460956	0.10294576253580151	4.092398934695544	0.10445542484216125	0.36105376468786626	0.18772503024298234	41.8537638529172	116.0	0.3608083090768724	-371.88338333782946
3.0	578.0	600.0	5.9193269361900684	0.11771912542566158	73.08095151227965	0.15767044039332742	6.0996359581700865	0.1737808213365405	0.36105376468786626	0.18772503024298234	41.8537638529172	116.0	0.3608083090768724	-371.88338333782946
3.0	578.0	600.0	2.0641029054541717	0.14514826613071663	121.96148544835931	0.3068222858847367	3.7788064836366226	0.30682258194727835	0.36105376468786626	0.18772503024298234	41.8537638529172	116.0	0.3608083090768724	-371.88338333782946
3.0	588.0	600.0	5.827260822087491	0.11140016007162637	56.88276897759664	0.12951306426425613	4.7474576032461275	0.13438489273909549	0.07487391205099464	0.16842008635120265	707.8029501233831	116.0	6.101749570029164	-411.6907209953139
3.0	588.0	600.0	5.6846380571983435	0.10607321541057661	73.910822129126	0.14000239566666126	5.362789188557305	0.150272915795607	0.07487391205099464	0.16842008635120265	707.8029501233831	116.0	6.101749570029164	-411.6907209953139
3.0	588.0	600.0	2.13923556118541	0.12029071845760263	122.55405979093156	0.25980068759913993	4.001268430102994	0.2598006923755662	0.07487391205099464	0.16842008635120265	707.8029501233831	116.0	6.101749570029164	-411.6907209953139
3.0	598.0	600.0	4.409766479434159	0.09530592950577227	59.92159888443017	0.19602456814447033	5.806672022212795	0.20882762770276778	0.07359714018616206	0.1541432540306538	629.1550774637748	116.0	5.423750667791162	-430.71405576857217
3.0	598.0	600.0	4.729219596938114	0.11226192694394953	75.40468590180072	0.1541070226510407	4.13854761711178	0.14849934247370666	0.07359714018616206	0.1541432540306538	629.1550774637748	116.0	5.423750667791162	-430.71405576857217
3.0	598.0	600.0	2.617960934105976	0.10819263809944897	121.2108896535023	0.2027105758987766	4.2478824457333575	0.20271057504404302	0.07359714018616206	0.1541432540306538	629.1550774637748	116.0	5.423750667791162	-430.71405576857217
3.0	608.0	600.0	3.6377568104955706	0.08400973506124358	61.380059123495954	0.23395064375762079	5.643696336075314	0.23671519772034536	0.018277604891836483	0.13286519921552345	7794.89881671057	116.0	67.1974035923325	-464.3405859034519
3.0	608.0	600.0	2.8119747921152918	0.09697589197083706	76.36156016093507	0.2644947344745583	4.403589564799273	0.24530092290061262	0.018277604891836483	0.13286519921552345	7794.89881671057	116.0	67.1974035923325	-464.3405859034519
3.0	608.0	600.0	3.063431428885544	0.09428621550496075	119.66306007304922	0.1518973472573942	4.274067188440991	0.15189735257139467	0.018277604891836483	0.13286519921552345	7794.89881671057	116.0	67.1974035923325	-464.3405859034519
3.0	618.0	600.0	2.2509347227985663	0.21665349195995537	62.456578584664356	0.28285710534952874	4.476055105830774	0.4194875763777087	0.058882703256887124	0.15340260220903099	897.2533748750891	116.0	7.734942886854216	-442.10868693041505
3.0	618.0	600.0	1.2646690103494338	0.12164201226333386	73.40016921850842	1.833356634865283	11.63973816076723	0.9813440315151786	0.058882703256887124	0.15340260220903099	897.2533748750891	116.0	7.734942886854216	-442.10868693041505
3.0	618.0	600.0	2.342994311213071	0.1018968021962513	119.23248177470066	0.21963597722859426	4.37210040728532	0.21972487071598948	0.058882703256887124	0.15340260220903099	897.2533748750891	116.0	7.734942886854216	-442.10868693041505
3.0	628.0	600.0	3.10547262969174	0.08204152869806747	64.76322708910138	0.1704107817894804	5.586856292292068	0.1704378098412314	0.0680073010221676	0.1429549273426042	557.1483108440426	116.0	4.803002679690023	-465.65511870699083
3.0	628.0	600.0	0.8636635686986502	0.07883227880664673	100.19732908102553	0.6781118277958796	6.287862773477057	0.7269536645681963	0.0680073010221676	0.1429549273426042	557.1483108440426	116.0	4.803002679690023	-465.65511870699083
3.0	628.0	600.0	1.0881164557257086	0.0989067902815221	119.98248763853007	0.4278094947830283	3.8573496626288515	0.43810866808341997	0.0680073010221676	0.1429549273426042	557.1483108440426	116.0	4.803002679690023	-465.65511870699083
2.0	638.0	600.0	3.0710524944880078	0.09075819427597873	65.49448876538098	0.2003550667699765	5.834723032176458	0.20173503027425102	0.07487852004896725	0.16102117034895272	601.6878476392621	119.0	5.056200400329934	-438.8320574198927
2.0	638.0	600.0	0.525530477869726	0.06674920884410333	104.64366816648966	1.5921675197088991	10.863508099063436	1.6165313356255473	0.07487852004896725	0.16102117034895272	601.6878476392621	119.0	5.056200400329934	-438.8320574198927
2.0	648.0	600.0	2.9251986552205715	0.0763736609408006	66.51833509489924	0.20319846969899888	6.740055745330968	0.20320022951902997	0.06903590860933896	0.14817232589066157	579.9613322519924	119.0	4.873624640773046	-463.739297439013
2.0	648.0	600.0	0.5588521915640626	0.08711732882213914	105.75646441705892	0.9323170278863191	5.181433778837169	0.9323294426356618	0.06903590860933896	0.14817232589066157	579.9613322519924	119.0	4.873624640773046	-463.739297439013
2.0	658.0	600.0	2.886556244456681	0.08302017069303214	66.27269792796278	0.2510202183345406	7.558758765659281	0.2510400791729339	0.06684355654983523	0.17018805994251948	819.73441256156	119.0	6.888524475307227	-428.55489436376115
2.0	658.0	600.0	0.7863387704235947	0.11398421629915162	102.3110601977105	0.6712157600621091	4.008940143541897	0.6712466369397566	0.06684355654983523	0.17018805994251948	819.73441256156	119.0	6.888524475307227	-428.55489436376115
2.0	668.0	600.0	2.920186136730083	0.06014795082548163	66.24878724559831	0.20361427949338182	8.561592823715493	0.20369181285609442	0.06335273283001695	0.12967186784649276	542.4609057600073	119.0	4.558495006386616	-493.5721589306786
2.0	668.0	600.0	0.8121776245735508	0.07111287222481852	108.69261158014444	0.6192320909644748	6.125113762601881	0.6194232093117934	0.06335273283001695	0.12967186784649276	542.4609057600073	119.0	4.558495006386616	-493.5721589306786
2.0	678.0	600.0	3.0816471793078013	0.06464844391422811	66.13354466870275	0.22876033274402988	9.443191349153022	0.22876152185344764	0.07198291328325451	0.14848804692860304	535.5342460413675	119.0	4.500287781860231	-463.2508737451263
2.0	678.0	600.0	1.3122506017995745	0.10222184823233632	111.97812401293942	0.339745222619673	3.7771323289721677	0.339746342793935	0.07198291328325451	0.14848804692860304	535.5342460413675	119.0	4.500287781860231	-463.2508737451263
2.0	688.0	600.0	3.1801999931529656	0.08787548193199916	64.82646031850852	0.2774792215424205	8.696538424574818	0.2774792199386065	0.07422497932149273	0.19140293064702993	857.0048076927646	119.0	7.201721073048442	-396.81054592566
2.0	688.0	600.0	0.7330690576450866	0.15408138212150446	112.13314483983878	0.6866518323896585	2.8276313992240447	0.6866369860556529	0.07422497932149273	0.19140293064702993	857.0048076927646	119.0	7.201721073048442	-396.81054592566
1.0	698.0	600.0	3.355895333106046	0.08699442195762086	62.87230965502556	0.2293398130685444	7.66114620612362	0.22933967232472288	0.09481658165726772	0.17817416272297748	464.88304335575657	122.0	3.810516748817677	-418.7687286320415
1.0	708.0	600.0	2.9922616797479296	0.08425798713710772	61.460706162296496	0.31142136780200885	9.577591036792509	0.31142132007438594	0.06742404451672204	0.19728148689905672	1078.1268261814873	122.0	8.837105132635141	-398.855063181862
1.0	718.0	600.0	2.5844483714761344	0.08030330960010741	60.620685277104826	0.4057666343337907	11.309345886145914	0.40576662188389534	0.06509192942499098	0.20363711700579065	1240.6980390414813	122.0	10.16965605771706	-390.09921515236084
2.0	728.0	600.0	2.46172847609691	0.0793446819486808	58.849518029902164	0.4115799342749213	9.115481513553858	0.45451782236095667	0.06804237317191215	0.1644094268490412	808.5744687979379	119.0	6.794743435276789	-425.8244132376942
2.0	728.0	600.0	0.7911276709929758	0.10776680550020325	81.1159561167241	0.9254593602592152	4.942446247716684	0.9129800879685417	0.06804237317191215	0.1644094268490412	808.5744687979379	119.0	6.794743435276789	-425.8244132376942
1.0	738.0	600.0	2.222904426464128	0.08758520120436615	58.982581555610224	0.3606653745850137	7.92645706984249	0.36066508726525637	0.36105376468786626	0.16737579453847817	33.623352597529525	122.0	0.2756012507994223	-412.8187115166301
2.0	748.0	600.0	1.8581950663456808	0.07713848851532921	57.846979211154604	0.3904264870804002	8.145000062434955	0.39042649729953166	0.0802674334574253	0.15065711679091714	528.8768568498743	119.0	4.444343334872894	-437.58072556394865
2.0	748.0	600.0	0.32058132388932636	0.10530296020586706	122.78548354287206	1.658374131530565	4.367503857138391	1.6583386046230537	0.0802674334574253	0.15065711679091714	528.8768568498743	119.0	4.444343334872894	-437.58072556394865
2.0	798.0	600.0	1.0968808712739309	0.08104369961538754	47.5915228867918	0.5648495366741738	5.777505796750053	0.5886817015666463	0.09875469806260133	0.13343297047119554	269.9054203739133	119.0	2.268112776251372	-469.84747766986277
2.0	798.0	600.0	2.090770681147682	0.07407255133549003	70.52644658445334	0.3255700737426223	7.15517602469958	0.35477139534943997	0.09875469806260133	0.13343297047119554	269.9054203739133	119.0	2.268112776251372	-469.84747766986277
3.0	808.0	600.0	0.595077787633121	0.0901751430560678	9.09541944446134	0.3982224731367364	2.276665659075136	0.39854303955597675	0.07823761281715384	0.09664259833044148	207.1563796046014	116.0	1.7858308586603568	-554.2909453239936
3.0	808.0	600.0	0.9834958469388655	0.05043696729110794	50.86857162224748	0.8232550837052576	7.68176994694891	0.7745037502888028	0.07823761281715384	0.09664259833044148	207.1563796046014	116.0	1.7858308586603568	-554.2909453239936
3.0	808.0	600.0	2.198636514801548	0.057303083191952736	71.19119512834592	0.33462136938722564	6.55401451422822	0.29542180190840134	0.07823761281715384	0.09664259833044148	207.1563796046014	116.0	1.7858308586603568	-554.2909453239936
2.0	818.0	600.0	0.9396149630974502	0.10371844494906551	10.078576312588295	0.33329901401688505	2.614894171144488	0.333290869903946	0.06644044916996915	0.12499930669916783	448.0321961155422	119.0	3.764976437945733	-505.58152416688506
2.0	818.0	600.0	1.9801933469327455	0.049437609500155556	67.95395954387506	0.3317971177790095	11.509848280241822	0.3317971861426301	0.06644044916996915	0.12499930669916783	448.0321961155422	119.0	3.764976437945733	-505.58152416688506
2.0	828.0	600.0	0.9862087220576645	0.11291307033848462	10.370343993566905	0.2965158632814982	2.242235781381136	0.29637888982066124	0.06989244171995203	0.12646098564037733	411.6016326622573	119.0	3.4588372492626664	-503.5197978064033
2.0	828.0	600.0	1.7913640465963356	0.050405931663360194	68.72696040234877	0.36570924195168186	11.255976981267262	0.3657092930996385	0.06989244171995203	0.12646098564037733	411.6016326622573	119.0	3.4588372492626664	-503.5197978064033
2.0	968.0	600.0	2.327344490303357	0.15178307675555605	48.38951727196002	0.6385453224363894	8.2789037069721	0.6904632063084457	0.24024596674999255	0.30227677741478465	222.05304492848987	119.0	1.8659919741889905	-271.98582069824425
2.0	968.0	600.0	1.6077786452292475	0.23121496022113738	70.40822363452227	0.6000919495302307	3.435615435412357	0.6084638652347234	0.24024596674999255	0.30227677741478465	222.05304492848987	119.0	1.8659919741889905	-271.98582069824425
2.0	978.0	600.0	2.2281115100714515	0.14172968217586068	47.44284461219209	0.6390443085018955	7.896156239973839	0.7021460647234807	0.1976239044564894	0.2645211609229755	270.1701440525652	119.0	2.2703373449795397	-296.2932440489441
2.0	978.0	600.0	1.2983738978202484	0.1654017420699867	71.0846913533735	0.9333548905800599	5.516927227505714	0.9566891798908891	0.1976239044564894	0.2645211609229755	270.1701440525652	119.0	2.2703373449795397	-296.2932440489441
2.0	138.0	610.0	1.6619404457550608	0.054154863480833565	23.668407736282354	0.16073784206647743	4.272069504685511	0.16073813504745244	0.07481980883607142	0.08343870274333781	157.35216529007812	119.0	1.3222871032779673	-606.6847059690765
2.0	138.0	610.0	0.8033637038771306	0.04936732014115783	56.1819933815	0.3647721443557664	5.1407848250983115	0.3647727085462476	0.07481980883607142	0.08343870274333781	157.35216529007812	119.0	1.3222871032779673	-606.6847059690765
2.0	148.0	610.0	1.3073851435653103	0.04868474749944501	26.338988221221154	0.21963427719639123	5.108168959908623	0.21964059427596822	0.07403434993689076	0.07761960446968641	155.29713809606096	119.0	1.3050179671937896	-610.966341322429
2.0	148.0	610.0	0.8782898261851179	0.05180362836976799	56.759482221144964	0.3072606809107238	4.511419140859862	0.3072687379983828	0.07403434993689076	0.07761960446968641	155.29713809606096	119.0	1.3050179671937896	-610.966341322429
2.0	168.0	610.0	1.0647318670176829	0.036833221941965685	28.25855863130793	0.3619844467815406	8.899502315097864	0.3857823315480164	0.07281070777039626	0.07778579738129518	154.59815622518576	119.0	1.2991441699595443	-615.6967639673358
2.0	168.0	610.0	0.7063320534327135	0.04615877288231869	56.7787088045049	0.4345363132993884	5.492907928239708	0.4449305098202679	0.07281070777039626	0.07778579738129518	154.59815622518576	119.0	1.2991441699595443	-615.6967639673358
2.0	178.0	610.0	1.1563045453718093	0.04234035629429958	29.631409221987468	0.39453707338397526	8.739184711208035	0.4312611010112441	0.09556863517267822	0.07596311439953325	114.67921769578548	119.0	0.9636909050066007	-585.0376495164037
2.0	178.0	610.0	0.5444239007161457	0.0498189153017302	56.56940646927395	0.7086787369071064	6.039681951454571	0.7300232661264173	0.09556863517267822	0.07596311439953325	114.67921769578548	119.0	0.9636909050066007	-585.0376495164037
3.0	188.0	610.0	1.6324842941006363	0.06546597590612112	31.515618128009336	0.3234501065474017	5.428370090098247	0.34674450184460776	0.10327059483222473	0.09380459186710981	141.9777339295368	116.0	1.2239459821511793	-532.1158698583873
3.0	188.0	610.0	0.4553635084729993	0.07388716271722165	47.49492440678077	1.027365522569568	4.3161029686753505	1.2392115111000954	0.10327059483222473	0.09380459186710981	141.9777339295368	116.0	1.2239459821511793	-532.1158698583873
3.0	188.0	610.0	0.6096959090098042	0.08365814154246161	61.43731573336835	0.5642583402591472	3.187994889697782	0.585651913602738	0.10327059483222473	0.09380459186710981	141.9777339295368	116.0	1.2239459821511793	-532.1158698583873
3.0	198.0	610.0	1.6219782165063594	0.053558038258145035	34.86419198089612	0.30452619299363287	7.992198181355949	0.3064225497281511	0.07289770795836607	0.11181770386715802	294.5998007002597	116.0	2.539653454312584	-527.9462916721828
3.0	198.0	610.0	0.7225044770357968	0.08716350514058793	62.86536035662946	0.5053806201719041	3.0364458797301648	0.511189777152296	0.07289770795836607	0.11181770386715802	294.5998007002597	116.0	2.539653454312584	-527.9462916721828
3.0	198.0	610.0	0.37510786223989934	0.0725998786886644	75.81923477667333	1.1812014300947793	4.611531819036564	1.3027365217113125	0.07289770795836607	0.11181770386715802	294.5998007002597	116.0	2.539653454312584	-527.9462916721828
3.0	268.0	610.0	2.1762233701712503	0.04948960181279198	55.441227028850435	0.23579602983050485	7.303743388493411	0.2601293720624021	0.07116956878619558	0.09004762022483057	224.13258121160194	116.0	1.9321774242379477	-568.1167692789738
3.0	268.0	610.0	0.9321476797833651	0.06930164891901572	72.80333186022665	0.3851579111007553	3.813001747475762	0.3806563921122451	0.07116956878619558	0.09004762022483057	224.13258121160194	116.0	1.9321774242379477	-568.1167692789738
3.0	268.0	610.0	0.6226643393828111	0.07587835949406962	91.66497747827634	0.40497326285439506	2.8779490924499487	0.4052253873700272	0.07116956878619558	0.09004762022483057	224.13258121160194	116.0	1.9321774242379477	-568.1167692789738
2.0	278.0	610.0	2.7993056614585377	0.0796274092496436	57.55065226388809	0.2467424535820657	7.513455559508909	0.24693091433730754	0.06627459107721763	0.1564199361212194	762.1813755758905	119.0	6.4048855090410965	-439.7914578536374
2.0	278.0	610.0	1.1283003998554977	0.1049243561465743	90.97997962362109	0.46460215329825444	4.325688197464862	0.4648326959607711	0.06627459107721763	0.1564199361212194	762.1813755758905	119.0	6.4048855090410965	-439.7914578536374
2.0	288.0	610.0	3.1213281239236386	0.09411006100453463	57.54665143406378	0.24030244220304858	5.847268055342861	0.23954579890472397	0.07611809354689006	0.16660927068049858	610.3201870196631	119.0	5.128741067392126	-432.94670878762395
2.0	288.0	610.0	1.2470066466020444	0.07251671866409384	84.1879929661745	0.7931095528650186	10.253467641976833	0.8792526533653447	0.07611809354689006	0.16660927068049858	610.3201870196631	119.0	5.128741067392126	-432.94670878762395
4.0	298.0	610.0	0.49937989156063145	0.11469123694321243	48.52320608878926	8.232700137566095	20.925395498944486	3.717479898487415	0.06069693851142749	0.07018959434896054	168.88790003440357	113.0	1.4945831861451644	-636.0646098420574
4.0	298.0	610.0	2.178967731365116	0.12475473989903647	56.22116915305136	0.10297107149773005	3.101588909372837	0.16893487306505542	0.06069693851142749	0.07018959434896054	168.88790003440357	113.0	1.4945831861451644	-636.0646098420574
4.0	298.0	610.0	1.538546592351741	0.22748036321585502	68.83001032742632	0.7324682060367816	10.10074183470589	1.3326297191781438	0.06069693851142749	0.07018959434896054	168.88790003440357	113.0	1.4945831861451644	-636.0646098420574
4.0	298.0	610.0	0.52284817659474	0.08400379945250881	89.1508580459697	0.8423361385043482	5.009431049341537	0.78648082058496	0.06069693851142749	0.07018959434896054	168.88790003440357	113.0	1.4945831861451644	-636.0646098420574
3.0	308.0	610.0	0.7615683661148087	0.11679091569093816	49.63633816889876	5.12923112710589	13.61280147121407	2.728570317156472	0.07169645318758171	0.07817004811812203	158.26800288355003	116.0	1.3643793352030174	-609.766272664553
3.0	308.0	610.0	3.045553723943482	0.1980299312971739	56.890543161628564	0.11938241653760373	3.7196725082411994	0.16635977467742927	0.07169645318758171	0.07817004811812203	158.26800288355003	116.0	1.3643793352030174	-609.766272664553
3.0	308.0	610.0	1.6461248711031689	0.2618827106211267	71.31927031425698	0.4376475116107637	6.099199243174157	0.5111057339737116	0.07169645318758171	0.07817004811812203	158.26800288355003	116.0	1.3643793352030174	-609.766272664553
3.0	318.0	610.0	0.4840813713119141	0.04154099846322519	39.71357678425158	1.593470670516814	9.224215696710921	1.5913955271432805	0.06487498606396423	0.08591667529113263	238.62525342071675	116.0	2.0571142536268683	-583.4354948427487
3.0	318.0	610.0	3.1025624905780114	0.17889668498108643	56.56647749603761	0.16047429997478027	3.952880591881817	0.19097117297493538	0.06487498606396423	0.08591667529113263	238.62525342071675	116.0	2.0571142536268683	-583.4354948427487
3.0	318.0	610.0	1.459523417615089	0.05102141885173599	69.27017707378218	0.9061271509093911	7.957989029084734	0.7068485432671419	0.06487498606396423	0.08591667529113263	238.62525342071675	116.0	2.0571142536268683	-583.4354948427487
3.0	328.0	610.0	0.46095848998610384	0.048075452773278654	34.58996130784713	0.7956257444785495	6.467614239825729	0.8210909600058661	0.07462224626654292	0.08722319525419231	180.60979905753837	116.0	1.5569810263580894	-583.2607897644594
3.0	328.0	610.0	1.9537630079484234	0.2365460972247537	57.525473948681835	0.22844029318446887	4.043241562329754	0.32502540958566306	0.07462224626654292	0.08722319525419231	180.60979905753837	116.0	1.5569810263580894	-583.2607897644594
3.0	328.0	610.0	1.423119441670858	0.06762182976897235	69.26687261447444	1.3350991631452973	8.414363540513605	0.9101489285033713	0.07462224626654292	0.08722319525419231	180.60979905753837	116.0	1.5569810263580894	-583.2607897644594
1.0	368.0	610.0	2.046169526504034	0.027220656676945176	64.28483518706031	0.18671991119870815	12.155026461212154	0.18671989624274382	0.059130258686383566	0.07203726832122621	185.67465691519706	122.0	1.5219234173376808	-651.5428425107909
1.0	378.0	610.0	2.3901459708690824	0.030412563402310088	65.5298558637828	0.18951706108659264	12.898778836926946	0.18951705911028957	0.06753514015944133	0.08173616025176438	188.54269884874694	122.0	1.5454319577766142	-616.4004600246665
2.0	388.0	610.0	3.433351490191574	0.058095849078469465	68.10236942617266	0.35544903930930777	12.333103028883711	0.25690309873944805	0.06752533226907595	0.1261163732895511	472.6029812345837	119.0	3.971453623820031	-494.8585083031813
2.0	388.0	610.0	0.9572791032160575	0.12719097690110484	80.72608639012122	0.3953875260450486	3.135651177302573	0.5135996250842543	0.06752533226907595	0.1261163732895511	472.6029812345837	119.0	3.971453623820031	-494.8585083031813
1.0	398.0	610.0	4.658511177973082	0.052730954159160494	69.32285688657933	0.1435975744232406	10.985957883840326	0.1435975448721963	0.36105376468786626	0.11969332050079384	16.89091350580874	122.0	0.13845011070335034	-498.874340064276
1.0	408.0	610.0	3.9573231694163318	0.09144745809790404	66.77951426116866	0.25437208561656777	9.53232762815432	0.25437198719506715	0.36105376468786626	0.17801703882864017	44.079093156686284	122.0	0.36130404226792034	-378.9731179387783
2.0	418.0	610.0	2.629966483637703	0.14570852762459224	57.4897849737043	1.089967986621113	6.670674150303424	0.7903518602982975	0.36105376468786626	0.11589167437026977	38.371618656318496	119.0	0.32245057694385293	-389.59469142297525
2.0	418.0	610.0	1.9391852139930195	0.2809838623966308	71.21992090341476	1.0788279910395944	5.0785723933057785	0.7182906114275219	0.36105376468786626	0.11589167437026977	38.371618656318496	119.0	0.32245057694385293	-389.59469142297525
1.0	428.0	610.0	2.832350554472611	0.07817405516869849	59.803866831015796	0.3228885243662896	10.130819089191204	0.3228884417865208	0.15994014726944547	0.14870533665648367	174.45512576696348	122.0	1.4299600472701923	-410.56967678230046
1.0	438.0	610.0	2.5557197592484653	0.08626205809976091	60.15819765246176	0.4282015284935703	10.986145442165412	0.4282014141681234	0.36105376468786626	0.15283556342105478	45.20356380267798	122.0	0.370521014776049	-375.8243258188438
1.0	448.0	610.0	2.840269467833521	0.11380193534440701	60.35670650887739	0.5120304737478863	11.065102586463148	0.5120300814209945	0.36105376468786626	0.16239930189518204	79.24618527935829	122.0	0.649558895732445	-305.6514073937742
1.0	458.0	610.0	4.07159125990115	0.07013761405192694	61.87551348785678	0.19698227913851776	9.902760424194485	0.19698224283653273	0.04265903274484716	0.15088349044815486	1929.565604558274	122.0	15.816111512772737	-440.53700445722325
1.0	468.0	610.0	5.599286775685237	0.09532745416570339	63.38052413909195	0.1858465641704331	9.453514174180032	0.18584654907903653	0.14405581008414994	0.21021971418325622	298.3909364731034	122.0	2.4458273481401918	-369.6272765137503
1.0	478.0	610.0	6.422890595922757	0.13038170463276205	65.31439715447641	0.2306208752203557	9.838208350182763	0.23062079819719916	0.062319579571396	0.310542263595464	3104.0724136306976	122.0	25.44321650516965	-286.3503468245566
1.0	488.0	610.0	6.532122308315329	0.11628588819465008	67.74781135520851	0.20702544490844804	10.071062767837619	0.20702542708421767	0.36105376468786626	0.24949662662875732	75.3014467472182	122.0	0.6172249733378541	-312.03389846763287
1.0	498.0	610.0	7.393641544099842	0.17925662564512962	69.16327355442054	0.23249677163928623	8.304488527173389	0.23249670196536318	0.36105376468786626	0.30387497544051595	147.55195827267835	122.0	1.209442280923593	-227.94877028074387
1.0	508.0	610.0	9.146977387508374	0.21368665242607532	69.14556497419483	0.1682937868643703	6.238331526901982	0.1682936547767671	0.36105376468786626	0.33496070780730974	157.5118792029268	122.0	1.2910809770731704	-219.78370706758548
1.0	518.0	610.0	8.707461696880957	0.15663949157980575	68.76224074487016	0.1428398207539832	6.876357265414265	0.14283978386657253	0.08205744259150999	0.2792340598629645	1806.1191175518709	122.0	14.80425506190058	-285.2561955068435
1.0	528.0	610.0	8.198283211193482	0.16157384844677541	67.79040679115693	0.166661920055674	7.323189470342596	0.16666186062807947	0.05989407231241557	0.3223131298403258	3841.4981724195413	122.0	31.487689937865092	-269.6314369635423
1.0	538.0	610.0	7.186668650168542	0.1653975631266308	67.43141621039442	0.21072948976556105	7.929137466409568	0.2107293850952799	0.054262570053543166	0.344047875796135	5310.262185232328	122.0	43.526739223215806	-253.84480790320526
1.0	548.0	610.0	6.5138312778827485	0.11563256649118435	67.70209128501335	0.20930061422486995	10.210393195434902	0.20930057986530295	0.07087190218753994	0.28058092965153236	1959.1971251124216	122.0	16.05899282879034	-311.72326888090566
2.0	558.0	610.0	6.2416665250075685	0.08466827636766038	59.02128921126873	0.12051241876568612	4.8502434476343375	0.09470445137850218	0.0912589019204308	0.0980870837436193	153.46628790147906	119.0	1.2896326714410005	-560.155921737975
2.0	558.0	610.0	6.509374320123745	0.05763468904215083	73.6412450207609	0.14234982220709932	6.2837251123108935	0.12282088634976049	0.0912589019204308	0.0980870837436193	153.46628790147906	119.0	1.2896326714410005	-560.155921737975
2.0	568.0	610.0	6.666009349315533	0.09311055506339282	57.75756159491826	0.13028710789386524	5.2583093295380845	0.12818262585343626	0.08095718233565131	0.1575716321052606	474.6335641307819	119.0	3.9885173456368226	-448.9681892618239
2.0	568.0	610.0	6.6016487210794415	0.09369210017695803	73.68412938167626	0.13073442409377972	5.192831384746124	0.12799934036443134	0.08095718233565131	0.1575716321052606	474.6335641307819	119.0	3.9885173456368226	-448.9681892618239
3.0	578.0	610.0	6.608730317377212	0.09668607203869967	56.32544282363834	0.11454640121866945	5.130535283544464	0.11758388779989214	0.06933312560954163	0.16049215191489433	669.8026800418152	116.0	5.774161034843234	-437.8092255627797
3.0	578.0	610.0	5.894255556093647	0.09428654336344085	73.5374401464078	0.1320335859500169	5.459912079643004	0.13828345164692166	0.06933312560954163	0.16049215191489433	669.8026800418152	116.0	5.774161034843234	-437.8092255627797
3.0	578.0	610.0	0.8400977400284438	0.12373763922463969	120.88894303595596	0.5217827067282925	3.069328472489844	0.5217903293345654	0.06933312560954163	0.16049215191489433	669.8026800418152	116.0	5.774161034843234	-437.8092255627797
3.0	588.0	610.0	5.3439875428186525	0.07632457973267665	56.990231106154674	0.12605456885459293	5.620955839722895	0.13110420262172545	0.0591545295551396	0.12511331622663907	619.5039232183368	116.0	5.340551062227042	-487.25964904476155
3.0	588.0	610.0	5.455086720267603	0.07940847403999916	74.1079577031188	0.11825812955329594	5.114139032195202	0.1191110063922356	0.0591545295551396	0.12511331622663907	619.5039232183368	116.0	5.340551062227042	-487.25964904476155
3.0	588.0	610.0	0.7382677661331412	0.0838234653491102	122.42784056958313	0.5901907436203376	4.501827894259284	0.5901911922642321	0.0591545295551396	0.12511331622663907	619.5039232183368	116.0	5.340551062227042	-487.25964904476155
3.0	598.0	610.0	4.122138850268173	0.08285053641701336	59.36168955010216	0.2085099642434663	6.233010489042512	0.21782863828175378	0.11968039155098485	0.11446442489197728	193.53344026827634	116.0	1.668391726450658	-456.52533361668975
3.0	598.0	610.0	3.9212389787629895	0.09865649031211188	75.63987219680841	0.18420189374929583	4.491005128874393	0.17373733349909043	0.11968039155098485	0.11446442489197728	193.53344026827634	116.0	1.668391726450658	-456.52533361668975
3.0	598.0	610.0	1.3088278213450963	0.09417367392112475	121.01480427139967	0.3789188750172533	4.560728421752595	0.378918944834148	0.11968039155098485	0.11446442489197728	193.53344026827634	116.0	1.668391726450658	-456.52533361668975
3.0	608.0	610.0	3.7052832894892007	0.09373179942973198	60.14406433253711	0.28477611072918635	5.664110898871912	0.2639355167571781	0.04462939867458456	0.12101566349996809	1611.0442415115524	116.0	13.888312426823727	-438.23488765404034
3.0	608.0	610.0	2.064483404773656	0.09262512935945634	76.79806200287389	0.5161416982495984	5.762452571451161	0.4818492941066008	0.04462939867458456	0.12101566349996809	1611.0442415115524	116.0	13.888312426823727	-438.23488765404034
3.0	608.0	610.0	2.1320231149790896	0.10935240717454836	118.86201062158764	0.23189263448141084	3.9154456889565266	0.23189263460830908	0.04462939867458456	0.12101566349996809	1611.0442415115524	116.0	13.888312426823727	-438.23488765404034
3.0	618.0	610.0	3.003845326927993	0.17831695352737714	61.837060420519286	0.14862565263155206	5.705512557708987	0.27098085229500773	0.0639323019986668	0.09606075204104833	308.91884425425116	116.0	2.663093484950441	-554.8218086501731
3.0	618.0	610.0	0.6424544125119186	0.06376455561930759	78.0161172625498	3.5102388919457392	13.52099776997877	2.2175609170511335	0.0639323019986668	0.09606075204104833	308.91884425425116	116.0	2.663093484950441	-554.8218086501731
3.0	618.0	610.0	1.7862578568963798	0.07108593076511462	117.94000337289883	0.16955997686157318	3.6563975823815538	0.17078589746527245	0.0639323019986668	0.09606075204104833	308.91884425425116	116.0	2.663093484950441	-554.8218086501731
3.0	628.0	610.0	3.4209713107508017	0.07080813730798399	64.22967791997951	0.12637831409795622	5.2877875322966625	0.12638074043091352	0.07117377253188227	0.11639750475152397	358.6781915480318	116.0	3.0920533754140673	-509.328524693928
3.0	628.0	610.0	0.6410468600017525	0.06960712091389354	99.61084923809747	0.7551096451508488	5.720997728343026	0.8193758876189265	0.07117377253188227	0.11639750475152397	358.6781915480318	116.0	3.0920533754140673	-509.328524693928
3.0	628.0	610.0	0.6968430200954383	0.08038087313017116	118.04152543104146	0.5996777551840142	4.140556354946375	0.6214445315739066	0.07117377253188227	0.11639750475152397	358.6781915480318	116.0	3.0920533754140673	-509.328524693928
2.0	638.0	610.0	3.421767831961952	0.09452919220161765	65.62589552163557	0.17283531467280552	5.351881919239378	0.17404282025092244	0.055857549308613315	0.163859167543631	1077.331313909033	119.0	9.053204318563303	-439.2847185562633
2.0	638.0	610.0	0.5073396865315386	0.06296889423488192	105.01081693536233	1.751848321959946	12.224149605101799	1.7948520521889941	0.055857549308613315	0.163859167543631	1077.331313909033	119.0	9.053204318563303	-439.2847185562633
2.0	648.0	610.0	3.1689787475381928	0.09601210129701694	67.14708427304713	0.20671205763891398	5.908443085695689	0.20671659601210707	0.08734689327237657	0.15685109169997014	501.92302839619373	119.0	4.217840574757931	-422.98845786611486
2.0	648.0	610.0	0.691377548689517	0.09193085036485091	106.41046103021685	0.9894419811679384	6.4460168256467485	0.9894679050894063	0.08734689327237657	0.15685109169997014	501.92302839619373	119.0	4.217840574757931	-422.98845786611486
2.0	658.0	610.0	3.0478157663158543	0.08364050011824396	67.68650754892339	0.1920374914003999	6.060510730726612	0.19203960407203882	0.06171154764764248	0.14484307929708382	782.6983763602908	119.0	6.577297280338578	-454.3049788555646
2.0	658.0	610.0	0.8459043201321027	0.0941133572799654	103.15707899245955	0.6149297279467142	4.786589667048306	0.6149355013027747	0.06171154764764248	0.14484307929708382	782.6983763602908	119.0	6.577297280338578	-454.3049788555646
