ncomps	x	y	amplitude	err amplitude	shift	err shift	width	err width	rms	residual	chisq	dof	redchisq	aic
2.0	188.0	380.0	2.588398841369534	0.04244709787427557	33.17492854138646	0.12140772597807421	6.411867476528971	0.12145315902341464	0.06609782858909316	0.07976584101808923	185.87081863580613	119.0	1.5619396524017322	-616.8507099004316
2.0	188.0	380.0	0.7467697804629108	0.04868886103718346	65.75013319672668	0.36688056689837006	4.872665491947048	0.366995439526439	0.06609782858909316	0.07976584101808923	185.87081863580613	119.0	1.5619396524017322	-616.8507099004316
2.0	198.0	380.0	2.0988946279836167	0.042045648678745384	37.282922333196524	0.1950080918880054	8.302923373456133	0.2067199618968233	0.06209251858919956	0.08942796415913583	259.2861473330516	119.0	2.1788751876727024	-590.868262007376
2.0	198.0	380.0	0.7205729696690237	0.05151454711991219	64.82191367078165	0.46302720365167177	5.387891206047562	0.47498021097200177	0.06209251858919956	0.08942796415913583	259.2861473330516	119.0	2.1788751876727024	-590.868262007376
1.0	268.0	380.0	2.3449907610862417	0.07130705516037981	52.78495576475255	0.17556456625070138	4.999623930831576	0.1755643195622399	0.10750790072255936	0.11683897711807863	158.54806442480856	122.0	1.2995742985640046	-521.8297278018973
2.0	278.0	380.0	0.3140673150738485	0.05470697401840136	19.752989905298534	1.24483025706577	6.18913151296087	1.2452531623112426	0.07472126058704087	0.09720561107774159	233.18817494902103	119.0	1.9595644953699247	-557.8442881759695
2.0	278.0	380.0	2.5539480140965174	0.05742229939214549	53.82560022878621	0.1458267047327129	5.61708160129263	0.1458732589629893	0.07472126058704087	0.09720561107774159	233.18817494902103	119.0	1.9595644953699247	-557.8442881759695
2.0	288.0	380.0	0.33985541569868144	0.05953369049532763	24.276231595912744	1.3079751666625028	6.454105480676608	1.32420861030528	0.07116338131182699	0.11185970818290733	315.6499027675554	119.0	2.652520191323995	-532.1923657301065
2.0	288.0	380.0	2.6977999999576787	0.05780283192995512	55.510666130217736	0.16970637362710198	6.851116087851082	0.1719493083149269	0.07116338131182699	0.11185970818290733	315.6499027675554	119.0	2.652520191323995	-532.1923657301065
2.0	298.0	380.0	0.4404202080458325	0.0943227254017016	29.23690253504274	0.9041398866831842	3.6427927831165325	0.9072975181872445	0.0832092196732425	0.1246775337764772	328.8977755009193	119.0	2.7638468529489018	-487.9582600193845
2.0	298.0	380.0	3.17395428597825	0.0640990949738522	57.57147404859729	0.18465530434239766	7.92416376339947	0.18633402318778652	0.0832092196732425	0.1246775337764772	328.8977755009193	119.0	2.7638468529489018	-487.9582600193845
1.0	308.0	380.0	3.70247730882615	0.07410015924738954	59.06928278896021	0.17787398000943158	7.69612371343835	0.17787383698988304	0.11858072846544823	0.14415858489945038	216.63325155132188	122.0	1.7756823897649334	-458.3038116933048
2.0	318.0	380.0	0.3787015852383517	0.09876401330649583	30.833074169371503	1.1465513882641853	3.806602808009986	1.1479083514011568	0.06643161741124895	0.14199052041576385	591.280240706576	119.0	4.9687415185426556	-470.9366345593472
2.0	318.0	380.0	4.369747054462573	0.07097197207534668	60.84710955543512	0.1383241746575965	7.37776636587091	0.138627571456615	0.06643161741124895	0.14199052041576385	591.280240706576	119.0	4.9687415185426556	-470.9366345593472
2.0	328.0	380.0	0.4600450932086357	0.12229267642802874	32.38363043049234	1.2238350874816717	3.9860127895170656	1.2250831687687478	0.07699131022378292	0.1765666517700437	706.7935090927325	119.0	5.939441252880105	-411.75071257815
2.0	328.0	380.0	5.457267350913144	0.09346606183301838	61.791444030168	0.13499812459720664	6.827697164670589	0.13521452644331283	0.07699131022378292	0.1765666517700437	706.7935090927325	119.0	5.939441252880105	-411.75071257815
1.0	338.0	380.0	6.56513227026671	0.10876531205818443	62.38051029076533	0.11269824864607698	5.8908105057096805	0.1126981653056347	0.09566609564934263	0.19603415419313325	548.8712607730649	122.0	4.498944760434958	-395.77905780425675
1.0	348.0	380.0	7.440152085118114	0.09900465638730607	62.939175997200046	0.0782694786308269	5.09392907532776	0.07826948809649512	0.07785602096444066	0.1696503250095803	593.7325014591415	122.0	4.86665984802575	-437.4591174790713
1.0	358.0	380.0	6.8465355860331245	0.09750026007299913	63.31073429938007	0.0858967841933074	5.22350053039746	0.0858967520855686	0.07658244631691109	0.1681625760056212	610.2890214115283	122.0	5.002369027963347	-438.1444830567074
1.0	368.0	380.0	5.213023324065094	0.10987828766886669	62.123590781322704	0.13038788416312674	5.356946409277778	0.13038776327185378	0.0669967380709511	0.19223062494324977	1038.6426731861666	122.0	8.51346453431284	-405.10830151071593
2.0	378.0	380.0	4.044035737914735	0.08083157579171028	59.930811876453376	0.10377553906788103	4.496325195357145	0.10377565626999377	0.06053523594112535	0.10502739586581136	563.6440992242326	119.0	4.736505035497753	-500.1568927425491
2.0	378.0	380.0	0.6581838983942709	0.10275167756455478	85.49704857472987	0.5015307159289476	2.783284737241993	0.5015385268297453	0.06053523594112535	0.10502739586581136	563.6440992242326	119.0	4.736505035497753	-500.1568927425491
2.0	388.0	380.0	3.2737352971540403	0.0985511030122728	59.544531369665755	0.12731735885379752	3.6623118421284655	0.12731702767105518	0.07574285316479276	0.11768653566263526	435.9388935313429	119.0	3.663352046481873	-476.24238929733895
2.0	388.0	380.0	0.634354918382045	0.1085646845356454	86.59261009712914	0.5964917266397297	3.0174234015575374	0.5964852912218025	0.07574285316479276	0.11768653566263526	435.9388935313429	119.0	3.663352046481873	-476.24238929733895
3.0	398.0	380.0	1.3800227730994843	0.12283327359585522	56.10669938951629	0.5679803525569806	7.1042923102416875	0.41604516653405743	0.03723246951494839	0.10897733918883648	1294.2033761301032	116.0	11.156925656293993	-510.91118635626106
3.0	398.0	380.0	2.5792442303165113	0.15713379212550652	60.04924761254065	0.12074849008868112	2.1132191655808255	0.1525032254459139	0.03723246951494839	0.10897733918883648	1294.2033761301032	116.0	11.156925656293993	-510.91118635626106
3.0	398.0	380.0	0.4464572559733281	0.0830363489024215	87.36326069738729	0.8156137595062491	3.797548431298585	0.8159960319685297	0.03723246951494839	0.10897733918883648	1294.2033761301032	116.0	11.156925656293993	-510.91118635626106
2.0	408.0	380.0	3.5720000127199754	0.11648887523063295	57.05568166276663	0.20398517899518975	5.385791667664631	0.20780237257647652	0.06260125651533605	0.20187264575663635	1300.1212236479648	119.0	10.925388434016511	-387.2932364851241
2.0	408.0	380.0	0.3152888016040969	0.10862145980346748	83.1454428205031	2.4784363349514176	6.212597953218432	2.533627955173146	0.06260125651533605	0.20187264575663635	1300.1212236479648	119.0	10.925388434016511	-387.2932364851241
1.0	418.0	380.0	5.029264635327509	0.166169811437098	56.743825301936205	0.21259714501211296	5.571438045628077	0.21259666704892352	0.06918019498956607	0.2976760797526885	2317.235882164253	122.0	18.993736739051254	-296.78309085612483
3.0	428.0	380.0	6.046048133299306	0.12218178228114414	51.94922129108516	0.13645572610906354	3.0166054478837623	0.10971543509741644	0.07660210777822093	0.12940711183371245	361.9496335063344	116.0	3.1202554612615034	-489.8185377301184
3.0	428.0	380.0	6.317541320415318	0.10796733133059022	60.37701929845852	0.13743322373835395	3.2667189391138747	0.11823356911106256	0.07660210777822093	0.12940711183371245	361.9496335063344	116.0	3.1202554612615034	-489.8185377301184
3.0	428.0	380.0	0.494884764675482	0.09819015809873347	75.54659482398698	0.7477155035303943	3.248378996843863	0.7643360902756569	0.07660210777822093	0.12940711183371245	361.9496335063344	116.0	3.1202554612615034	-489.8185377301184
3.0	438.0	380.0	7.170516794331377	0.22701124975543505	50.53443327370666	0.10710669544912577	2.865425958377566	0.08545773757100754	0.10500352693117451	0.13234786180979216	211.29169804065126	116.0	1.8214801555228557	-478.2593804217808
3.0	438.0	380.0	0.4625807179299536	0.10855086572091348	76.7734982692715	0.7997200485115527	2.9042700396805112	0.8155602940359954	0.10500352693117451	0.13234786180979216	211.29169804065126	116.0	1.8214801555228557	-478.2593804217808
3.0	438.0	380.0	6.41035559956087	0.09546387657219287	59.48776618281702	0.2028383433913584	4.61963099134953	0.17379462386148606	0.10500352693117451	0.13234786180979216	211.29169804065126	116.0	1.8214801555228557	-478.2593804217808
1.0	448.0	380.0	8.856635242055548	0.23045972322944647	55.05531289921201	0.20086981241099597	6.684579277178062	0.20086960554921604	0.1401985658220739	0.4469406017538135	1302.0284827697792	122.0	10.672364612867042	-192.25326331283034
1.0	458.0	380.0	9.559451076760793	0.20374565176225362	55.56745219612831	0.1620341674961758	6.583862136359019	0.16203416360733483	0.09812251638657549	0.39334583388967276	2046.1352044230819	122.0	16.77160003625477	-224.96031730946717
2.0	468.0	380.0	9.940225682379484	0.20810425172114316	55.34533295943372	0.15040049623650004	6.221742426073739	0.1504005617661617	0.09182811606525977	0.3890156507870734	2246.5288650891184	119.0	18.878393824278305	-223.14384384500673
2.0	468.0	380.0	0.4756584161942714	0.2428748446279941	189.10481818963197	2.699078839235443	4.580832064120341	2.7122320582211548	0.09182811606525977	0.3890156507870734	2246.5288650891184	119.0	18.878393824278305	-223.14384384500673
1.0	478.0	380.0	8.564517259444932	0.19346197104076235	54.976099542502354	0.16724559256951715	6.411617985177899	0.16724548857303204	0.12178059380628017	0.37198342948640684	1166.3605593643024	122.0	9.560332453805758	-241.21734001499044
3.0	488.0	380.0	5.965403811321253	0.23261709047552853	50.981345977524896	0.1306722375618591	3.9570826627464752	0.11866796847978862	0.07224545479469316	0.11947619766762468	384.9440510475817	116.0	3.318483198686049	-496.7582153959561
3.0	488.0	380.0	3.894709747654176	0.07800990996225726	63.109730666171764	0.459170181758255	7.099799161225011	0.3546949708921873	0.07224545479469316	0.11947619766762468	384.9440510475817	116.0	3.318483198686049	-496.7582153959561
3.0	488.0	380.0	0.2546076333767928	0.06783988345829714	187.77189938128214	1.999813295743529	6.5014679444654835	2.070201366876139	0.07224545479469316	0.11947619766762468	384.9440510475817	116.0	3.318483198686049	-496.7582153959561
2.0	498.0	380.0	4.780222737062141	0.20319942060988058	50.03163342942663	0.19222629578996425	3.8015775529727067	0.17119908503011633	0.36105376468786626	0.14962382401098662	30.276967802977637	119.0	0.2544283008653583	-419.2110419088259
2.0	498.0	380.0	4.57264028956756	0.09583102040542764	63.16704334919508	0.35355306189713903	6.73320508101899	0.32004907036330965	0.36105376468786626	0.14962382401098662	30.276967802977637	119.0	0.2544283008653583	-419.2110419088259
2.0	508.0	380.0	5.170770366296889	0.09267865147816648	58.498393803870435	0.17377579769026208	8.397573702756132	0.17391717950340496	0.06999893480034995	0.19890537326179966	1034.4766429248082	119.0	8.693081032981581	-387.93980145248844
2.0	508.0	380.0	0.4907348597806765	0.13460035155413713	93.60376628869895	1.2610482875366709	3.977998160602085	1.2615643915305845	0.06999893480034995	0.19890537326179966	1034.4766429248082	119.0	8.693081032981581	-387.93980145248844
3.0	518.0	380.0	4.143538800843376	0.06267963002140275	59.18561168433963	0.12528593158223292	7.172809543944048	0.12530452931066074	0.04652642894189877	0.11312296163583088	892.1049967914684	116.0	7.69056031716783	-501.70971126513734
3.0	518.0	380.0	0.8168354622685257	0.0803410167094689	94.0876593799743	0.49701625997264287	4.378949813766706	0.4995597648074015	0.04652642894189877	0.11312296163583088	892.1049967914684	116.0	7.69056031716783	-501.70971126513734
3.0	518.0	380.0	0.335769838985795	0.08970206184551967	114.01363982077113	1.0832265815731557	3.507324403254028	1.0876693150481007	0.04652642894189877	0.11312296163583088	892.1049967914684	116.0	7.69056031716783	-501.70971126513734
3.0	528.0	380.0	3.4653986076093863	0.08276073708197203	59.528988089630154	0.1713024389391266	6.212373229647272	0.1713393546170277	0.06708327704159693	0.14060381113930226	647.9190355736986	116.0	5.585508927359471	-450.20840446187486
3.0	528.0	380.0	0.6997640430046047	0.0897891060520146	93.6234818439848	0.7954190732336438	5.355288303179236	0.8175074686157323	0.06708327704159693	0.14060381113930226	647.9190355736986	116.0	5.585508927359471	-450.20840446187486
3.0	528.0	380.0	0.37738079017469894	0.10545140907156197	114.00742621948163	1.2555661212497182	3.851085614295176	1.2777521206210256	0.06708327704159693	0.14060381113930226	647.9190355736986	116.0	5.585508927359471	-450.20840446187486
1.0	538.0	380.0	3.9191795720529927	0.1037235395443895	59.31171073673417	0.18295225851728075	5.986443370180988	0.18295217161445815	0.36105376468786626	0.1387363110785984	35.612697297595375	122.0	0.29190735489832276	-405.6335369427637
2.0	548.0	380.0	3.969984756334204	0.06779934165743956	59.433040995059145	0.10018183660923417	5.281649313103454	0.11078499612722284	0.06420772752236002	0.11113136032881281	376.8352611988237	119.0	3.1666828672170055	-535.7592651654397
2.0	548.0	380.0	0.22483140242718697	0.02811918312131445	76.25309242901713	5.5280193763507235	45.96377069965943	5.552117517947917	0.06420772752236002	0.11113136032881281	376.8352611988237	119.0	3.1666828672170055	-535.7592651654397
3.0	558.0	380.0	3.779630317236317	0.0720226107689211	60.15658609090139	0.14950196285758946	5.47775070925309	0.1461050270481792	0.06275916419550051	0.11822057332354165	463.45050760583297	116.0	3.9952629966020083	-508.74921699110564
3.0	558.0	380.0	0.47187549930237366	0.0563985394255552	83.60509158959523	1.5547779385087865	9.29036736840266	1.8096565474029553	0.06275916419550051	0.11822057332354165	463.45050760583297	116.0	3.9952629966020083	-508.74921699110564
3.0	558.0	380.0	0.4480552595248767	0.07138479797010444	115.39486213827915	0.9863662315161773	5.243113996449363	1.0026551341498997	0.06275916419550051	0.11822057332354165	463.45050760583297	116.0	3.9952629966020083	-508.74921699110564
3.0	568.0	380.0	3.367288892024524	0.07257097290327297	59.75740391654687	0.15305388985733848	5.968766164178351	0.1583056818760533	0.07128992353435658	0.12684958908207614	418.74560739288677	116.0	3.609875925800748	-489.56612222521164
3.0	568.0	380.0	0.8930671260246323	0.06506779661931374	87.73111090071953	0.6542529971547109	7.676512695474228	0.7136197953528645	0.07128992353435658	0.12684958908207614	418.74560739288677	116.0	3.609875925800748	-489.56612222521164
3.0	568.0	380.0	0.5325171067057142	0.07522271487522943	116.69395503827944	0.9135139402979104	5.5303224545200615	0.9320891971474577	0.07128992353435658	0.12684958908207614	418.74560739288677	116.0	3.609875925800748	-489.56612222521164
3.0	578.0	380.0	3.5363766057934107	0.08382752544363789	59.13551142254718	0.1524349118849978	5.45071989992619	0.15616522530151017	0.06109577041956566	0.14389918481691832	697.6960409632884	116.0	6.014621042786969	-464.3292174825086
3.0	578.0	380.0	1.0594308664165983	0.07131532868407879	87.0317709213588	0.6056108206228603	7.7452639869403335	0.6476438231013463	0.06109577041956566	0.14389918481691832	697.6960409632884	116.0	6.014621042786969	-464.3292174825086
3.0	578.0	380.0	0.5002919866349286	0.08169758330427435	117.42753923292251	1.089031038188258	5.730675218577417	1.10682074123753	0.06109577041956566	0.14389918481691832	697.6960409632884	116.0	6.014621042786969	-464.3292174825086
2.0	588.0	380.0	3.7565107109103177	0.07284745054521645	59.21374024197979	0.13759892050428868	5.742889728881292	0.1444243223294934	0.07934831840933529	0.12963146983865062	334.3573650253441	119.0	2.8097257565154967	-497.7780618132509
2.0	588.0	380.0	0.8563342888203733	0.06737949671996976	83.1330435994503	0.6533381286861896	6.844743505889941	0.7022949127431396	0.07934831840933529	0.12963146983865062	334.3573650253441	119.0	2.8097257565154967	-497.7780618132509
1.0	598.0	380.0	3.479958276200926	0.07974877163680803	57.92690646895114	0.18995048440994727	7.1778146734537795	0.1899503701268927	0.08411329234159495	0.16169723122552257	465.09718704636174	122.0	3.812272024970178	-448.65608626660156
2.0	608.0	380.0	0.36905883432442493	0.12459918018293266	-30.23033434966967	1.5271812910205633	3.917406935109587	1.5271810545933742	0.07319753711756834	0.18420055727180729	798.0658775606958	119.0	6.7064359458882	-409.20183546286535
2.0	608.0	380.0	3.540459540071296	0.09585666782108364	55.432123009993596	0.20692076211039578	6.619346860592102	0.2069209704623582	0.07319753711756834	0.18420055727180729	798.0658775606958	119.0	6.7064359458882	-409.20183546286535
3.0	618.0	380.0	0.362250350212341	0.11513075901239361	-28.696178372925473	1.0021439266489813	2.7278480744633846	1.0021077795005024	0.06530629009109036	0.1407546715152858	581.4454702987571	116.0	5.012460950851354	-470.45108092423027
3.0	618.0	380.0	3.726712976705087	0.0823744894984942	53.89121081687978	0.1503359980010287	5.598763955646684	0.16387280164028398	0.06530629009109036	0.1407546715152858	581.4454702987571	116.0	5.012460950851354	-470.45108092423027
3.0	618.0	380.0	0.819939867813287	0.09983062521707735	70.99855704862813	0.5612613988261177	3.645322304241981	0.5762567880546186	0.06530629009109036	0.1407546715152858	581.4454702987571	116.0	5.012460950851354	-470.45108092423027
2.0	628.0	380.0	0.3130170689994444	0.18687757737160018	-28.091565642343173	1.1782956521792725	1.246685682865849	0.7977069516225954	0.05779781954751212	0.18076278239816918	1226.2900633598929	119.0	10.304958515629352	-414.5598245588174
2.0	628.0	380.0	3.11537517457606	0.09163274951918265	53.59266202064451	0.23567103797547032	6.9398356208411105	0.23567130669667552	0.05779781954751212	0.18076278239816918	1226.2900633598929	119.0	10.304958515629352	-414.5598245588174
2.0	638.0	380.0	2.692200146554821	0.16529704578795604	51.26158427902005	0.5856116284575852	5.4924837973130005	0.3736609022253206	0.062308641028245106	0.12412461769581343	496.08587154768185	119.0	4.168788836535142	-508.89751340193595
2.0	638.0	380.0	1.414783619420978	0.10877089610957673	65.21432227012744	1.3337525820443261	6.433056234971649	0.9140064143025535	0.062308641028245106	0.12412461769581343	496.08587154768185	119.0	4.168788836535142	-508.89751340193595
2.0	648.0	380.0	2.4902598057435825	0.06703536418894754	52.80555274734358	0.33615001432387176	6.150122390986142	0.33132772049486764	0.08104595065789866	0.12022951220558742	275.987788744933	119.0	2.319225115503639	-516.4675233949825
2.0	648.0	380.0	2.29776232533993	0.10965004313297125	66.03614046088536	0.24198923987515478	3.600516338132164	0.21830685832483523	0.08104595065789866	0.12022951220558742	275.987788744933	119.0	2.319225115503639	-516.4675233949825
3.0	658.0	380.0	2.086827053256661	0.07777342992563013	53.82840269672502	0.5389886520341957	5.870271465219534	0.4910859958859593	0.08803293428439721	0.120567477573482	286.28411583284515	116.0	2.467966515800389	-484.3619788788813
3.0	658.0	380.0	2.990179358243735	0.15919353399544844	65.45658374152454	0.22060079525463397	3.3655204368778486	0.19462295920545863	0.08803293428439721	0.120567477573482	286.28411583284515	116.0	2.467966515800389	-484.3619788788813
3.0	658.0	380.0	0.8503577840528225	0.11088804220834482	121.2364579368211	0.39642472303859205	2.6327608642269045	0.39643074209195905	0.08803293428439721	0.120567477573482	286.28411583284515	116.0	2.467966515800389	-484.3619788788813
2.0	668.0	380.0	3.306126802598472	0.10853139789479396	61.8369851319142	0.2591654462072881	6.8374846492375125	0.25916558681351676	0.15146341148739298	0.20034499761516933	246.81751927205246	119.0	2.0740968006054827	-374.0989912375167
2.0	668.0	380.0	1.3814083194752764	0.16896537308116374	121.79521801875364	0.3984194196784604	2.820942283769555	0.39841869479389674	0.15146341148739298	0.20034499761516933	246.81751927205246	119.0	2.0740968006054827	-374.0989912375167
1.0	678.0	380.0	4.018969310673787	0.14484868468574022	62.57951621726057	0.21348801451178165	5.129115670800849	0.21348755351466106	0.22379447721221948	0.24033784275244927	154.89148653059536	122.0	1.2696023486114374	-341.45540924339605
1.0	688.0	380.0	4.067706022864065	0.1337487332532079	62.116647189644056	0.17503170771596369	4.609970301271095	0.17503164101171043	0.3438627236580159	0.18691784057374594	50.27208168286958	122.0	0.4120662433022097	-374.7361713984286
1.0	698.0	380.0	4.294358546837613	0.08754703083791712	61.20249274199532	0.09989711510386426	4.243577068694494	0.09989707708886843	0.15186268479756718	0.11439601862715815	101.65573432370265	122.0	0.8332437239647758	-491.0348622803353
2.0	708.0	380.0	4.42173870698417	0.07832425721080578	60.951412337668295	0.08032492322643946	3.9271523391504886	0.08032492386050152	0.10355680107765597	0.11072821184268809	157.94784620125878	119.0	1.327292825220662	-524.9529948885059
2.0	708.0	380.0	0.6687780845417793	0.10204743164823889	96.54227945556393	0.4076648219383798	2.3132133147161102	0.40769208424048103	0.10355680107765597	0.11072821184268809	157.94784620125878	119.0	1.327292825220662	-524.9529948885059
3.0	718.0	380.0	3.493637722816248	0.05735712591497449	61.25384264317181	0.07539968966310256	3.977321326988167	0.07539969017281607	0.08985639693648516	0.07985480344067444	111.0654830689494	116.0	0.957461060939219	-597.5946222945865
3.0	718.0	380.0	0.5880579965721836	0.07749246299622448	97.15609557682328	0.3317187678979021	2.1817884373023277	0.33230560745153853	0.08985639693648516	0.07985480344067444	111.0654830689494	116.0	0.957461060939219	-597.5946222945865
3.0	718.0	380.0	0.6940580363242569	0.06357052727799332	118.22012677277338	0.3424003233819745	3.238560154970876	0.34240380626950284	0.08985639693648516	0.07985480344067444	111.0654830689494	116.0	0.957461060939219	-597.5946222945865
2.0	728.0	380.0	2.2585153828132376	0.06877953459192528	61.81920827476919	0.1431462034019454	4.070748509159909	0.14314620277511944	0.09343562185848618	0.10184594683679826	155.08451233616947	119.0	1.3032311961022645	-552.9517306325964
2.0	728.0	380.0	0.542813591402108	0.07850714255417449	116.38992752324002	0.5218309053135418	3.124529879674844	0.5218314856622077	0.09343562185848618	0.10184594683679826	155.08451233616947	119.0	1.3032311961022645	-552.9517306325964
1.0	758.0	380.0	2.5046959605345305	0.10241457686319029	67.90479184891426	0.22505078030206774	4.766440710745748	0.2250506891001748	0.11939261165515776	0.14277992940808468	252.8035382100444	122.0	2.072160149262659	-437.29712459874906
1.0	28.0	390.0	3.245612625587455	0.21694758817998322	27.999640207328056	0.42180746594576046	5.465656991280708	0.42180821193823786	0.33924564253569167	0.3562864966570046	161.10161549589918	122.0	1.320505045048354	-232.54250859636562
2.0	38.0	390.0	3.536403408705567	0.3045016360661495	25.851712852360368	0.24085671585930235	3.8646697869353677	0.3157200112817264	0.18670267418126713	0.1944815494757318	174.18217926169544	119.0	1.4637157921150876	-365.3741091949567
2.0	38.0	390.0	1.649809869093932	0.10250248086377164	40.32249244056221	1.621830529200988	9.281606385614722	1.39422634110975	0.18670267418126713	0.1944815494757318	174.18217926169544	119.0	1.4637157921150876	-365.3741091949567
3.0	48.0	390.0	2.5717637007058975	0.07770762610696107	26.658413754404613	0.3442723749571959	5.514555722049886	0.3289510295204516	0.13573717786767983	0.11629138940661256	117.34042816069032	116.0	1.0115554151783648	-487.5977753845579
3.0	48.0	390.0	2.351219549974035	0.1150990957159199	41.26078856571501	0.3504135189594228	4.444822862172782	0.42276514224730866	0.13573717786767983	0.11629138940661256	117.34042816069032	116.0	1.0115554151783648	-487.5977753845579
3.0	48.0	390.0	0.8260059737148027	0.07037719880462533	56.793164510999915	1.322498426593055	6.8717648585525115	1.241025738700265	0.13573717786767983	0.11629138940661256	117.34042816069032	116.0	1.0115554151783648	-487.5977753845579
2.0	68.0	390.0	1.0445689275988657	0.08618825038163828	24.205663736733356	1.1834793139853081	6.488345761346091	1.0960992067741817	0.09089674033709655	0.14577385659059913	383.88140672462924	119.0	3.225894174156548	-446.54342880675375
2.0	68.0	390.0	2.165105924538231	0.10700498582557268	40.4806077682624	0.49311524411426083	5.20131474669918	0.4196274339189509	0.09089674033709655	0.14577385659059913	383.88140672462924	119.0	3.225894174156548	-446.54342880675375
1.0	148.0	390.0	1.0304651899079207	0.05272045916357932	24.57719189893384	0.4827487770186215	8.169647711714239	0.48274796487757604	0.07095068350856316	0.10580047145891144	325.18496224612824	122.0	2.665450510214166	-535.9325107209354
2.0	158.0	390.0	1.2408519986951103	0.07012917076196466	19.132103761547643	0.707023282495201	5.032262140869105	0.583591641536438	0.06582800841147803	0.08652155113952742	315.6631524308416	119.0	2.6526315330322823	-551.6703616592065
2.0	158.0	390.0	0.7899363108727894	0.07938252236666396	31.99886105892877	1.045906571275996	4.6470136017215395	0.8328981893178551	0.06582800841147803	0.08652155113952742	315.6631524308416	119.0	2.6526315330322823	-551.6703616592065
2.0	188.0	390.0	2.0953949763901614	0.04542826103980811	32.508553315442335	0.17945843101918804	7.169522212240317	0.17957195525876	0.054387984001372694	0.08443280843734147	351.533025136988	119.0	2.954059034764605	-585.9424030040489
2.0	188.0	390.0	1.125884547466945	0.0575745210152441	65.54595485806523	0.26355555595001906	4.461980302313446	0.26367252193047047	0.054387984001372694	0.08443280843734147	351.533025136988	119.0	2.954059034764605	-585.9424030040489
2.0	198.0	390.0	2.257601777844455	0.05096588519856605	36.47432706048122	0.21712364593654587	7.938786947590799	0.23357731917102822	0.06116989056231205	0.10282825174597103	373.0650109807214	119.0	3.1350000922749697	-549.1333143781753
2.0	198.0	390.0	0.9722523986681281	0.055621298527738006	63.96369702222975	0.4613929482739961	6.523178905108702	0.48340892626331783	0.06116989056231205	0.10282825174597103	373.0650109807214	119.0	3.1350000922749697	-549.1333143781753
2.0	208.0	390.0	2.0053193281556365	0.04590744568184226	43.55869086319741	0.33755503836324197	10.392682317703027	0.37339757245035415	0.016132646355396137	0.09128531204362952	5461.251095469179	119.0	45.892866348480496	-546.8757891769645
2.0	208.0	390.0	0.8495795001012382	0.06858023216647388	67.14449859397826	0.5183772481108734	4.925411967416232	0.5194297170458513	0.016132646355396137	0.09128531204362952	5461.251095469179	119.0	45.892866348480496	-546.8757891769645
2.0	218.0	390.0	2.0978472724856254	0.045904351108760136	47.980525343415465	0.3185577717311578	9.718872287194069	0.3487814795342271	0.04725432295186061	0.08657276712596457	593.957651639052	119.0	4.991240770076067	-555.5291343911758
2.0	218.0	390.0	1.3456508942057497	0.0716852706090329	69.14469376099373	0.3088742638905214	4.52508531009258	0.31051933091010336	0.04725432295186061	0.08657276712596457	593.957651639052	119.0	4.991240770076067	-555.5291343911758
3.0	228.0	390.0	1.341615977740944	0.061993225662215524	43.15967438734817	1.2067546114080174	7.935926731825939	0.8099573105233816	0.058989359299781656	0.06706472076697734	199.2082124085444	116.0	1.7173121759357275	-629.7797289132681
3.0	228.0	390.0	1.6034848304369167	0.216095628080093	53.61869851604267	0.24219499460299668	3.635819838296684	0.3380764072731936	0.058989359299781656	0.06706472076697734	199.2082124085444	116.0	1.7173121759357275	-629.7797289132681
3.0	228.0	390.0	1.5377141191169343	0.04420395948223861	68.0953516774359	0.3098403118849037	6.3986705803544455	0.31206301640838985	0.058989359299781656	0.06706472076697734	199.2082124085444	116.0	1.7173121759357275	-629.7797289132681
4.0	238.0	390.0	0.380783697452205	0.03841575850320044	27.126972163112033	1.4381682872990904	6.813206553625768	1.402107608968754	0.05483260310236111	0.06597005582907	207.290346524768	113.0	1.8344278453519294	-635.8560252433973
4.0	238.0	390.0	1.2697151919633216	0.06292220161422046	41.80031297197458	0.2983396915775925	3.8721956825808244	0.38140796785595815	0.05483260310236111	0.06597005582907	207.290346524768	113.0	1.8344278453519294	-635.8560252433973
4.0	238.0	390.0	2.3703358701377537	0.09286381949612117	53.89871104879598	0.16241124613059885	3.8836078237038736	0.21562818496703928	0.05483260310236111	0.06597005582907	207.290346524768	113.0	1.8344278453519294	-635.8560252433973
4.0	238.0	390.0	0.7352156763090422	0.03679512353002007	67.95410997471534	1.072165323476374	7.895265173362558	0.93635185134781	0.05483260310236111	0.06597005582907	207.290346524768	113.0	1.8344278453519294	-635.8560252433973
2.0	248.0	390.0	0.9508680283830842	0.048879956729053264	48.19087260973989	0.6814783923597643	16.051364982394652	0.6718970675498804	0.06688071978925654	0.08528976909968503	229.1784460131023	119.0	1.9258692942277504	-587.7258721801056
2.0	248.0	390.0	1.7944174816933713	0.07861914329293464	54.094600848500555	0.14147679895603463	3.0815567807592448	0.1696137443328387	0.06688071978925654	0.08528976909968503	229.1784460131023	119.0	1.9258692942277504	-587.7258721801056
2.0	258.0	390.0	0.36501424711470987	0.09242909336845191	21.046809841505535	1.0389926219150771	3.5525494654665275	1.0389965508416674	0.06490855367390364	0.13008640294367319	506.5490248487141	119.0	4.256714494527009	-496.0686805062134
2.0	258.0	390.0	2.28793147772667	0.06954365886938305	53.42438302967406	0.2202802957866781	6.277024388625751	0.22028367302723273	0.06490855367390364	0.13008640294367319	506.5490248487141	119.0	4.256714494527009	-496.0686805062134
1.0	268.0	390.0	2.7231137582890037	0.08936150301731031	54.23940632914971	0.24463758088545468	6.456393764296702	0.2446377050403359	0.13110718672884966	0.1627610007150817	216.1909588479327	122.0	1.7720570397371533	-433.45397418846864
1.0	278.0	390.0	3.3093435629773644	0.09381784329406413	56.64532779899404	0.24224914711692946	7.399298415013369	0.24224886924469308	0.1879737714664586	0.17054656523824469	132.86775742646103	122.0	1.0890799789054182	-404.23313593958875
1.0	288.0	390.0	3.8954714036985663	0.09033228514152443	59.38957638982891	0.20311970622511547	7.5861369384624755	0.20311978807327705	0.12052870847313395	0.16743752710674997	307.1320927865038	122.0	2.5174761703811788	-410.5963040331691
1.0	298.0	390.0	4.467348590204084	0.07588691099545893	60.3722629607887	0.15307939617617183	7.804039566193104	0.1530793661858167	0.14722041962865035	0.14386697734583348	149.46443704086582	122.0	1.2251183364005396	-450.61299701303125
1.0	308.0	390.0	4.8349006549269316	0.0895329307397249	60.808870767565175	0.17041683978440017	7.970234069063448	0.17041690601362675	0.10872579375839297	0.177813848368678	389.5556928894731	122.0	3.193079449913714	-406.64491705693285
1.0	318.0	390.0	5.156834569770891	0.09354819342764363	62.347001817638024	0.1593095249966738	7.604728878320509	0.1593094178439271	0.062407894156155136	0.1951557224501914	1231.7236671345158	122.0	10.09609563225013	-401.5338649894013
2.0	328.0	390.0	0.40743519145226076	0.1270804323779782	31.78122022247485	1.364096857331132	3.787432290273709	1.3642916586329064	0.06654424875000446	0.18485995298485172	971.077891806793	119.0	8.16031841854448	-408.4985568202615
2.0	328.0	390.0	5.824893314045123	0.09457364137376228	63.55646009815248	0.12821082092875238	6.838965354995682	0.12823836223420612	0.06654424875000446	0.18485995298485172	971.077891806793	119.0	8.16031841854448	-408.4985568202615
2.0	338.0	390.0	0.4796510685527636	0.08543488098304523	32.64454359176835	0.8961348661984285	4.357062512191339	0.8962713402496127	0.07221019989056193	0.1315569550017277	428.77895830304175	119.0	3.603184523554973	-490.25315316187783
2.0	338.0	390.0	6.493017516011126	0.07172056513965269	64.00870956186915	0.0788576416555305	6.182884075244394	0.07887247681584368	0.07221019989056193	0.1315569550017277	428.77895830304175	119.0	3.603184523554973	-490.25315316187783
2.0	348.0	390.0	0.42892072859139235	0.07517114112504021	33.461937920150376	0.9449937024274758	4.671381149262664	0.9451115840893585	0.0613892231839907	0.1208100943109935	492.2770797251314	119.0	4.136782182564129	-513.577381090493
2.0	348.0	390.0	6.6164864181398535	0.0677375641846512	64.75782726907211	0.06798768741105116	5.751321913573387	0.06799662344422086	0.0613892231839907	0.1208100943109935	492.2770797251314	119.0	4.136782182564129	-513.577381090493
2.0	358.0	390.0	0.4252414074784405	0.1160955888916928	33.85689376963877	1.2862163356229224	4.080043789356673	1.2862361120505215	0.06365339628406438	0.1756652513681769	954.2235646208962	119.0	8.018685416982322	-421.79075336300315
2.0	358.0	390.0	6.014882770332596	0.09620456262083041	66.23332314114998	0.10973431427953606	5.94163848770725	0.10973635189126046	0.06365339628406438	0.1756652513681769	954.2235646208962	119.0	8.018685416982322	-421.79075336300315
2.0	368.0	390.0	0.42366211492898964	0.1877496315008108	34.76907468596295	1.7575470357250658	3.4343376259893175	1.7576506846777427	0.06674186552013613	0.260875019057068	1911.4237497012145	119.0	16.06238445127071	-323.1076084989671
2.0	368.0	390.0	4.319905995269114	0.13473354599843962	65.83302034087455	0.24026666905251828	6.671639797258622	0.24029497109567283	0.06674186552013613	0.260875019057068	1911.4237497012145	119.0	16.06238445127071	-323.1076084989671
3.0	378.0	390.0	0.32030768137468124	0.14902261829566318	35.435105637788695	1.783697582055377	3.32545655572227	1.7837900071154205	0.06495871480374762	0.20106419032344983	1198.1221577059769	116.0	10.328639290568766	-381.41099901985143
3.0	378.0	390.0	3.2508966454844983	0.4995361917362979	58.52622787850754	0.24926398848707812	2.565294321618824	0.29764295650890926	0.06495871480374762	0.20106419032344983	1198.1221577059769	116.0	10.328639290568766	-381.41099901985143
3.0	378.0	390.0	2.2408840390098677	0.1478611184674105	66.60671421281191	1.1600806724757227	5.251828368086903	0.8759593795940745	0.06495871480374762	0.20106419032344983	1198.1221577059769	116.0	10.328639290568766	-381.41099901985143
3.0	388.0	390.0	0.2579422993628526	0.11094974998827077	31.18813217035364	2.977933333931037	5.99816968324536	2.9781456530492303	0.05840107234176997	0.1991956274109837	1483.238127917503	116.0	12.786535585495717	-381.33139397072364
3.0	388.0	390.0	3.697995488306678	0.424968431738875	59.112788030862816	0.21119322569825824	2.5712702817932986	0.24303452328198208	0.05840107234176997	0.1991956274109837	1483.238127917503	116.0	12.786535585495717	-381.33139397072364
3.0	388.0	390.0	1.3221587033815376	0.13341458404038573	67.6611569399842	1.7179895456902694	5.351412503459417	1.3782462756708815	0.05840107234176997	0.1991956274109837	1483.238127917503	116.0	12.786535585495717	-381.33139397072364
2.0	398.0	390.0	4.064001837796845	0.16621844883672696	59.222963934486415	0.12229565790619656	2.9713886546818213	0.1511843721160649	0.054863497477725745	0.16933302020978006	1385.3801772340328	119.0	11.641850228857418	-412.3378787922155
2.0	398.0	390.0	0.4866917126103678	0.07075881421937641	78.68831327055868	2.8681534994665987	12.463067309878133	2.9677583735369293	0.054863497477725745	0.16933302020978006	1385.3801772340328	119.0	11.641850228857418	-412.3378787922155
1.0	408.0	390.0	3.772745717776644	0.1164269574254505	58.353507591240515	0.1610224171565832	4.5185493968359856	0.161022267683036	0.06258402011128723	0.16839119337895816	1127.2165173987999	122.0	9.239479650809836	-411.9122162312532
1.0	418.0	390.0	4.1747416995028415	0.14193723159467225	56.94405041163631	0.23333779221824164	5.942959193500389	0.233337489487874	0.07489702600286427	0.25894169540620615	1538.546407620632	122.0	12.611036128037966	-328.12532122049583
1.0	428.0	390.0	5.413282348048663	0.18763791259129844	55.88101550581213	0.2770199002452149	6.920167177860649	0.2770195058683786	0.36105376468786626	0.36961576341407837	134.7320498783345	122.0	1.1043610645765123	-239.3103181384261
1.0	438.0	390.0	6.858772079057843	0.27231774434694594	54.85255441621754	0.34861475676663956	7.602853653951634	0.3486143051663841	0.07212747856017802	0.5699521121104721	7812.451149475138	122.0	64.03648483176343	-134.43500950767162
1.0	448.0	390.0	8.173996932990345	0.308000463249525	54.648610364716596	0.31802556904584545	7.310448753337154	0.3180260071235795	0.0889903977765267	0.6317260781281956	6311.44022640781	122.0	51.73311660990008	-108.58102164779004
1.0	458.0	390.0	9.031652037937048	0.24054195706268333	55.5128975849767	0.21150900185887134	6.877234411835181	0.21150889820278826	0.12792793407697245	0.47706908591322095	1752.6408238749623	122.0	14.365908392417724	-178.00139286347468
1.0	468.0	390.0	10.074625821943853	0.1864175777550115	55.434559293692274	0.1287257923247601	6.024609511783621	0.12872575980172532	0.08197843945443806	0.3466930346485952	2245.5518868715153	122.0	18.40616300714357	-258.2756421928033
2.0	478.0	390.0	10.120055695853008	0.15870889494441168	55.0038600500802	0.10148850428183182	5.6044800625132	0.10148852374488758	0.0569280453271494	0.27592121472149356	3062.5404184745344	119.0	25.735633768693567	-303.94413899665005
2.0	478.0	390.0	0.4609784021723281	0.16302197545447283	189.14560943638156	2.193341838434531	5.37590039805225	2.23962278178555	0.0569280453271494	0.27592121472149356	3062.5404184745344	119.0	25.735633768693567	-303.94413899665005
2.0	488.0	390.0	7.501048225520066	0.1997822590898988	55.33864990901266	0.22973385316292422	7.4706490649395185	0.2297340213656241	0.04101784179215496	0.40213142274726715	12459.54240972795	119.0	104.70203705653739	-210.48412970839811
2.0	488.0	390.0	0.3604355453175946	0.22007559867745874	187.98373251068938	4.417277090105544	6.267996932843765	4.555619981011338	0.04101784179215496	0.40213142274726715	12459.54240972795	119.0	104.70203705653739	-210.48412970839811
1.0	498.0	390.0	6.038403942882488	0.1495290265200769	57.513540057219956	0.2771020304332782	9.691614120917217	0.27710213125635785	0.12947951251507467	0.34164819265653873	931.6206669614829	122.0	7.636234975094123	-253.98165561445154
1.0	508.0	390.0	6.169868308391448	0.09952102765836893	59.139012241160835	0.15107976467615997	8.111612347464803	0.1510797900750061	0.08448350574810669	0.20337502848268568	811.335359863372	122.0	6.6502898349456725	-378.0037723110672
2.0	518.0	390.0	5.398203739021241	0.07695514929939898	59.317107594646345	0.10794346935585845	6.557942997590269	0.10797287545117666	0.043619061544430404	0.13789064880060117	1434.8742910756005	119.0	12.057767151895803	-465.28854566155144
2.0	518.0	390.0	0.7368925433819219	0.08449543590537568	94.32158971558344	0.7203057094463298	5.437806214999609	0.7204764864075324	0.043619061544430404	0.13789064880060117	1434.8742910756005	119.0	12.057767151895803	-465.28854566155144
2.0	528.0	390.0	4.617487942804613	0.12034963438853111	58.989195217669554	0.1586816276531076	5.27215016198663	0.15868331110665282	0.050666640284823115	0.1957497290804668	2091.469993575543	119.0	17.57537809727347	-380.7464391387014
2.0	528.0	390.0	0.8155945097989228	0.1162326573740671	94.42587113144737	0.9301731285055663	5.652532706601833	0.9301843661779686	0.050666640284823115	0.1957497290804668	2091.469993575543	119.0	17.57537809727347	-380.7464391387014
1.0	538.0	390.0	4.619517408847869	0.14400374224427834	59.33777383834609	0.17149625954658923	4.76405892268952	0.1714960516617339	0.08396617586205156	0.19563039686268208	1010.0668081534261	122.0	8.279236132405131	-352.1530552561006
1.0	548.0	390.0	4.231287487612755	0.11575406167077842	59.78106577068917	0.15652335013398164	4.954733917084851	0.15652320233694236	0.06644199843772218	0.18087760417432538	1084.0220084067164	122.0	8.885426298415709	-401.8415105327068
3.0	558.0	390.0	3.5690274926556222	0.17848967699408816	60.41834189877955	0.1399350273391171	4.87186261384743	0.23031937967581345	0.05453724980289745	0.12689568491770892	678.1841440162791	116.0	5.846415034623096	-496.26447557267113
3.0	558.0	390.0	0.4963113838796	0.06901762726377773	75.41538133967052	4.296282751421088	13.027448850667597	2.973696057057063	0.05453724980289745	0.12689568491770892	678.1841440162791	116.0	5.846415034623096	-496.26447557267113
3.0	558.0	390.0	0.5397427398244349	0.06494234598688975	116.55170897355639	1.0168926374412985	6.993905499589242	1.034108182887839	0.05453724980289745	0.12689568491770892	678.1841440162791	116.0	5.846415034623096	-496.26447557267113
3.0	568.0	390.0	3.709678807016391	0.08670308434189972	60.1756812311278	0.1503703983762836	4.9623468262151675	0.15037884744520832	0.06288387609260764	0.1273646388739988	522.5190441744468	116.0	4.504474518745231	-493.2576933687642
3.0	568.0	390.0	0.766110746217254	0.05752152474675469	83.4798556487823	1.1268952563995833	10.530254088080962	1.3908814346981642	0.06288387609260764	0.1273646388739988	522.5190441744468	116.0	4.504474518745231	-493.2576933687642
3.0	568.0	390.0	0.6423165307805629	0.06972546983358098	117.50969140745985	0.823083509201844	6.221157451181744	0.8430906803418554	0.06288387609260764	0.1273646388739988	522.5190441744468	116.0	4.504474518745231	-493.2576933687642
3.0	578.0	390.0	4.671850196090607	0.09324297101213762	59.34946858467089	0.1028915088085084	4.158193225458983	0.10429227050209143	0.06309488898644293	0.13921597956707374	618.6663273397746	116.0	5.333330408101506	-471.30711808326856
3.0	578.0	390.0	0.9347723738688577	0.06620846632292053	83.13485859996312	0.7358840697037028	8.722311161700377	0.8192886486666674	0.06309488898644293	0.13921597956707374	618.6663273397746	116.0	5.333330408101506	-471.30711808326856
3.0	578.0	390.0	0.5473471453210923	0.07966648638879464	116.81641818245316	0.9608102106536481	5.685532570972012	0.9710615556174209	0.06309488898644293	0.13921597956707374	618.6663273397746	116.0	5.333330408101506	-471.30711808326856
2.0	588.0	390.0	5.078312478627836	0.08806598109015387	58.86409032256939	0.10763092172908717	4.446697553344906	0.10490864807320655	0.05412965814296146	0.12916560032280747	731.336024209556	119.0	6.145680875710554	-495.5614822283312
2.0	588.0	390.0	0.7678009882851238	0.06357143660747074	78.1451816605938	1.0006979359496737	8.138870219751709	1.0925982711824684	0.05412965814296146	0.12916560032280747	731.336024209556	119.0	6.145680875710554	-495.5614822283312
1.0	598.0	390.0	4.543919491623342	0.09577905845301543	57.5335280956639	0.14034152886644277	5.765786390021393	0.14034145397614955	0.09195826720320585	0.17273321418037352	450.86224332476917	122.0	3.695592158399747	-430.24909200520455
1.0	608.0	390.0	4.700443927216454	0.11468274875197336	55.754986979891676	0.15770795537286209	5.59742993515418	0.15770778093391008	0.0997727144708286	0.20463222599003306	533.0881393579073	122.0	4.369574912769732	-388.91850405528544
3.0	618.0	390.0	0.433094078018382	0.09683246657702067	-29.598199710205254	1.1404066425973605	4.419981458881577	1.1404202499406828	0.0687830645404986	0.15038352566532243	600.1112415739764	116.0	5.173372772189452	-453.5340495093088
3.0	618.0	390.0	4.942296817621795	0.09191550041632217	54.5787127265163	0.12015910403528496	5.168675883061167	0.13171252813319484	0.0687830645404986	0.15038352566532243	600.1112415739764	116.0	5.173372772189452	-453.5340495093088
3.0	618.0	390.0	1.1076116418087827	0.10752386484517223	70.32421244710716	0.455741814134787	3.6047241801690912	0.4687913025958505	0.0687830645404986	0.15038352566532243	600.1112415739764	116.0	5.173372772189452	-453.5340495093088
3.0	628.0	390.0	0.42006281348195773	0.10109564846501186	-28.600083286117	0.8162183273374845	2.9354122380652066	0.8162023616689369	0.07425681253329089	0.12462166198903803	373.02628849401606	116.0	3.2157438663277245	-493.8243263639406
3.0	628.0	390.0	4.372690136486122	0.07559800594602074	53.390649006564836	0.13399952805512816	5.561091407292003	0.1460770571749837	0.07425681253329089	0.12462166198903803	373.02628849401606	116.0	3.2157438663277245	-493.8243263639406
3.0	628.0	390.0	1.151592720536765	0.08595216094123401	69.41969417014828	0.44321599235923115	4.108666403408357	0.44624498473347757	0.07425681253329089	0.12462166198903803	373.02628849401606	116.0	3.2157438663277245	-493.8243263639406
1.0	638.0	390.0	3.2893403110163675	0.08836402568342941	54.81951301815614	0.26940961239532274	8.685425148771927	0.26940966731065624	0.08649393300303453	0.18765686257239628	653.3936608634068	122.0	5.355685744782023	-399.18699404340833
2.0	648.0	390.0	2.606509633854432	0.121472881422275	51.442906860018994	0.9072974221323593	6.478879006664232	0.6382255321951269	0.11263685553957958	0.12942045205440145	228.09668352634495	119.0	1.9167788531625625	-458.00272979829356
2.0	648.0	390.0	2.5466624169793795	0.2679277780477443	63.97535524067492	0.6073317680827752	4.670556465846381	0.4001134525271914	0.11263685553957958	0.12942045205440145	228.09668352634495	119.0	1.9167788531625625	-458.00272979829356
1.0	658.0	390.0	3.2811299486428127	0.10536538098622829	59.630504609683314	0.3088254861766495	8.32812466629553	0.3088253766954755	0.07360014958408392	0.23017859163446502	1230.3081697119353	122.0	10.084493194360125	-360.43877719368396
2.0	668.0	390.0	3.7061979829096794	0.11595895985605395	61.01134719578798	0.2421801695569079	6.7038453749505065	0.24218033946169532	0.10048325438586721	0.2248359030323877	627.6615896235254	119.0	5.274467139693491	-360.01825595418194
2.0	668.0	390.0	0.9152340505132799	0.18651143706451803	121.94438789737127	0.6097332470583485	2.5911425237469983	0.6097134564858698	0.10048325438586721	0.2248359030323877	627.6615896235254	119.0	5.274467139693491	-360.01825595418194
1.0	678.0	390.0	4.147246986118955	0.12030636296539284	62.106231016763516	0.17525557527981342	5.231851035315924	0.17525546447033946	0.11736068357985407	0.20656892902707394	396.2899765805259	122.0	3.2482784965616878	-385.39677137213795
1.0	688.0	390.0	4.0628957841972495	0.09833566895473128	61.823815792108185	0.1328920033646376	4.754963071376777	0.1328919672024193	0.18383609873808512	0.1325248557951647	98.06766846067848	122.0	0.8038333480383482	-447.7596718196511
1.0	698.0	390.0	4.213584782816146	0.08583468835394165	60.642722193911645	0.09872461247091623	4.197383992862697	0.09872477085352298	0.09546548010512541	0.1060899474734993	244.56971095191423	122.0	2.0046697619009364	-497.3493095090521
2.0	708.0	390.0	4.373345389056546	0.07132283249372202	60.2370589665686	0.06928110711513842	3.6790076738837287	0.06928110732848734	0.08191350940674805	0.09914706614524751	196.09991637369748	119.0	1.6478984569218276	-556.522152337768
2.0	708.0	390.0	0.6203910256647244	0.089260909450075	94.98728175233654	0.3902302993464057	2.3502792229086995	0.39040069953803475	0.08191350940674805	0.09914706614524751	196.09991637369748	119.0	1.6478984569218276	-556.522152337768
3.0	718.0	390.0	3.3504258138635135	0.05972416002164839	60.176032435800835	0.06859068425681032	3.332312502428728	0.06859068415650096	0.06188605675606324	0.07921289326248623	212.70214692351573	116.0	1.833639197616515	-609.6024925458453
3.0	718.0	390.0	0.5476756805136134	0.06839399723023143	95.87351044001	0.3664722922190923	2.540074406622533	0.3664458088058873	0.06188605675606324	0.07921289326248623	212.70214692351573	116.0	1.833639197616515	-609.6024925458453
3.0	718.0	390.0	0.6207625368098615	0.05601960873413505	117.69321202439409	0.39468425421208	3.787621525668764	0.3946850828287096	0.06188605675606324	0.07921289326248623	212.70214692351573	116.0	1.833639197616515	-609.6024925458453
3.0	28.0	400.0	4.187907000710563	0.0963734279099777	26.51407791043009	0.1410921253382423	5.093317992075374	0.14888994648322218	0.15989155801814195	0.1566105828567697	120.98839303409441	116.0	1.0430033882249519	-442.82703679421
3.0	28.0	400.0	1.73839540524774	0.20777419966250096	42.07027301814306	0.286236704695243	2.8870243637592985	0.37087839961243485	0.15989155801814195	0.1566105828567697	120.98839303409441	116.0	1.0430033882249519	-442.82703679421
3.0	28.0	400.0	0.8723767308201452	0.07703464825301011	54.76489958889981	1.714418057598946	8.277814186856439	1.6165801360096048	0.15989155801814195	0.1566105828567697	120.98839303409441	116.0	1.0430033882249519	-442.82703679421
3.0	38.0	400.0	4.039838034335859	0.10544508662594099	25.837179711330432	0.16503005846319987	5.098341219699769	0.18021879272512947	0.1280495986075396	0.14963524785854593	225.55147317881577	116.0	1.9444092515415152	-420.48985060431784
3.0	38.0	400.0	2.2678562507994697	0.13510371687599687	42.20176084045388	0.3400602574801673	3.747828918082912	0.3599134730776646	0.1280495986075396	0.14963524785854593	225.55147317881577	116.0	1.9444092515415152	-420.48985060431784
3.0	38.0	400.0	0.9318941446541199	0.09685030767211747	56.55526134779724	1.1417360268043584	6.160121360112241	1.1770698895895222	0.1280495986075396	0.14963524785854593	225.55147317881577	116.0	1.9444092515415152	-420.48985060431784
3.0	48.0	400.0	2.8785213686820077	0.08008479316701532	25.199416912032675	0.2597388741582267	5.084304639509825	0.2524960311033247	0.11716274576508093	0.13113657503082618	157.36544249824425	116.0	1.3565986422262435	-487.700485117392
3.0	48.0	400.0	2.1000749043138787	0.08154588171114457	40.9170788022061	0.3381663887301099	5.0655164731801925	0.457839908660407	0.11716274576508093	0.13113657503082618	157.36544249824425	116.0	1.3565986422262435	-487.700485117392
3.0	48.0	400.0	0.7606393441926759	0.07857699188890113	58.27480678712541	0.8310550230454288	5.27582534889584	0.8690438849258875	0.11716274576508093	0.13113657503082618	157.36544249824425	116.0	1.3565986422262435	-487.700485117392
3.0	58.0	400.0	1.6603077488639788	0.06054370420951406	22.95480896273608	0.3036076270509163	5.607511677230612	0.32539758686138065	0.10172564266995182	0.10129814204478658	129.27229423092237	116.0	1.114416329576917	-547.6028431543408
3.0	58.0	400.0	2.315148018516014	0.07096048396595415	39.41271024696626	0.2107536683772175	4.445827755108489	0.24294882205966942	0.10172564266995182	0.10129814204478658	129.27229423092237	116.0	1.114416329576917	-547.6028431543408
3.0	58.0	400.0	0.6589206060143861	0.05069162443809027	58.811498021631955	0.9603008271859428	8.205766282322685	1.0425714634737653	0.10172564266995182	0.10129814204478658	129.27229423092237	116.0	1.114416329576917	-547.6028431543408
3.0	68.0	400.0	1.3792132079764299	0.05184967294473242	21.834389226696445	0.27017841580502255	5.869507113984559	0.29140717404230015	0.08899168559340435	0.08330372109216133	122.2260280392218	116.0	1.0536726555105327	-588.0430808161548
3.0	68.0	400.0	1.8655601044931232	0.08766749408500957	39.73082176700124	0.1767757975742131	4.009001103883093	0.22289354210527496	0.08899168559340435	0.08330372109216133	122.2260280392218	116.0	1.0536726555105327	-588.0430808161548
3.0	68.0	400.0	0.48296329503476426	0.03442793239409282	59.59265973605027	1.906616847830815	12.981402951179174	1.8920871385131892	0.08899168559340435	0.08330372109216133	122.2260280392218	116.0	1.0536726555105327	-588.0430808161548
2.0	148.0	400.0	1.0054279242916706	0.06941677639560541	23.61930670854856	0.46172825827397673	5.7916673427089975	0.46172825900960207	0.06792884765364657	0.1231054622605525	425.2307117295968	119.0	3.5733673254587965	-506.5719885745399
2.0	148.0	400.0	0.519655176357368	0.09948356810974719	61.515655878656204	0.6233398539124647	2.8208058789386796	0.6233509683951352	0.06792884765364657	0.1231054622605525	425.2307117295968	119.0	3.5733673254587965	-506.5719885745399
2.0	158.0	400.0	1.0913956361069808	0.06241828962940157	20.07820831760438	0.4006779570827273	6.067648142221932	0.40067821836330947	0.0700845680514386	0.11530377579263602	338.36386915406825	119.0	2.8433938584375484	-527.325283980931
2.0	158.0	400.0	0.45197186748582824	0.09583399950815817	62.269138589577125	0.6302217260988032	2.5734775954144506	0.6301996977081219	0.0700845680514386	0.11530377579263602	338.36386915406825	119.0	2.8433938584375484	-527.325283980931
2.0	188.0	400.0	1.5866083897982117	0.05538357007970915	31.02791493620114	0.30781770764001165	7.638910663516111	0.3082075072807093	0.06865186368947368	0.10263709833462249	349.2523137727747	119.0	2.934893393048527	-528.5297747292911
2.0	188.0	400.0	1.13918474224874	0.06930630307432836	65.37782615842676	0.34260451266883346	4.876055960231395	0.3429103518169553	0.06865186368947368	0.10263709833462249	349.2523137727747	119.0	2.934893393048527	-528.5297747292911
3.0	198.0	400.0	1.5691203300582834	0.1796514181136901	28.476182177721174	0.34935220214573376	3.5134919064760624	0.29564684758709436	0.060285281581532124	0.07624624065057105	247.5610767704789	116.0	2.1341472135386113	-597.1836568682808
3.0	198.0	400.0	1.9593239238416205	0.054632480860702846	39.302900393003725	0.5675131300001818	6.103001529020686	0.5551928219222401	0.060285281581532124	0.07624624065057105	247.5610767704789	116.0	2.1341472135386113	-597.1836568682808
3.0	198.0	400.0	0.973016447326605	0.04357285479418428	63.56892656407943	0.45309181078941824	7.29086854279408	0.4926916490448478	0.060285281581532124	0.07624624065057105	247.5610767704789	116.0	2.1341472135386113	-597.1836568682808
2.0	208.0	400.0	1.4269751841656273	0.11721379332727236	38.478318650044535	0.35693476621425196	6.206346386659793	0.5009114387031949	0.06827076305261928	0.09507429772821074	287.091652627188	119.0	2.41253489602679	-554.4205814248678
2.0	208.0	400.0	1.161967052905452	0.07931778041826565	51.50396026713619	1.4172439559040124	15.796694388639963	0.7168883503525376	0.06827076305261928	0.09507429772821074	287.091652627188	119.0	2.41253489602679	-554.4205814248678
3.0	218.0	400.0	1.695303486768581	0.06714652651726308	43.505178629921396	0.7820274631878137	6.405212776268277	0.5287132214533596	0.06355060093500724	0.06878308448535007	167.99600291545983	116.0	1.4482414044436192	-632.4611827261178
3.0	218.0	400.0	1.4877761666224336	0.2039146170195753	54.830867674321475	0.4328252409201549	4.109907459202133	0.47095551107060085	0.06355060093500724	0.06878308448535007	167.99600291545983	116.0	1.4482414044436192	-632.4611827261178
3.0	218.0	400.0	0.9230900028930187	0.042088211162421556	68.38266736673053	0.8329308617540028	6.58233455482594	0.7080761144767009	0.06355060093500724	0.06878308448535007	167.99600291545983	116.0	1.4482414044436192	-632.4611827261178
2.0	228.0	400.0	2.1213812788632764	0.04772153279973386	51.63625938702022	0.29255295544921084	7.670866711066566	0.3047466326381538	0.07257193879497799	0.09472822074370109	219.71708901228314	119.0	1.8463620925401945	-572.578995246761
2.0	228.0	400.0	0.969625883733805	0.05915412789994058	71.01526559881323	0.5198219109065362	5.280394395025123	0.48486975960783857	0.07257193879497799	0.09472822074370109	219.71708901228314	119.0	1.8463620925401945	-572.578995246761
3.0	238.0	400.0	1.4955686151360224	0.06908759017538176	43.428026117134316	0.39189646207252116	4.473330742419952	0.3470468669550776	0.06913535188525315	0.07892802443700277	163.41388921513064	116.0	1.4087404242683677	-614.8604958368704
3.0	238.0	400.0	2.00201376079593	0.17609598265201867	54.1777128670077	0.24045048757286921	3.5056861361754343	0.2902517719669478	0.06913535188525315	0.07892802443700277	163.41388921513064	116.0	1.4087404242683677	-614.8604958368704
3.0	238.0	400.0	0.7067404312189771	0.04549320850487503	66.0213135484768	2.017378825185166	9.383270984214615	1.5041357163151605	0.06913535188525315	0.07892802443700277	163.41388921513064	116.0	1.4087404242683677	-614.8604958368704
3.0	248.0	400.0	0.37442940827278165	0.06499887260694034	26.186413914045637	1.4853753019772082	6.522541389278708	1.6551871474771351	0.06128513328185673	0.11177490362439255	466.6874104185391	116.0	4.023167331194303	-513.8210375169073
3.0	248.0	400.0	1.6978551494567269	0.1112881367951634	41.9541669257058	0.2720355937766991	3.06412118509427	0.2889420194524866	0.06128513328185673	0.11177490362439255	466.6874104185391	116.0	4.023167331194303	-513.8210375169073
3.0	248.0	400.0	2.4750891660173218	0.06885815039472859	54.60604265019467	0.2803084413959404	5.822894455847562	0.29349135050029423	0.06128513328185673	0.11177490362439255	466.6874104185391	116.0	4.023167331194303	-513.8210375169073
2.0	258.0	400.0	0.3982842743400044	0.1058290322343862	21.17405184101552	1.0470553406066785	3.404036637392906	1.0489584623931512	0.06594988096182416	0.14546395853881822	616.1790094425965	119.0	5.177974869265516	-467.6002138223929
2.0	258.0	400.0	2.1049487613558218	0.06277706662669248	54.20445802479233	0.3341241408347668	9.709739335705521	0.3363281316689236	0.06594988096182416	0.14546395853881822	616.1790094425965	119.0	5.177974869265516	-467.6002138223929
1.0	268.0	400.0	2.5658567135907298	0.07125098624943034	57.119677554820875	0.2541139878503456	7.925841346788744	0.25411418384608564	0.08528574045775206	0.14718665527317082	398.7108268234052	122.0	3.268121531339387	-464.44666793882135
1.0	278.0	400.0	3.770123800983223	0.09871745820928385	58.24796919091829	0.22447929123580168	7.425604489294347	0.22447956872569627	0.1453595210099991	0.19222883761879986	246.83350426460908	122.0	2.0232254447918776	-391.086249995205
2.0	288.0	400.0	2.496259235971571	0.10079978042144283	50.66344137237225	0.3043853501485204	3.8128939030328945	0.27087737799428135	0.14339204390262975	0.12671111151406433	116.50851735586633	119.0	0.9790631710577002	-481.6250137220823
2.0	288.0	400.0	5.094062950352298	0.09096212561968671	62.358137650168445	0.16127848926597388	4.346138250556115	0.15141231301300262	0.14339204390262975	0.12671111151406433	116.50851735586633	119.0	0.9790631710577002	-481.6250137220823
1.0	298.0	400.0	4.598434817745107	0.10186913581717412	61.16445003903851	0.19247035466929385	7.5240369158114575	0.19247031561812566	0.12154968343009048	0.20385096115685414	380.933638547092	122.0	3.12240687333682	-381.569114964809
1.0	308.0	400.0	4.975559811044927	0.07499037837520488	61.50840681030742	0.13976171289069322	8.031254962430378	0.13976177973095413	0.10448669217760037	0.14468845986474	298.1722858373128	122.0	2.4440351298140395	-450.00417550010883
1.0	318.0	400.0	5.028333197144403	0.08947204992483158	62.0526069391535	0.16326802162413115	7.946815128290448	0.16326809068060447	0.07751260886865868	0.18282696309150534	763.1681436820232	122.0	6.255476587557568	-407.1830850064378
1.0	328.0	400.0	4.606280235340397	0.09845808649919655	63.35459904912895	0.19089299940093732	7.733555011634664	0.19089285930001537	0.07475962075096178	0.2035635298395053	966.914873846967	122.0	7.925531752843992	-386.64475193693335
2.0	338.0	400.0	2.8155293794717116	0.20610846066544433	57.61882328655009	0.2362219314745677	3.455858921397244	0.1994422316639383	0.06257039526574856	0.10999079848830964	386.27300783021195	119.0	3.245991662438756	-539.1250615052952
2.0	338.0	400.0	4.207720707716268	0.0732219555173695	68.07182412772025	0.32728170683351904	5.912473574424572	0.25318933735187116	0.06257039526574856	0.10999079848830964	386.27300783021195	119.0	3.245991662438756	-539.1250615052952
3.0	348.0	400.0	0.44890677432484943	0.05623202709693513	35.69776151652598	0.6171308996074466	4.2669334652860345	0.6176657726046357	0.062461969684868425	0.0858711059035931	236.89230292149335	116.0	2.0421750251852875	-593.8226454170953
3.0	348.0	400.0	3.1405179156198217	0.07843544983472214	59.02429766895859	0.20998771844885075	3.955814758240977	0.16159129085948018	0.062461969684868425	0.0858711059035931	236.89230292149335	116.0	2.0421750251852875	-593.8226454170953
3.0	348.0	400.0	4.341282987335325	0.06255834542522	70.06398113840136	0.1687300611608139	4.504253074342649	0.1373579274784965	0.062461969684868425	0.0858711059035931	236.89230292149335	116.0	2.0421750251852875	-593.8226454170953
2.0	358.0	400.0	0.41212201066543985	0.1538980258740023	35.969748933762354	1.8034849715037355	4.1844192069866315	1.8040800610841956	0.06143045182295252	0.23592163708331554	1845.3468859752854	119.0	15.507116688867944	-348.23693583264816
2.0	358.0	400.0	4.136038529018788	0.12031323478733147	67.7984919777541	0.22987908224349374	6.844368270558871	0.2299818716187044	0.06143045182295252	0.23592163708331554	1845.3468859752854	119.0	15.507116688867944	-348.23693583264816
2.0	368.0	400.0	2.2957357366332367	0.15706682246980358	57.67228010105798	0.19961915588811333	2.268205382545473	0.20130628826795582	0.0619316883929264	0.1725239626346578	970.3865744225399	119.0	8.15450902876084	-426.5463628210547
2.0	368.0	400.0	3.9436896179974776	0.10792577398860952	69.45296366440171	0.17340904221993936	4.8864867225458255	0.19331641326733812	0.0619316883929264	0.1725239626346578	970.3865744225399	119.0	8.15450902876084	-426.5463628210547
2.0	378.0	400.0	3.1435473390188053	0.250497140672246	58.00695455560291	0.20271499300111523	2.1847874357203914	0.2145739891467078	0.09343818997992556	0.22966583816422867	803.0207726554837	119.0	6.748073719793981	-347.3935627090364
2.0	378.0	400.0	2.87482844379466	0.14152607022177996	68.81320615990218	0.4155392294053248	5.423381901722852	0.4520899845111068	0.09343818997992556	0.22966583816422867	803.0207726554837	119.0	6.748073719793981	-347.3935627090364
2.0	388.0	400.0	3.4464614626793857	0.3623423666997026	58.669286316895914	0.21767804022593523	2.279158826315604	0.25368604372303216	0.06744054540770525	0.25305703878077784	1762.9270996920786	119.0	14.814513442790577	-330.6132183360224
2.0	388.0	400.0	2.266042511396681	0.15012633875533932	68.01211631178863	0.8252100077762227	5.459402421405751	0.7863254666319753	0.06744054540770525	0.25305703878077784	1762.9270996920786	119.0	14.814513442790577	-330.6132183360224
2.0	398.0	400.0	4.02718576876276	0.690483233467112	59.53274528846037	0.3198082137792394	2.8118935193563677	0.3359748711573527	0.049469433222871416	0.2607507625083051	3613.273385666093	119.0	30.363641896353723	-318.3812560165677
2.0	398.0	400.0	1.2410532018984461	0.2085290874361173	67.92823868467606	3.01648735817927	5.337191485101025	2.2001637334371464	0.049469433222871416	0.2607507625083051	3613.273385666093	119.0	30.363641896353723	-318.3812560165677
2.0	408.0	400.0	4.849325402555028	0.13211906848586435	59.954843673880156	0.12979612580940422	3.9402126580878036	0.1328333011278546	0.04079158301737473	0.18953145837840576	2814.7639177381457	119.0	23.65347830032055	-397.8180232125135
2.0	408.0	400.0	0.3715349920603028	0.08081441933579135	85.99098941382603	2.8366762590152086	10.811302148242909	3.1211894769454656	0.04079158301737473	0.18953145837840576	2814.7639177381457	119.0	23.65347830032055	-397.8180232125135
2.0	418.0	400.0	4.695046487273938	0.12530227390327925	58.54192718374222	0.18119863984559062	5.879622702379912	0.18166932288050378	0.06199009915800464	0.2272600611333714	1686.6532651018856	119.0	14.173556849595677	-357.2098111794835
2.0	418.0	400.0	0.37040134782725576	0.11791924464762125	91.16656793002906	2.4409088713310796	6.638743459065325	2.447875737255109	0.06199009915800464	0.2272600611333714	1686.6532651018856	119.0	14.173556849595677	-357.2098111794835
3.0	428.0	400.0	5.932400447885352	0.10200089785121157	51.07211627653179	0.09396038055761037	3.63012730063015	0.09915995354803264	0.013962727982831508	0.13112438244099536	12775.879628070794	116.0	110.13689334543788	-469.90066287947326
3.0	428.0	400.0	5.285033904868994	0.10696851439881484	62.24097880089431	0.1002016641143261	3.2371457119983535	0.10557041999193972	0.013962727982831508	0.13112438244099536	12775.879628070794	116.0	110.13689334543788	-469.90066287947326
3.0	428.0	400.0	0.37753868445976063	0.06526929081055083	86.76063801218368	1.7658213818705046	8.791094811258652	1.8605982265609822	0.013962727982831508	0.13112438244099536	12775.879628070794	116.0	110.13689334543788	-469.90066287947326
3.0	438.0	400.0	9.831561557386337	0.13957827996915384	49.62313182615981	0.056113441352436316	3.0652273205311173	0.05854866806678028	0.05743086665954269	0.17445101711266864	1224.9590751335404	116.0	10.55999202701328	-409.4345038528246
3.0	438.0	400.0	5.8356606690211645	0.12697090661200366	62.297813699212305	0.10513405410147617	3.890796915850471	0.11869663806803359	0.05743086665954269	0.17445101711266864	1224.9590751335404	116.0	10.55999202701328	-409.4345038528246
3.0	438.0	400.0	0.6583989768041829	0.11990895737791346	80.11473323394829	0.8799446030985367	4.1586618501798025	0.9051926602059377	0.05743086665954269	0.17445101711266864	1224.9590751335404	116.0	10.55999202701328	-409.4345038528246
2.0	448.0	400.0	12.111877216548988	0.17989317236175695	49.47882063932909	0.05806614242492496	2.8908874121975243	0.05895259975882544	0.06161943150140978	0.2252097618826604	1720.9871203681607	119.0	14.462076641749249	-356.1901916424347
2.0	448.0	400.0	6.229551453150692	0.15094791330261417	61.94319611776028	0.13580187086239126	4.330255465614607	0.14969987086763428	0.06161943150140978	0.2252097618826604	1720.9871203681607	119.0	14.462076641749249	-356.1901916424347
2.0	458.0	400.0	11.215305120877872	0.1936551296993916	50.180493508572134	0.08458918535895953	3.059702187819564	0.0799230043113215	0.060765824823083334	0.2425163855111239	2010.3523278640848	119.0	16.893717040874662	-340.2511285497775
2.0	458.0	400.0	6.838588465265595	0.15990061838793285	61.4909566376244	0.16805875681312163	4.381494421817207	0.17673294277184723	0.060765824823083334	0.2425163855111239	2010.3523278640848	119.0	16.893717040874662	-340.2511285497775
2.0	468.0	400.0	9.754283687511169	0.23802602757907043	54.80741302852174	0.19040958962531365	6.757868192822442	0.19040967447242568	0.05401314131332264	0.4625884213280794	9226.723300696893	119.0	77.53548992182263	-179.22692145786448
2.0	468.0	400.0	0.4315847973211728	0.25390917965881293	190.80964227199496	4.339892191799766	6.2359118418637145	4.713737332130567	0.05401314131332264	0.4625884213280794	9226.723300696893	119.0	77.53548992182263	-179.22692145786448
1.0	478.0	400.0	10.439528556444861	0.18783742276525592	54.85832831994386	0.1311642239986437	6.312849883445809	0.13116415887209243	0.36105376468786626	0.3171820214548779	123.16075454361325	122.0	1.0095143815050267	-250.53501073797838
2.0	488.0	400.0	8.443224200582378	0.18701243875653323	55.737870960526216	0.19557062128459982	7.647047131818628	0.19557070081986194	0.07453144642184044	0.3770389438346424	3384.868776780776	119.0	28.44427543513257	-224.0770862014553
2.0	488.0	400.0	0.4666495359422295	0.2158146268765478	188.7943018026526	3.1186563593761147	5.840299937981306	3.212566771080025	0.07453144642184044	0.3770389438346424	3384.868776780776	119.0	28.44427543513257	-224.0770862014553
4.0	498.0	400.0	2.8065859581267545	0.2431386615004706	47.00243407657098	0.10907689961786983	1.5957841375555297	0.1945932669571938	0.04498448432728601	0.13544229267703944	1293.8565124187635	113.0	11.450057632024455	-456.440090467379
4.0	498.0	400.0	6.859805828340541	0.1376024128424101	55.11918203169098	0.3209446962430923	5.7360126240317495	0.331534306150063	0.04498448432728601	0.13544229267703944	1293.8565124187635	113.0	11.450057632024455	-456.440090467379
4.0	498.0	400.0	3.7933920977737587	0.24458302859763803	67.79118249919993	0.5341689327341096	4.995211837095327	0.3219043446709638	0.04498448432728601	0.13544229267703944	1293.8565124187635	113.0	11.450057632024455	-456.440090467379
4.0	498.0	400.0	0.33521982622407326	0.07754463503745758	189.3008994129579	1.8431516153456275	6.797362128492475	1.9789167678613278	0.04498448432728601	0.13544229267703944	1293.8565124187635	113.0	11.450057632024455	-456.440090467379
1.0	508.0	400.0	6.957462519215653	0.10874242003944685	59.215268069972964	0.15982066394917982	8.855773724722	0.15982068831212015	0.06123078534027161	0.24464602567833688	2013.2187717330564	122.0	16.501793210926692	-344.87925164080815
2.0	518.0	400.0	6.136255136647987	0.12385984697777248	59.68790759211813	0.185896405996817	7.977861528990891	0.18629372608434247	0.06408617013516163	0.2594528278430406	2092.582335430173	119.0	17.58472550781658	-321.9397572867207
2.0	518.0	400.0	0.6224800610172502	0.15717302626046967	94.24200684569261	1.4438793895497544	4.952861681777012	1.445953431240703	0.06408617013516163	0.2594528278430406	2092.582335430173	119.0	17.58472550781658	-321.9397572867207
3.0	528.0	400.0	3.270928253382806	0.2853687985871801	57.80171816013046	0.17846538315016588	2.1337420887177565	0.2284708014645536	0.013045400037594109	0.23144313390529708	42903.27333746416	116.0	369.8558046333117	-335.46599804736087
3.0	528.0	400.0	0.7709447202869438	0.13968314397772602	94.52941553787143	1.1583507222854712	5.483945973863092	1.1734645933871828	0.013045400037594109	0.23144313390529708	42903.27333746416	116.0	369.8558046333117	-335.46599804736087
3.0	528.0	400.0	3.0844729841417724	0.21861457773761364	60.45057456820914	0.44053978666639854	9.210810088263063	0.4850116330215893	0.013045400037594109	0.23144313390529708	42903.27333746416	116.0	369.8558046333117	-335.46599804736087
3.0	538.0	400.0	4.20912689188308	0.8334595709691581	58.215859801186014	0.15878382823614587	2.4896434348164953	0.25244881762844285	0.05556987872440844	0.14187124848478772	815.3462757825623	116.0	7.028847205022089	-468.55088063465377
3.0	538.0	400.0	2.3298689747756454	0.3076887362033818	64.16662018171675	1.5538463113225036	4.680069474782392	0.8954117090391216	0.05556987872440844	0.14187124848478772	815.3462757825623	116.0	7.028847205022089	-468.55088063465377
3.0	538.0	400.0	0.3236805150014358	0.04189785876017464	77.672874854805	4.645865943495188	39.373829015379265	4.675578265496189	0.05556987872440844	0.14187124848478772	815.3462757825623	116.0	7.028847205022089	-468.55088063465377
1.0	548.0	400.0	4.276757019345424	0.13481347115025194	60.82747170675023	0.1878479666077801	5.1599571321996285	0.18784749367293244	0.0634977028934396	0.22473192419514137	1676.711592790431	122.0	13.743537645823205	-358.65338320241716
2.0	558.0	400.0	3.742185144695841	0.10394866320063623	61.279683992919786	0.17744986650568892	5.532388445176887	0.17744986932516563	0.06437293134640919	0.17860812275801982	1014.2489216340257	119.0	8.523100181798535	-411.3549116319714
2.0	558.0	400.0	0.5826768341789228	0.08121205697322172	117.75889249703799	1.4584799201048357	9.066754779836877	1.4584842362803099	0.06437293134640919	0.17860812275801982	1014.2489216340257	119.0	8.523100181798535	-411.3549116319714
