ncomps	x	y	amplitude	err amplitude	shift	err shift	width	err width	rms	residual	chisq	dof	redchisq	aic
3.0	118.0	80.0	1.1329189485908118	0.24147143088475578	18.973825556562776	0.5817479817350503	5.248550597181843	1.0429481332771708	0.1288553195046852	0.16280958937859769	208.8515663410831	116.0	1.8004445374231302	-428.5372904924783
3.0	118.0	80.0	1.8665915456874467	0.11718499476396943	39.04415753567011	2.6655788185352494	15.127586867157483	1.3043938649869418	0.1288553195046852	0.16280958937859769	208.8515663410831	116.0	1.8004445374231302	-428.5372904924783
3.0	118.0	80.0	2.4878234653690923	0.2105361457010403	52.22708576914519	0.3022045055091827	5.197592011679107	0.4264149507539708	0.1288553195046852	0.16280958937859769	208.8515663410831	116.0	1.8004445374231302	-428.5372904924783
2.0	128.0	80.0	1.32072317966782	0.09972361280878789	20.913451689517768	0.6156641014936817	6.602448458970883	0.64236317521999	0.14195902203239325	0.18321584126181467	225.9312483092429	119.0	1.8985819185650663	-401.35272007578993
2.0	128.0	80.0	3.813681630501407	0.08944207421022334	49.54473907818136	0.23810783834923843	8.416661789217834	0.2563552493674857	0.14195902203239325	0.18321584126181467	225.9312483092429	119.0	1.8985819185650663	-401.35272007578993
2.0	138.0	80.0	3.461940774672733	0.08825650231945247	48.31003136582321	0.37617835720333753	6.655773365409382	0.3206953730270308	0.12151835040508512	0.15057838580062305	203.9483801379703	119.0	1.7138519339325236	-453.016486211638
2.0	138.0	80.0	0.7697036479049919	0.08450524548639028	67.04354438722797	1.7357882263604343	6.916017313631225	1.505155246193825	0.12151835040508512	0.15057838580062305	203.9483801379703	119.0	1.7138519339325236	-453.016486211638
3.0	148.0	80.0	1.2137918280634774	0.305839027236221	40.758733468307106	0.637216013226844	2.3318589084305765	0.6411496609320972	0.09758580750769551	0.20991075860267108	656.0763138451504	116.0	5.655830291768537	-354.94516324335785
3.0	148.0	80.0	2.9165097124433856	0.2938054244103294	50.99209698950561	0.845668678049794	4.995182510737477	1.0445964869968019	0.09758580750769551	0.20991075860267108	656.0763138451504	116.0	5.655830291768537	-354.94516324335785
3.0	148.0	80.0	1.0279348953163	0.21495201910431036	64.4740433714617	3.6629558680031766	6.183795859993253	2.455460232926691	0.09758580750769551	0.20991075860267108	656.0763138451504	116.0	5.655830291768537	-354.94516324335785
1.0	158.0	80.0	3.00816174547533	0.15294655967925402	53.701599988292756	0.32591465960686145	5.550372895680594	0.3259139152648	0.09919922980836313	0.2691763772401241	951.1471632411252	122.0	7.796288223287911	-317.9868748055414
1.0	348.0	80.0	2.9518546351737323	0.09166362601872613	46.525753248825566	0.14684750460915505	4.094839924029655	0.14684708365977658	0.10570119877616506	0.1381042812432777	221.98489417636165	122.0	1.819548312920997	-483.99781146524845
1.0	358.0	80.0	3.971358092673902	0.11189421019512925	45.80442695651822	0.15488697000976323	4.760285535793777	0.15488670220701842	0.09542434030735908	0.18517007700432914	471.81604507263074	122.0	3.867344631742875	-415.3209687324245
1.0	368.0	80.0	4.489188459568721	0.12113784441644337	46.364729631651194	0.1403392990927511	4.5034859698707095	0.14033900533283247	0.1056933892234368	0.19343948393339336	426.44114544345894	122.0	3.4954192249463847	-402.4081544920591
1.0	378.0	80.0	4.948843003721481	0.1087930227842725	47.03131802969497	0.09889131082738926	3.895725563420532	0.098891296211042	0.11908618949359837	0.12869558895632788	234.35973520050933	122.0	1.9209814360697486	-447.4090007079865
1.0	388.0	80.0	4.685235448229321	0.09607082317391898	47.79587322563612	0.08246640732374512	3.4827924145543934	0.08246630266075729	0.10802683616681344	0.11881368371634467	198.5519352940248	122.0	1.6274748794592195	-492.5017790041249
1.0	398.0	80.0	3.9659726886342335	0.11051374051167707	48.67333898752039	0.09485868232448838	2.9484582196420916	0.09485910441371671	0.09845829031487174	0.12164170474201032	267.7321267075769	122.0	2.1945256287506307	-478.32141524873725
2.0	408.0	80.0	2.522633490007518	0.1460328974647318	49.15080721185042	0.12551929210307805	2.3524110483496283	0.16232659206027591	0.11480853854017427	0.11141675381885123	132.64050603790304	119.0	1.114626101158849	-520.9943945269035
2.0	408.0	80.0	1.0903669579676163	0.08989542414282586	55.478372094613285	0.8612572021460863	7.776978018927089	0.5327494041931888	0.11480853854017427	0.11141675381885123	132.64050603790304	119.0	1.114626101158849	-520.9943945269035
1.0	418.0	80.0	3.0220461271360715	0.09558319910253821	54.15669684969424	0.196383141334075	5.376718407947077	0.19638290349507112	0.12225767671131665	0.16766723029920047	236.90069851357202	122.0	1.9418090042096068	-439.4901740514167
2.0	428.0	80.0	0.35714694783926015	0.10911465086557498	34.198503376094585	1.4666697388523682	4.158970577439277	1.4713465428675998	0.0949319740478688	0.1667146775282796	385.510709441715	119.0	3.239585793627857	-435.15490772993036
2.0	428.0	80.0	4.109764468039962	0.11067268077471748	55.38524271977796	0.125658811288488	4.041059702726107	0.12604921639835623	0.0949319740478688	0.1667146775282796	385.510709441715	119.0	3.239585793627857	-435.15490772993036
2.0	438.0	80.0	0.5585121076148896	0.11568147632377376	32.7720844427238	1.3267907542563944	5.549915446502461	1.3355463614123178	0.10661470588699094	0.1850831942414258	457.68816889252696	119.0	3.846119066323756	-384.68729618418524
2.0	438.0	80.0	3.9639272616521692	0.1419638273375107	55.76904035819727	0.15233068066560762	3.6782244443081638	0.15300206766335042	0.10661470588699094	0.1850831942414258	457.68816889252696	119.0	3.846119066323756	-384.68729618418524
1.0	448.0	80.0	2.997542940494783	0.16171368027537894	55.92005579723069	0.290285241974982	4.6589811183730445	0.29028425570586397	0.1897787296803886	0.2033214795629187	243.87003321924442	122.0	1.998934698518397	-325.9339046078759
1.0	498.0	80.0	3.39320969497107	0.08565865066247948	55.20129047748499	0.18133080129415982	6.219877295186652	0.18133054244918653	0.14288320097353271	0.15669208970304593	161.14329391212857	122.0	1.32084667141089	-448.6844077006308
1.0	508.0	80.0	3.7914479425825194	0.11053345045160803	55.044510193949655	0.17620773168952553	5.234191595142643	0.17620762896170408	0.13664436447914866	0.189854371103297	246.8759000294612	122.0	2.0235729510611575	-406.521896497134
1.0	518.0	80.0	4.69608551300965	0.08957366866775215	55.34343811719991	0.1262963509114184	5.733973920491893	0.1262962792569441	0.12875400368608853	0.16005781812205663	200.0419594517445	122.0	1.639688192227414	-447.68623527018906
2.0	528.0	80.0	4.739455613861912	0.0717056135768505	55.56427938901324	0.11651299353035674	6.669300602972507	0.11651299382068733	0.12483162778229083	0.13754213384137426	154.71698404808208	119.0	1.3001427230931268	-480.82501729043037
2.0	528.0	80.0	0.32673501523233967	0.09252092480405555	100.5466052825567	1.3102535885848248	4.0034742508361125	1.3102265158480402	0.12483162778229083	0.13754213384137426	154.71698404808208	119.0	1.3001427230931268	-480.82501729043037
3.0	538.0	80.0	3.9362078411414956	0.06871760779476917	55.68261407932541	0.1431739660364086	7.100226070872996	0.14344337745997632	0.09292744380459322	0.13495944032836493	265.84850770877193	116.0	2.291797480248034	-480.0922375568247
3.0	538.0	80.0	0.19137107390148128	0.12805605160854294	84.50712418847536	1.8536204428172933	2.598688557418293	2.152150547878463	0.09292744380459322	0.13495944032836493	265.84850770877193	116.0	2.291797480248034	-480.0922375568247
3.0	538.0	80.0	0.4491781586152661	0.06005638494572815	102.1595318246545	1.9153236928367703	10.01352710583214	2.1009646957984565	0.09292744380459322	0.13495944032836493	265.84850770877193	116.0	2.291797480248034	-480.0922375568247
3.0	548.0	80.0	2.866548893190911	0.06149396181924053	56.21434019369115	0.18632188050811124	7.497961781438526	0.18877885925828614	0.09886106806801438	0.12406791254158707	197.60340157132552	116.0	1.7034775997528062	-501.70119165149003
3.0	548.0	80.0	0.32475365493791875	0.14492912402587496	86.40110372762251	1.0110438607242727	2.666459927104457	1.420074895568214	0.09886106806801438	0.12406791254158707	197.60340157132552	116.0	1.7034775997528062	-501.70119165149003
3.0	548.0	80.0	0.6040706542350043	0.05570421029944044	99.33355354566224	1.8540109396942483	9.662681486709062	1.6356990067667805	0.09886106806801438	0.12406791254158707	197.60340157132552	116.0	1.7034775997528062	-501.70119165149003
3.0	828.0	80.0	1.0403041328549347	0.07835719276915136	46.6273015365984	0.36805003710350176	3.4139496383058754	0.3965270453919187	0.09791044001169277	0.10456800870589654	142.62168060500485	116.0	1.2294972465948695	-544.8750818765853
3.0	828.0	80.0	1.634200205574802	0.08540943357358145	56.82577730612475	0.2133789670798719	2.769376428474232	0.2164715793925093	0.09791044001169277	0.10456800870589654	142.62168060500485	116.0	1.2294972465948695	-544.8750818765853
3.0	828.0	80.0	2.4000749686545206	0.05808934231743382	92.98705459139579	0.16522654615092328	5.912065984006277	0.1652265477869519	0.09791044001169277	0.10456800870589654	142.62168060500485	116.0	1.2294972465948695	-544.8750818765853
2.0	838.0	80.0	1.9663875940687552	0.08895791383059302	53.88440930579183	0.3092252532589472	5.920208682034416	0.3093016649746233	0.106043936242017	0.16195245270089767	292.85310389174583	119.0	2.460950452871814	-441.8439058067196
2.0	838.0	80.0	2.6219410858879035	0.08312262684357391	90.92812281568897	0.24819842543558396	6.78032771769609	0.2482645648593027	0.106043936242017	0.16195245270089767	292.85310389174583	119.0	2.460950452871814	-441.8439058067196
2.0	848.0	80.0	2.7678834621994444	0.09572123982440506	55.34106793534434	0.1493549697250667	3.740140464172007	0.14936132099823943	0.11612399623756688	0.13550673183353892	178.6703199817204	119.0	1.5014312603505917	-480.90874419830874
2.0	848.0	80.0	1.714734696418309	0.07120486084902466	88.27748897834778	0.32410271464771173	6.758743445718822	0.32412230285081617	0.11612399623756688	0.13550673183353892	178.6703199817204	119.0	1.5014312603505917	-480.90874419830874
1.0	948.0	80.0	3.1558734423717762	0.19101632832567708	49.42312553013802	0.2782187337402942	3.9801033461818562	0.27821770375708177	0.28959081662724534	0.27239478825711105	124.8323313289273	122.0	1.023215830564978	-303.98936360152584
2.0	28.0	90.0	1.186189977699765	0.22586532720334784	19.158316502971182	1.6188887491700144	4.255388742630157	1.506803636006219	0.2234918279811976	0.3282717638773549	288.6765133445027	119.0	2.4258530533151488	-257.2591188401639
2.0	28.0	90.0	1.087350725030831	0.22707802650151054	31.504897426047467	1.7583120534928933	4.222313442345783	1.6312558265462829	0.2234918279811976	0.3282717638773549	288.6765133445027	119.0	2.4258530533151488	-257.2591188401639
1.0	68.0	90.0	3.343402161034554	0.17029402390330964	29.47203276202737	0.1564242515175526	2.6593468011048715	0.15642376787741577	0.16240666782984178	0.20985094385104947	210.77154223586166	122.0	1.7276355920972266	-383.1053145866445
2.0	78.0	90.0	3.43651645461169	0.31507485069078184	28.166309303230864	0.13717149555757835	2.8701845109143456	0.22619407240599057	0.12112610503140435	0.1426972399087356	183.83410030327138	119.0	1.5448243722963981	-466.80390892880405
2.0	78.0	90.0	1.1410062210369045	0.15343557956871812	35.30316289050634	1.7859194531994604	6.933930544375326	0.9571862270754755	0.12112610503140435	0.1426972399087356	183.83410030327138	119.0	1.5448243722963981	-466.80390892880405
2.0	88.0	90.0	2.6185518759323547	0.5770536370645994	27.89159569396474	0.2887206773468386	4.75788218464507	0.5594743113143175	0.13553089781473104	0.13750644243152912	133.84196088591935	119.0	1.124722360385877	-478.38379843922723
2.0	88.0	90.0	1.3742553637090222	0.2417806388512556	38.45027327329602	3.4948140492928133	9.081257373423172	1.750118519479349	0.13553089781473104	0.13750644243152912	133.84196088591935	119.0	1.124722360385877	-478.38379843922723
4.0	98.0	90.0	2.6604622254241566	0.0840481812005825	25.495738251238336	0.7163840919666864	7.639273347800067	0.596934311386532	0.1595121037992771	0.13116555366742083	114.54646516651339	113.0	1.013685532447021	-443.03980256514734
4.0	98.0	90.0	1.3402040756047964	0.28706977441891807	34.89087643040295	0.35820114850864954	2.1276304526683676	0.46613678680215254	0.1595121037992771	0.13116555366742083	114.54646516651339	113.0	1.013685532447021	-443.03980256514734
4.0	98.0	90.0	1.6079094703717507	0.1243472569423435	44.761645550765756	0.8346216744598834	5.944700310219615	1.3094151417396003	0.1595121037992771	0.13116555366742083	114.54646516651339	113.0	1.013685532447021	-443.03980256514734
4.0	98.0	90.0	0.6003645888727596	0.2161284467584312	55.775099949382586	0.6056845388757758	1.8491246583012537	0.7550510995479259	0.1595121037992771	0.13116555366742083	114.54646516651339	113.0	1.013685532447021	-443.03980256514734
3.0	108.0	90.0	3.4254189354715794	0.08559941620491748	21.355313859198336	0.2614080329059148	7.101759744525015	0.2883875981669036	0.16238504173050744	0.14072492179278218	124.02016279597366	116.0	1.0691393344480489	-435.86472109086725
3.0	108.0	90.0	1.8147292936780528	0.17605277993413124	35.21134039633731	0.27506027456582854	2.5248781947394683	0.31289379184180743	0.16238504173050744	0.14072492179278218	124.02016279597366	116.0	1.0691393344480489	-435.86472109086725
3.0	108.0	90.0	3.0308127327208756	0.08662610500620897	48.671833162955146	0.2992236876423128	6.936007312145421	0.32826551312015273	0.16238504173050744	0.14072492179278218	124.02016279597366	116.0	1.0691393344480489	-435.86472109086725
3.0	118.0	90.0	3.281497498995073	0.09867723801249606	20.64641189157881	0.2445350806897877	6.423719610516841	0.2724456819163317	0.1490459909358743	0.1751548397383649	179.95787375938872	116.0	1.5513609806843855	-410.7587403338765
3.0	118.0	90.0	1.8402517101365472	0.15829004702259772	35.99839489432085	0.3061721214454543	2.734179055035804	0.32804701977533923	0.1490459909358743	0.1751548397383649	179.95787375938872	116.0	1.5513609806843855	-410.7587403338765
3.0	118.0	90.0	4.742703092754676	0.0988623713797451	50.57401953072351	0.1800472329527319	6.4539109719333725	0.20089353614304245	0.1490459909358743	0.1751548397383649	179.95787375938872	116.0	1.5513609806843855	-410.7587403338765
2.0	128.0	90.0	1.6822153763948913	0.1068161284218756	22.16123691269308	0.45890209080191596	6.00156956209048	0.4757460057615443	0.12691003219456004	0.19333697599289557	295.3992625783524	119.0	2.482346744355903	-395.85558140788976
2.0	128.0	90.0	4.179360317471402	0.09414254772304027	49.806122036563565	0.2097335602945097	7.883233172548698	0.22282844664808252	0.12691003219456004	0.19333697599289557	295.3992625783524	119.0	2.482346744355903	-395.85558140788976
3.0	138.0	90.0	3.4655186230926684	0.0866684222606653	48.0574431903893	0.2799985444332259	6.614714073120078	0.2954986631669361	0.11973269569435786	0.142676682173473	218.90134768305387	116.0	1.8870805834746023	-441.0197438130927
3.0	138.0	90.0	0.96723493125847	0.4226018632187183	62.34690789322404	1.8839324385659717	3.1694281674747637	1.3737957411806134	0.11973269569435786	0.142676682173473	218.90134768305387	116.0	1.8870805834746023	-441.0197438130927
3.0	138.0	90.0	0.6626687803028795	0.25465164120652367	70.09283862291403	3.6766088459211326	3.7869836118090197	2.2775187576694065	0.11973269569435786	0.142676682173473	218.90134768305387	116.0	1.8870805834746023	-441.0197438130927
4.0	148.0	90.0	1.7539847240101598	0.703768733899165	41.737705073135935	0.7333387249006893	2.8631542495398823	0.6616340761025714	0.07862773301451402	0.1791666693918099	707.3517791012582	113.0	6.259750257533258	-392.3201904800119
4.0	148.0	90.0	2.562536674400454	0.8519686979199539	51.12700577440213	2.1553758578757396	5.259122861151504	2.365666409479271	0.07862773301451402	0.1791666693918099	707.3517791012582	113.0	6.259750257533258	-392.3201904800119
4.0	148.0	90.0	0.4427776694802286	0.8174711020831131	61.41631242858144	1.6429236713369102	2.195148820040236	2.6134015671265267	0.07862773301451402	0.1791666693918099	707.3517791012582	113.0	6.259750257533258	-392.3201904800119
4.0	148.0	90.0	1.225758705991669	0.7867947758265058	65.10681197109385	8.95425574295434	6.672369190245596	4.190281705007322	0.07862773301451402	0.1791666693918099	707.3517791012582	113.0	6.259750257533258	-392.3201904800119
4.0	158.0	90.0	1.3107059179982135	0.30660215792787165	42.06647020792276	0.46824119084551963	2.8219387910649383	0.47993101758289125	0.09575855157716509	0.1631060603931247	365.87475742335073	113.0	3.2378297117110684	-425.4484534757541
4.0	158.0	90.0	2.14198011052249	1.2192423000102657	52.778778960810385	0.35576802752483266	3.8532315371511956	1.012118412247315	0.09575855157716509	0.1631060603931247	365.87475742335073	113.0	3.2378297117110684	-425.4484534757541
4.0	158.0	90.0	1.662194862380535	0.47661497139689335	60.77591233624171	5.199495574991271	8.03119707144902	2.579517913091023	0.09575855157716509	0.1631060603931247	365.87475742335073	113.0	3.2378297117110684	-425.4484534757541
4.0	158.0	90.0	0.5155989854355342	0.1493216621805918	101.9736051337907	0.7534612431663007	2.252034627927614	0.7526673528091132	0.09575855157716509	0.1631060603931247	365.87475742335073	113.0	3.2378297117110684	-425.4484534757541
1.0	168.0	90.0	2.8659916852503344	0.10318756196623997	54.79087785281205	0.28898935300434336	6.950801057905221	0.2889891944378402	0.1269912622999276	0.20449301701297173	330.8050913388066	122.0	2.7115171421213655	-388.25729683000964
1.0	348.0	90.0	3.5426776055587457	0.08561251043780384	45.49042919346717	0.11020071826130384	3.948893192860166	0.11020052102212796	0.08434849094099921	0.11336230428519198	293.2455479604126	122.0	2.4036520324623982	-505.61251909927444
1.0	358.0	90.0	5.1187378415226865	0.10579853922971008	44.842117024798625	0.11017300689570908	4.616043195591966	0.11017292130982319	0.08810228686224829	0.1619456295808965	479.8230912368028	122.0	3.9329761576787114	-433.17622985810783
1.0	368.0	90.0	5.97381315070409	0.13183455266583252	44.94666224041462	0.11703729917829506	4.5925910184367185	0.11703720381214967	0.0895515231015712	0.20342224309490636	717.4586137139485	122.0	5.8808083091307255	-378.8100946277089
2.0	378.0	90.0	5.818233119505434	0.12171044907991968	45.68758258667222	0.09527161133440548	3.934700086383483	0.09756545792197475	0.09762845619446497	0.15929633801626852	424.5617252798	119.0	3.5677455905865547	-416.09174465314703
2.0	378.0	90.0	0.7997152822367796	0.13631860288277886	61.484694577016526	0.618783373186277	3.1212538235872156	0.629910426327095	0.09762845619446497	0.15929633801626852	424.5617252798	119.0	3.5677455905865547	-416.09174465314703
2.0	388.0	90.0	5.275030962997411	0.08660421138620081	46.86182811105066	0.06837460550745193	3.6057098407990686	0.06915783779698666	0.09443648965331349	0.11772912969506635	211.90217528017772	119.0	1.780690548572922	-511.2686957989639
2.0	388.0	90.0	0.8833797050595702	0.0955272189254542	62.512313395981764	0.3701474570969982	2.9583307156818255	0.37360707301679547	0.09443648965331349	0.11772912969506635	211.90217528017772	119.0	1.780690548572922	-511.2686957989639
2.0	398.0	90.0	4.668947412756042	0.08506302770981276	48.23529448227325	0.06613592447125259	2.9984672036047244	0.06831348633012639	0.0981103151510602	0.09554806061226113	157.05292337728653	119.0	1.319772465355349	-539.170189888512
2.0	398.0	90.0	0.8331447179440254	0.07262800042374548	62.49606483236725	0.43460421498247337	4.219853013299831	0.4633946493566027	0.0981103151510602	0.09554806061226113	157.05292337728653	119.0	1.319772465355349	-539.170189888512
2.0	408.0	90.0	3.735021462389347	0.19230959328864208	49.03679695063001	0.12367674431315982	2.5653885932019906	0.14389082803347533	0.12666738321890475	0.12686741471825852	176.366569078759	119.0	1.4820720090652018	-460.80444125489447
2.0	408.0	90.0	1.0346727381106189	0.08299243130748306	59.92175337578072	1.0882339364446554	6.297830581652154	1.060661946445984	0.12666738321890475	0.12686741471825852	176.366569078759	119.0	1.4820720090652018	-460.80444125489447
2.0	418.0	90.0	2.7409866286975215	0.40644396275322126	49.66125781224675	0.17688915304216044	2.4216887749509244	0.2726222477933678	0.10843998314980359	0.1417370765752627	232.82809685346047	119.0	1.956538629020676	-464.9294052499977
2.0	418.0	90.0	1.864269291469156	0.11944958088636248	57.11812976609033	1.11794077722979	5.370022696137006	0.7881758794167953	0.10843998314980359	0.1417370765752627	232.82809685346047	119.0	1.956538629020676	-464.9294052499977
1.0	428.0	90.0	3.5257654613851983	0.0931108086787252	54.43926312166571	0.14590911881657403	4.784437679393504	0.14590891741717607	0.09251309325219126	0.1526049204799649	349.3508889985258	122.0	2.8635318770370968	-460.63088740029434
2.0	438.0	90.0	0.6092226161869752	0.11400591177014396	39.348053194121746	0.5842734947244651	2.695008442944952	0.5886429484596767	0.10042989633352511	0.13874703586921583	243.52892081571923	119.0	2.0464615194598257	-478.4967253585311
2.0	438.0	90.0	3.6396713490832506	0.09633023542829579	54.934309249555675	0.115714536144625	3.7871930296655645	0.11695617156990736	0.10042989633352511	0.13874703586921583	243.52892081571923	119.0	2.0464615194598257	-478.4967253585311
2.0	448.0	90.0	0.7755622503072079	0.08418859564800674	41.59190303129751	1.1202305880137493	6.004155225016133	1.1725975772852315	0.08823347833790601	0.13421737206632145	357.4376183959114	119.0	3.0036774655118603	-462.8994498913786
2.0	448.0	90.0	2.8645061957571065	0.12350210279117221	55.1417970992615	0.2101652682487997	3.4108846388141574	0.1977894959933099	0.08823347833790601	0.13421737206632145	357.4376183959114	119.0	3.0036774655118603	-462.8994498913786
1.0	488.0	90.0	3.098357232899563	0.0762210571960172	54.27186663816097	0.1980520198055619	6.971942340345242	0.19805196750429044	0.15562389251907457	0.13715669872856423	120.55163831628444	122.0	0.9881281829203643	-463.60772483555223
1.0	498.0	90.0	4.093774840582052	0.08273253806061333	55.3944939538406	0.13745523871529614	5.890618831295199	0.13745532136862118	0.11601876127735791	0.14563603238967374	215.9018718174145	122.0	1.7696874739132336	-464.1870576989569
1.0	508.0	90.0	5.026398668841529	0.11196571958823656	55.66865660626294	0.1237901905744437	4.8125223241250525	0.12379011410689814	0.1177494505924458	0.18630803496385592	313.65287918655304	122.0	2.5709252392340414	-413.8024083927272
1.0	518.0	90.0	6.043928283511512	0.1104986873633107	55.73927361372054	0.10918809647209382	5.171704904914968	0.10918796665613209	0.13357495192510743	0.19039652938983065	255.11402210539265	122.0	2.091098541847481	-408.09852358346814
1.0	528.0	90.0	5.975263150472102	0.09154142972922165	55.70429170128601	0.10361308558403055	5.85704444749204	0.10361306611241221	0.12539737673542592	0.16815008343425353	224.98551355363648	122.0	1.8441435537183317	-439.60160771642603
1.0	538.0	90.0	4.744787472245328	0.0938652814961421	55.281838040850424	0.1356566203620103	5.9384920016762495	0.13565659252761356	0.07557176385411944	0.13876197880917457	660.3670050009246	122.0	5.412844303286267	-431.60788846991215
2.0	548.0	90.0	3.0950248000844662	0.05697595273552482	54.479168156890985	0.13551815990520583	6.3745047071851255	0.13560096976717756	0.0896666097529452	0.10277046742128171	180.90526445153984	119.0	1.520212306315461	-543.9948717715922
2.0	548.0	90.0	0.4529727262743865	0.044043078804738844	102.1419718212516	1.1980182562189756	10.667744355782425	1.1991052635111934	0.0896666097529452	0.10277046742128171	180.90526445153984	119.0	1.520212306315461	-543.9948717715922
3.0	818.0	90.0	0.6808102580413063	0.09578681790921288	45.410249985314536	0.3750712988350041	2.3077462272744698	0.37514661024916457	0.09078939730966443	0.10693051241719576	176.0822780240089	116.0	1.5179506726207663	-537.4082704275601
3.0	818.0	90.0	1.0388671142339045	0.10753690841185556	58.084538922208516	0.21673758056765	1.7739396422280453	0.20789082833675013	0.09078939730966443	0.10693051241719576	176.0822780240089	116.0	1.5179506726207663	-537.4082704275601
3.0	818.0	90.0	1.5455952455965059	0.05045834134892201	93.27690516714478	0.3135575933433306	8.31787172031379	0.3135621521174747	0.09078939730966443	0.10693051241719576	176.0822780240089	116.0	1.5179506726207663	-537.4082704275601
3.0	828.0	90.0	1.2160611242773403	0.08735050885577636	47.343335757943805	0.29359148805304747	3.2194587917692497	0.3219340143459639	0.08949873035362049	0.11003981093276571	199.3209171178403	116.0	1.718283768257244	-525.4921878907357
3.0	828.0	90.0	1.4981919587388257	0.10044453680621863	57.17639556354499	0.20600943152832865	2.326510192054772	0.2122430696817788	0.08949873035362049	0.11003981093276571	199.3209171178403	116.0	1.718283768257244	-525.4921878907357
3.0	828.0	90.0	2.5593349720854937	0.054092969356255155	91.18095455367101	0.19430481414441547	7.961692048070793	0.19431321885204358	0.08949873035362049	0.11003981093276571	199.3209171178403	116.0	1.718283768257244	-525.4921878907357
4.0	838.0	90.0	1.6309296397396413	0.07407621627463386	49.75488789237961	0.5830903268592005	4.107879701678868	0.4624093117115465	0.09965866785631021	0.09374549411702861	111.38561979759615	113.0	0.9857134495362491	-564.1297870322882
4.0	838.0	90.0	1.438056448778066	0.20786695316267828	57.036672776519374	0.31365150586040014	2.3356812090141057	0.2913116816103403	0.09965866785631021	0.09374549411702861	111.38561979759615	113.0	0.9857134495362491	-564.1297870322882
4.0	838.0	90.0	0.7621140379018476	0.13865123448668992	75.66299997245015	2.8258753045061495	6.922047005797174	1.83561796177974	0.09965866785631021	0.09374549411702861	111.38561979759615	113.0	0.9857134495362491	-564.1297870322882
4.0	838.0	90.0	2.6782620514189244	0.1786914308217444	90.515443207707	0.7515696978557653	6.513357643984457	0.4164770093383239	0.09965866785631021	0.09374549411702861	111.38561979759615	113.0	0.9857134495362491	-564.1297870322882
2.0	848.0	90.0	1.8075820159777507	0.07682738239971901	54.60077342022357	0.23780160512962156	4.841698669190042	0.23841387578590711	0.11275874891662582	0.12053420544006953	157.8582178790466	119.0	1.3265396460424084	-503.74137035936894
2.0	848.0	90.0	1.7935235792567394	0.06169622896554399	86.50441024329366	0.29844362212404796	7.516255289278119	0.29958795078277844	0.11275874891662582	0.12053420544006953	157.8582178790466	119.0	1.3265396460424084	-503.74137035936894
2.0	18.0	100.0	1.3065066358644188	0.2352144768055157	21.217982320170083	0.7477786812163615	2.936413027190535	0.6347349973027522	0.1920310142114164	0.20532005025343442	142.9673766805151	119.0	1.2014065267270175	-383.024891026571
2.0	18.0	100.0	1.7431645236028959	0.13149028666289464	31.163576322399365	0.8436730235686297	4.715751322201427	0.7769912671824413	0.1920310142114164	0.20532005025343442	142.9673766805151	119.0	1.2014065267270175	-383.024891026571
1.0	58.0	100.0	2.939463419644143	0.19495680318240644	30.103137821884324	0.25159547454711323	3.2859124283905734	0.25159705581252684	0.17532760401700762	0.21471030114886133	292.80854676328363	122.0	2.400070055436751	-322.87410377335914
1.0	68.0	100.0	3.168694250680305	0.12112911931960908	29.960673954653792	0.1935170644325196	4.383736164116023	0.19351674321012602	0.1535821950808584	0.18711762600637905	196.56135770356434	122.0	1.6111586697013471	-405.79723333114003
1.0	78.0	100.0	4.237817418995774	0.13041657288074032	29.22135053154975	0.1925516255041366	5.418012539479628	0.19255133147207568	0.1576016767580796	0.2207467520183305	267.4415772189257	122.0	2.192144075564965	-360.8476902892017
2.0	88.0	100.0	2.161193386814395	0.29379028668014967	25.924947707463602	0.33072689670178584	3.6183602360096856	0.4688693006038226	0.1700959210468572	0.15269424979028262	151.16937590203028	119.0	1.2703308899330277	-406.3754297944298
2.0	88.0	100.0	2.729033938900391	0.19938145291753062	33.352400369566915	0.8601009043927889	8.976239442570687	0.42493988625782925	0.1700959210468572	0.15269424979028262	151.16937590203028	119.0	1.2703308899330277	-406.3754297944298
4.0	98.0	100.0	1.8985821278686024	0.33434111232247976	14.952210653784503	2.2180707039300676	5.485440884258145	1.1812033149563457	0.1259274380959963	0.13063228571699728	143.06067494500732	113.0	1.266023672079711	-474.35725431521627
4.0	98.0	100.0	3.194326529885472	0.638245609645463	24.16088112694812	0.6104795982117903	3.9132548588636276	0.638399254579376	0.1259274380959963	0.13063228571699728	143.06067494500732	113.0	1.266023672079711	-474.35725431521627
4.0	98.0	100.0	1.8609986343833385	0.4149302344986794	33.428218972551754	0.3888407644937645	2.6197257277733126	0.47777011173140793	0.1259274380959963	0.13063228571699728	143.06067494500732	113.0	1.266023672079711	-474.35725431521627
4.0	98.0	100.0	2.8512035289006543	0.10703668037973219	41.64264434917294	0.8685953668625557	6.88509363757828	0.6085954080353848	0.1259274380959963	0.13063228571699728	143.06067494500732	113.0	1.266023672079711	-474.35725431521627
3.0	108.0	100.0	4.435149504195222	0.08744771253453255	18.058018234910072	0.22012616845002	6.4214385585450495	0.2076235687243725	0.13595479724203452	0.14949392750818077	170.99511911109386	116.0	1.4740958544059815	-440.1278285894788
3.0	108.0	100.0	2.8458843062353845	0.18285197383957888	42.35491232300646	0.729199948681578	8.860307505166341	0.480052733214002	0.13595479724203452	0.14949392750818077	170.99511911109386	116.0	1.4740958544059815	-440.1278285894788
3.0	108.0	100.0	1.147040070849914	0.23122437163838078	48.655848701449685	0.48674604327963816	3.0426697509129443	0.644456997151125	0.13595479724203452	0.14949392750818077	170.99511911109386	116.0	1.4740958544059815	-440.1278285894788
4.0	118.0	100.0	4.035193247004461	0.07747618637365562	18.045071049751904	0.1363508319837943	6.057272409181263	0.14508277873823444	0.15901342099097607	0.11422263470683673	92.74066153716134	113.0	0.8207138189129323	-470.2192942481487
4.0	118.0	100.0	1.4329774192855749	0.1599374747458737	37.504328397738945	0.6383991488545474	3.5000359066492823	0.5240406695638565	0.15901342099097607	0.11422263470683673	92.74066153716134	113.0	0.8207138189129323	-470.2192942481487
4.0	118.0	100.0	3.7307702165877594	0.09344175733312049	48.9588687364762	0.28137022701452613	5.006200501808042	0.4086651322255463	0.15901342099097607	0.11422263470683673	92.74066153716134	113.0	0.8207138189129323	-470.2192942481487
4.0	118.0	100.0	0.8703284050816669	0.1109701568446098	62.399855096260545	0.6476304702398394	3.1843629308260937	0.6094081067938553	0.15901342099097607	0.11422263470683673	92.74066153716134	113.0	0.8207138189129323	-470.2192942481487
3.0	128.0	100.0	1.7610433629796245	0.05806981679127237	18.98352836706577	0.2457989306110031	6.360682448567691	0.2539343768546644	0.09943918409374723	0.10706800800946943	146.5174909005597	116.0	1.2630818181082732	-537.6331573345682
3.0	128.0	100.0	2.561515620598739	0.05733054523550282	48.52465003717541	0.22920721161754617	7.201746059844371	0.26898857566334805	0.09943918409374723	0.10706800800946943	146.5174909005597	116.0	1.2630818181082732	-537.6331573345682
3.0	128.0	100.0	0.7363977834085534	0.08894903880487173	64.29393829502607	0.4962338863332415	3.239583001809617	0.5028890805701057	0.09943918409374723	0.10706800800946943	146.5174909005597	116.0	1.2630818181082732	-537.6331573345682
2.0	158.0	100.0	0.898128188579813	0.2081589602664823	42.547762581724925	0.4862820660745267	2.0654357812415185	0.6022993980999388	0.25446068599780713	0.16861808982974874	73.3203824705945	119.0	0.6161376678201218	-396.12475542289656
2.0	158.0	100.0	2.6794370622823513	0.08212720234844942	56.637171031415456	0.5030979470910805	10.23985903161012	0.48385015125868647	0.25446068599780713	0.16861808982974874	73.3203824705945	119.0	0.6161376678201218	-396.12475542289656
1.0	348.0	100.0	3.244027715682308	0.06469229581473601	45.685215811785646	0.07977154264049695	3.464291244637783	0.07977156164110297	0.08762331202570302	0.09074715472185756	136.11036084233064	122.0	1.1156586954289396	-592.0330123387854
1.0	358.0	100.0	5.6749343937817045	0.10761253097956265	44.901007401498056	0.0833289857838257	3.805376287010267	0.0833288610886358	0.08871401996090947	0.1585254761275762	403.6178546154117	122.0	3.308343070618129	-453.0649868555866
1.0	368.0	100.0	7.511567969090574	0.15160790158454782	44.719136111869034	0.09110685050586863	3.909103944868379	0.09110678645779813	0.08762632567774255	0.22304083597640312	843.4784816930056	122.0	6.913758046663981	-364.0158694853589
2.0	378.0	100.0	6.82025616459077	0.14166407480011606	45.07018412383727	0.09158324144200877	3.8198548448081313	0.09220797649952255	0.09178172840659643	0.19841187170784408	637.3866303302544	119.0	5.356190170842474	-380.74080898359364
2.0	378.0	100.0	0.848711312323899	0.17019002291846974	61.122392177879505	0.6124081845572671	2.643699277517468	0.6153628152480786	0.09178172840659643	0.19841187170784408	637.3866303302544	119.0	5.356190170842474	-380.74080898359364
3.0	388.0	100.0	5.673334076385504	0.105888587380694	46.00717419965445	0.07938985088214498	3.680124865671151	0.08046769916254756	0.07722174652506097	0.14253461923801564	470.8968845988363	116.0	4.059455901714106	-454.9126498185052
3.0	388.0	100.0	0.9653016151110411	0.11177415556805927	62.38317355866366	0.44206320397548443	3.2980047840134663	0.4474037531326553	0.07722174652506097	0.14253461923801564	470.8968845988363	116.0	4.059455901714106	-454.9126498185052
3.0	388.0	100.0	0.2260871069884002	0.08017591122954718	176.4691588530163	2.610066334440223	6.373697790605506	2.6100772939650736	0.07722174652506097	0.14253461923801564	470.8968845988363	116.0	4.059455901714106	-454.9126498185052
2.0	398.0	100.0	4.858479264457938	0.09869718046685047	47.31373610393493	0.08115644929421835	3.4291176018226794	0.08305375273628617	0.07578577818333121	0.10391811441281674	404.7312878494366	119.0	3.401103259238963	-485.3855894543232
2.0	398.0	100.0	0.983707446858929	0.09203492662424959	63.5428447668294	0.4298433799167111	3.9597142523494337	0.4419912779848137	0.07578577818333121	0.10391811441281674	404.7312878494366	119.0	3.401103259238963	-485.3855894543232
2.0	408.0	100.0	3.811276703407433	0.1894418190298123	48.60758790506381	0.11122429825829842	2.7746344115329937	0.15953859395726247	0.1088258867377211	0.13551462091103586	261.415101018899	119.0	2.196765554780664	-449.56516741568174
2.0	408.0	100.0	0.8693509748973042	0.07155098369858966	61.252670316044686	1.6775837675285254	9.242496493771041	1.4589572231105419	0.1088258867377211	0.13551462091103586	261.415101018899	119.0	2.196765554780664	-449.56516741568174
2.0	418.0	100.0	3.1299857042646995	0.34362159837492545	49.3974557245387	0.15905499287811545	2.5336260598123226	0.26004176210255375	0.09665017219994024	0.16794835033952993	428.41825605450396	119.0	3.6001534122227223	-417.47918164539254
2.0	418.0	100.0	1.507440634786402	0.11111123422300011	58.1671755242937	1.4002106323931487	6.620636613704071	1.041368632377136	0.09665017219994024	0.16794835033952993	428.41825605450396	119.0	3.6001534122227223	-417.47918164539254
2.0	428.0	100.0	3.212649991685367	0.14142693292725045	53.15219144386421	0.18412458972343185	4.932484711272106	0.24559074919070487	0.08341507520136333	0.1548380415721025	443.0038873768225	119.0	3.7227217426623738	-450.1115916510682
2.0	428.0	100.0	0.3900844470364287	0.056361558791124	76.02714933905388	4.528534255661941	14.68402379614618	4.3262198544517565	0.08341507520136333	0.1548380415721025	443.0038873768225	119.0	3.7227217426623738	-450.1115916510682
2.0	438.0	100.0	3.2694514235569643	0.06197003705412964	54.40015650635413	0.09444982904687767	4.315444707385215	0.09445034908407414	0.0944393955122677	0.09654584894926242	130.64168943811143	119.0	1.0978293230093397	-571.7192970683391
2.0	438.0	100.0	0.44211258691018124	0.07513814985028407	78.71020071583023	0.5761705735662126	2.934234992984136	0.5761615936893275	0.0944393955122677	0.09654584894926242	130.64168943811143	119.0	1.0978293230093397	-571.7192970683391
1.0	448.0	100.0	2.539903981315442	0.0871677430305701	54.87858009264711	0.15122476917437852	3.815794200640089	0.15122452129357664	0.09771849444725082	0.12929659621155615	218.8651425827045	122.0	1.793976578546758	-505.39835793525015
1.0	478.0	100.0	2.6907801791403507	0.07910730588795192	53.016633586105065	0.20713689368480293	6.101576684158818	0.20713685241445706	0.0954672432872285	0.14741340767951097	301.98481406566134	122.0	2.4752853611939454	-470.9851488583529
2.0	488.0	100.0	3.465596875741855	0.1644417926998585	52.8683044684874	0.4228940630321521	3.8551195059473757	0.28472073747451865	0.11682843486179585	0.12111445114242832	163.92507246212813	119.0	1.3775216173288078	-490.1633689961941
2.0	488.0	100.0	1.5038111307382398	0.16693258242305942	62.08083617760142	0.968725806457384	3.8315628251359444	0.6503062115907006	0.11682843486179585	0.12111445114242832	163.92507246212813	119.0	1.3775216173288078	-490.1633689961941
1.0	498.0	100.0	3.8438970039121476	0.11117022246281817	56.00582926274063	0.1813695181932413	5.4304857019357025	0.18136928752549536	0.10464497475752825	0.19446653597553432	441.7928958451828	122.0	3.621253244632646	-400.47952849882455
1.0	508.0	100.0	4.257201542406549	0.12634031054783154	55.839435992654366	0.16827317845163428	4.909899515754525	0.16827283023998696	0.09760203938069835	0.21202796207823696	593.0468527231637	122.0	4.861039776419375	-381.0942640936471
3.0	518.0	100.0	5.080945120408042	0.14400522528921705	53.95573535283426	0.16861837568303714	4.295354640959493	0.12461528880623175	0.11342001713259034	0.10020553353807847	117.3102452873805	116.0	1.0112952179946595	-532.5355843008616
3.0	518.0	100.0	1.0690307909417598	0.06799374761531012	66.75913194243746	1.1796648614052898	6.245339224019318	0.9876239123277426	0.11342001713259034	0.10020553353807847	117.3102452873805	116.0	1.0112952179946595	-532.5355843008616
3.0	518.0	100.0	0.7696424982668953	0.10576111723324488	85.49018767322687	0.31850985824155664	1.974337244361764	0.3215955727050393	0.11342001713259034	0.10020553353807847	117.3102452873805	116.0	1.0112952179946595	-532.5355843008616
3.0	528.0	100.0	5.0796849883759005	0.10576646249613098	53.41093412705616	0.19169058662851432	4.706861569793556	0.14928536683769353	0.12476145524964966	0.10862186250828447	125.60176489523816	116.0	1.0827738353037772	-500.17239229478446
3.0	528.0	100.0	0.8640326189787818	0.07655753789463457	67.19230277629332	1.3243097147941567	5.777253362280485	1.1296193931125256	0.12476145524964966	0.10862186250828447	125.60176489523816	116.0	1.0827738353037772	-500.17239229478446
3.0	528.0	100.0	0.7097155121296067	0.13034267143433076	86.85908109980525	0.3620968160461052	1.7484550277808792	0.3813225236769216	0.12476145524964966	0.10862186250828447	125.60176489523816	116.0	1.0827738353037772	-500.17239229478446
2.0	538.0	100.0	3.6777406002926036	0.0737571399357701	53.05730765319082	0.1744032365138661	5.180976893295672	0.17971545595569688	0.08645611912297552	0.11429560048506988	253.849240612145	119.0	2.133186895900378	-510.7643558019971
2.0	538.0	100.0	0.3684558244975938	0.08122788379849383	67.55693559386118	1.5764088032669683	4.249627083630588	1.5153560918067068	0.08645611912297552	0.11429560048506988	253.849240612145	119.0	2.133186895900378	-510.7643558019971
1.0	548.0	100.0	2.4568900299823033	0.07446797134538224	50.90724180382494	0.1768378711076847	5.0520923945994145	0.17683754967920742	0.08462031833666506	0.12173239705454998	282.0385025736081	122.0	2.311791004701706	-509.67898565236726
4.0	568.0	100.0	0.8866784508761829	0.13378859399790732	40.86929950125461	0.47709284805221175	2.2103360177450933	0.47677263286452903	0.08930460136088124	0.13853134192186828	325.4944300114446	113.0	2.880481681517209	-457.51090055919997
4.0	568.0	100.0	2.584143202515095	0.11261255972088627	49.895033295745684	0.19678574079638642	3.2659654080405947	0.21587049183692994	0.08930460136088124	0.13853134192186828	325.4944300114446	113.0	2.880481681517209	-457.51090055919997
4.0	568.0	100.0	0.41102093590973227	0.12119996021609633	91.53765630902068	1.1215957887999972	2.760107292124317	1.2071827669064765	0.08930460136088124	0.13853134192186828	325.4944300114446	113.0	2.880481681517209	-457.51090055919997
4.0	568.0	100.0	0.424926489392359	0.12742998395970606	100.3678765631768	1.0278613285754317	2.4370928172925455	1.0699794518020505	0.08930460136088124	0.13853134192186828	325.4944300114446	113.0	2.880481681517209	-457.51090055919997
4.0	798.0	100.0	0.8398219833913199	0.08643046110061547	46.71610995875828	0.43479412511373156	3.61459117946249	0.4533814232392199	0.1225306461218116	0.116160394259941	117.54993722558754	113.0	1.0402649311998897	-505.74412472229216
4.0	798.0	100.0	1.0836994379063167	0.09280461817267997	60.79550552903143	0.3137649611887371	3.112744073238786	0.3243811541295586	0.1225306461218116	0.116160394259941	117.54993722558754	113.0	1.0402649311998897	-505.74412472229216
4.0	798.0	100.0	0.8092798210735158	0.10289517646352002	88.64037821194529	0.38545201633748993	2.5019490194005023	0.39279608947500355	0.1225306461218116	0.116160394259941	117.54993722558754	113.0	1.0402649311998897	-505.74412472229216
4.0	798.0	100.0	2.054741220079395	0.07822779310256112	102.40510073384125	0.20031789822228466	4.479527489958369	0.21377393739742148	0.1225306461218116	0.116160394259941	117.54993722558754	113.0	1.0402649311998897	-505.74412472229216
4.0	808.0	100.0	0.9178655895513212	0.09810677729560564	45.75494391384852	0.3296883709424059	2.6712824951699132	0.32975369033484025	0.10389027987322813	0.11710735823547018	159.02089259421322	113.0	1.4072645362319753	-509.2290381744302
4.0	808.0	100.0	0.5893969465311315	0.10295678218511557	60.756979698304654	0.4891608823787664	2.426902122247105	0.48934070042210553	0.10389027987322813	0.11710735823547018	159.02089259421322	113.0	1.4072645362319753	-509.2290381744302
4.0	808.0	100.0	1.348025515445708	0.09125762725021874	89.44906072539952	0.3769002860205906	3.422780236719851	0.35227193822892555	0.10389027987322813	0.11710735823547018	159.02089259421322	113.0	1.4072645362319753	-509.2290381744302
4.0	808.0	100.0	2.1134063857794785	0.07472361874704192	101.91569298570789	0.2920714257192718	4.879306817333147	0.3040172311431202	0.10389027987322813	0.11710735823547018	159.02089259421322	113.0	1.4072645362319753	-509.2290381744302
5.0	818.0	100.0	0.2578863273204278	0.06646046338914173	32.452235901154026	3.1164703929964306	7.463540790298945	3.3274373260720833	0.08532606167695847	0.12470070071423468	272.2493137249228	110.0	2.4749937611356616	-483.6146026871409
5.0	818.0	100.0	0.8937602281781805	0.14292797460358553	45.21371461230205	0.3596982301501957	2.2255230699162434	0.4344171612999841	0.08532606167695847	0.12470070071423468	272.2493137249228	110.0	2.4749937611356616	-483.6146026871409
5.0	818.0	100.0	0.4784377120324637	0.12028453857388643	58.948435491421655	0.6138640088088271	2.1135653558786864	0.6168803503810723	0.08532606167695847	0.12470070071423468	272.2493137249228	110.0	2.4749937611356616	-483.6146026871409
5.0	818.0	100.0	2.128928519323763	0.07083646381092185	94.00232997076749	0.48944405080848513	9.47269060405608	0.33933419208013554	0.08532606167695847	0.12470070071423468	272.2493137249228	110.0	2.4749937611356616	-483.6146026871409
5.0	818.0	100.0	0.651754155317194	0.14238547212615685	102.83797434767202	0.5145357483137062	2.4173267468308945	0.6538963721001402	0.08532606167695847	0.12470070071423468	272.2493137249228	110.0	2.4749937611356616	-483.6146026871409
5.0	828.0	100.0	0.866372512437169	0.08713627926529512	45.459836663397	0.38137567061289473	3.2864831202632203	0.3855461340258896	0.07222881043643994	0.09682324067418863	308.9014775082182	110.0	2.8081952500747107	-509.48681859825473
5.0	828.0	100.0	0.7726372897665461	0.11888823172071215	57.583425464902646	0.3220975876708664	1.7564610203188744	0.3247592748237974	0.07222881043643994	0.09682324067418863	308.9014775082182	110.0	2.8081952500747107	-509.48681859825473
5.0	828.0	100.0	0.6879848251319175	0.178518369109206	76.37746700177169	4.590745637774478	6.505092681097943	2.796885954251315	0.07222881043643994	0.09682324067418863	308.9014775082182	110.0	2.8081952500747107	-509.48681859825473
5.0	828.0	100.0	1.4618443813254853	0.785310431873014	87.72444364576266	1.2524125524136631	4.451535980674658	1.4229026470560335	0.07222881043643994	0.09682324067418863	308.9014775082182	110.0	2.8081952500747107	-509.48681859825473
5.0	828.0	100.0	2.370269679006267	0.27983430588870245	98.04400757273356	1.5871456570213833	6.028638568404629	0.8379565944609533	0.07222881043643994	0.09682324067418863	308.9014775082182	110.0	2.8081952500747107	-509.48681859825473
5.0	838.0	100.0	0.9046791640058935	0.05852513739331116	48.511560597388026	0.24131458964680302	2.8735351519871655	0.2641105679363427	0.08958310161434241	0.06968211062066106	75.64071319719865	110.0	0.6876428472472604	-631.5333570757981
5.0	838.0	100.0	0.7696048694694307	0.06571850238949022	57.36162280358602	0.251814681140307	2.1865549867397904	0.26399329136799027	0.08958310161434241	0.06968211062066106	75.64071319719865	110.0	0.6876428472472604	-631.5333570757981
5.0	838.0	100.0	0.6437720645174976	0.09883906338325425	73.66753229667415	0.8097382890387474	4.74345585259136	0.6650068751265741	0.08958310161434241	0.06968211062066106	75.64071319719865	110.0	0.6876428472472604	-631.5333570757981
5.0	838.0	100.0	2.3853676842032483	0.05842344434300424	89.62951036945778	0.6436207725445874	7.912951915003697	0.6058582554916885	0.08958310161434241	0.06968211062066106	75.64071319719865	110.0	0.6876428472472604	-631.5333570757981
5.0	838.0	100.0	0.863482466410832	0.20263218585355644	99.53502005126354	0.35175161419310563	3.4392477839661595	0.5779238939255625	0.08958310161434241	0.06968211062066106	75.64071319719865	110.0	0.6876428472472604	-631.5333570757981
4.0	848.0	100.0	0.6476827836586342	0.09063473483629102	49.327108996266425	0.8121510226090313	2.596576017665071	0.70162999370548	0.10941471576624016	0.08892113435817169	103.57113168395287	113.0	0.9165586874686095	-549.8736441245903
4.0	848.0	100.0	0.534948853801354	0.1016101062698892	56.71083425607316	0.9601195613300539	2.6579690275335373	1.0168471730351984	0.10941471576624016	0.08892113435817169	103.57113168395287	113.0	0.9165586874686095	-549.8736441245903
4.0	848.0	100.0	0.8410638258413656	1.494863638495342	79.21088307428548	21.968454064744886	8.758510873662022	8.619220952354315	0.10941471576624016	0.08892113435817169	103.57113168395287	113.0	0.9165586874686095	-549.8736441245903
4.0	848.0	100.0	1.4297649826962244	2.494836050262589	90.07283224224562	4.827715767483815	6.902094608366448	1.9845506079748896	0.10941471576624016	0.08892113435817169	103.57113168395287	113.0	0.9165586874686095	-549.8736441245903
3.0	8.0	110.0	1.3256510368687304	0.06514840561520092	29.232838055418977	0.790963601021476	13.882558995928186	0.8274797635233482	0.09450237590000411	0.15436670396606225	440.75390553750117	116.0	3.7996026339439757	-412.6957402268423
3.0	8.0	110.0	0.4398015615126265	0.10848977952967258	68.18369355216369	1.5182537480616523	4.929691718102953	1.596002405301873	0.09450237590000411	0.15436670396606225	440.75390553750117	116.0	3.7996026339439757	-412.6957402268423
3.0	8.0	110.0	0.45022038048209995	0.0925173568363914	91.09581479424072	1.7157133974357068	6.985470567239744	1.8474820722978857	0.09450237590000411	0.15436670396606225	440.75390553750117	116.0	3.7996026339439757	-412.6957402268423
1.0	18.0	110.0	2.2166030337968934	0.1512475698458873	29.40226098538169	0.573584655760229	7.2806033862049055	0.5735851062055269	0.281064970144827	0.2671262051262611	151.95596429472445	122.0	1.2455406909403643	-286.88272735052635
1.0	58.0	110.0	2.4742351918307697	0.11712589818856672	29.701431145717123	0.26922688144523327	4.92593284151563	0.2692273982526273	0.1779820360807418	0.17687430049815772	153.75217304478235	122.0	1.2602637134818226	-399.6396258057732
1.0	68.0	110.0	3.304420904751648	0.10176088025000016	28.724258203061012	0.2080310929622557	5.849596658517993	0.20803081016335076	0.12370754737613895	0.18486355472842342	285.32537564997125	122.0	2.3387325872948463	-413.2941893855759
2.0	78.0	110.0	2.6672575071845954	0.26332035005363263	25.44650986362112	0.24802472369951592	4.00459667208745	0.3431521605221062	0.12929325877154818	0.145971208691792	164.07936346545657	119.0	1.378818180381988	-464.70160618867527
2.0	78.0	110.0	2.0547674645203284	0.2153357602295526	31.84862847607443	0.9481367484071077	9.113427946381872	0.4448275806254295	0.12929325877154818	0.145971208691792	164.07936346545657	119.0	1.378818180381988	-464.70160618867527
4.0	88.0	110.0	1.2158687391228653	0.3606412625442218	15.678305057610952	2.15670360904878	5.6217805451563185	1.3600400254636844	0.14444837084571208	0.11323957715182824	119.95730351748183	113.0	1.0615690576768304	-462.069801061141
4.0	88.0	110.0	2.7236108282615805	0.6802115050137612	24.3295191256755	0.3324489387625863	2.8664088409194077	0.41650869164726884	0.14444837084571208	0.11323957715182824	119.95730351748183	113.0	1.0615690576768304	-462.069801061141
4.0	88.0	110.0	1.1255067480571812	0.5149506579978915	32.06085426123786	0.45215171935760434	2.123665073176182	0.6831414032104629	0.14444837084571208	0.11323957715182824	119.95730351748183	113.0	1.0615690576768304	-462.069801061141
4.0	88.0	110.0	2.2683585962634076	0.3080775896104189	35.73156594756204	3.0808544602249874	9.216828780276366	1.6072388934149144	0.14444837084571208	0.11323957715182824	119.95730351748183	113.0	1.0615690576768304	-462.069801061141
3.0	98.0	110.0	2.7200069191699607	0.16427983251330536	17.231861727789003	1.0185693002320908	7.301486615667377	0.5607638578428769	0.10908588134378026	0.10951981082463637	130.32692408516692	116.0	1.123507966251439	-529.1231891722393
3.0	98.0	110.0	2.0563803283878603	0.28003166721392847	23.52895337440852	0.1601194101107613	2.495586035486479	0.2813677695164026	0.10908588134378026	0.10951981082463637	130.32692408516692	116.0	1.123507966251439	-529.1231891722393
3.0	98.0	110.0	3.0672999956159064	0.07274727419446485	38.992215039138266	0.5567712439058551	8.463513997979017	0.40245635063741775	0.10908588134378026	0.10951981082463637	130.32692408516692	116.0	1.123507966251439	-529.1231891722393
3.0	108.0	110.0	4.787285533473642	0.11551776928126811	16.208133469597552	0.4388272935584772	6.016920433766599	0.2718818083192296	0.11092139141223069	0.09041687295230987	93.11689228175136	116.0	0.802731830015098	-566.9754270078247
3.0	108.0	110.0	1.8260025753839335	0.3665832392417378	23.87843672105631	0.21453061307467486	2.8621503331419405	0.35418852270999956	0.11092139141223069	0.09041687295230987	93.11689228175136	116.0	0.802731830015098	-566.9754270078247
3.0	108.0	110.0	2.6542938796100577	0.04780411154930912	42.81762736710585	0.18070168619300742	7.742913536553251	0.19489703343553486	0.11092139141223069	0.09041687295230987	93.11689228175136	116.0	0.802731830015098	-566.9754270078247
3.0	118.0	110.0	5.027970111200758	0.0769906513929693	16.472886302134985	0.10088405672207683	5.672189375258489	0.10267204331739305	0.12822522798256292	0.11277968828623004	139.05634336452246	116.0	1.1987615807286418	-480.60584183327757
3.0	118.0	110.0	1.7146610351432388	0.0720271888947054	44.98615587099422	0.3396372860977032	6.843232701494115	0.37877382501342655	0.12822522798256292	0.11277968828623004	139.05634336452246	116.0	1.1987615807286418	-480.60584183327757
3.0	118.0	110.0	0.4854274054995461	0.1139154516502851	62.48325733305314	0.7406906554875716	2.6080851385350945	0.753142117866856	0.12822522798256292	0.11277968828623004	139.05634336452246	116.0	1.1987615807286418	-480.60584183327757
3.0	128.0	110.0	3.390663539385859	0.09001662112828737	16.491043435631173	0.1540249332484149	5.019303740375232	0.15490409077741038	0.11880474652199624	0.14172114032925284	196.9564495531281	116.0	1.6979004271821387	-456.1696500071302
3.0	128.0	110.0	1.285686679168244	0.08190832878765664	44.936452409895686	0.4852106795559315	6.386772406371145	0.5330818092542986	0.11880474652199624	0.14172114032925284	196.9564495531281	116.0	1.6979004271821387	-456.1696500071302
3.0	128.0	110.0	0.7948163053742007	0.11790372886748275	62.145530819096855	0.5381481329812086	2.9386474204091924	0.5454307529614195	0.11880474652199624	0.14172114032925284	196.9564495531281	116.0	1.6979004271821387	-456.1696500071302
1.0	358.0	110.0	4.719217065608106	0.09221045420323061	45.05002916942161	0.08299522583221877	3.6781909918432634	0.08299503741323072	0.08862931896777358	0.13354463559468918	286.9983746230789	122.0	2.3524456936317946	-495.92778867499874
3.0	368.0	110.0	7.134357185389301	0.09622125749430283	44.45768256402132	0.0576742390028512	3.70382408752317	0.057726984501414676	0.07842302157443938	0.13609724426426445	381.9315188284066	116.0	3.2925130933483326	-477.22827251464736
3.0	368.0	110.0	0.4658140391203109	0.11671392424342025	61.77194702605411	0.7282085622413232	2.5156008600040667	0.7286496390034396	0.07842302157443938	0.13609724426426445	381.9315188284066	116.0	3.2925130933483326	-477.22827251464736
3.0	368.0	110.0	0.25380389650594226	0.10048625434072259	179.19341880946865	1.551781252576077	3.394214107231071	1.5517799750803116	0.07842302157443938	0.13609724426426445	381.9315188284066	116.0	3.2925130933483326	-477.22827251464736
3.0	378.0	110.0	0.3550261975887412	0.053405726195080744	30.833392221202228	4.375831077674104	9.45404276038784	3.5971986643572116	0.08635595287454896	0.1106871641525157	205.38708336873515	116.0	1.7705783049028891	-530.6813329535136
3.0	378.0	110.0	6.622124179886581	0.17693178976260057	44.610754785666	0.06212281664313981	3.7793153220869096	0.09140582864954369	0.08635595287454896	0.1106871641525157	205.38708336873515	116.0	1.7705783049028891	-530.6813329535136
3.0	378.0	110.0	0.5944338365847482	0.08257496059592617	62.21676141778692	0.538438690010957	3.298579608621572	0.5407328848326167	0.08635595287454896	0.1106871641525157	205.38708336873515	116.0	1.7705783049028891	-530.6813329535136
2.0	388.0	110.0	5.44728243510603	0.08860717785989873	45.5477747235956	0.07627616242352611	4.055515092196565	0.07737258134943589	0.06929956891600274	0.1256128071352421	462.7175402477024	119.0	3.888382691157163	-491.0169006368034
2.0	388.0	110.0	0.7955907310186696	0.0919976332941331	63.77684557447525	0.5030749293926345	3.757393242307896	0.5097328986402399	0.06929956891600274	0.1256128071352421	462.7175402477024	119.0	3.888382691157163	-491.0169006368034
2.0	398.0	110.0	4.88980592213401	0.08021086466719146	46.933393229534126	0.07314296040739424	3.854964215857346	0.07406784677987162	0.08608956209321023	0.108953439635872	233.80836248495535	119.0	1.9647761553357592	-522.1064019808407
2.0	398.0	110.0	0.8384440093334917	0.07919356534207465	65.27033491408447	0.43198532245886884	3.9570181421475743	0.43760256778305523	0.08608956209321023	0.108953439635872	233.80836248495535	119.0	1.9647761553357592	-522.1064019808407
2.0	408.0	110.0	3.9306413521009564	0.10664739343749852	48.32458268459875	0.07712266908464084	3.2459678553948432	0.10636938683211555	0.09275665586265097	0.10460666098371423	162.23866706622476	119.0	1.3633501434136535	-549.1377443734433
2.0	408.0	110.0	0.646462115999038	0.041747192418951286	64.30283040902509	1.5655953980948278	12.088415920617143	1.3666657141547347	0.09275665586265097	0.10460666098371423	162.23866706622476	119.0	1.3633501434136535	-549.1377443734433
3.0	418.0	110.0	3.633826700188521	0.16867599316126855	49.49737317025311	0.13932134624529255	3.1534010644362764	0.15841474451672008	0.08937232767553994	0.13944933201386286	304.8330837569452	116.0	2.6278714116978033	-472.73949935470347
3.0	418.0	110.0	1.2137495219208267	0.20008615196221402	57.63426728574137	0.3296841775047322	1.95019258504459	0.37646466685421764	0.08937232767553994	0.13944933201386286	304.8330837569452	116.0	2.6278714116978033	-472.73949935470347
3.0	418.0	110.0	0.6576437545558405	0.06468249276178592	67.98892409209309	2.474932925721548	9.678380409091075	2.1920406536308135	0.08937232767553994	0.13944933201386286	304.8330837569452	116.0	2.6278714116978033	-472.73949935470347
2.0	428.0	110.0	3.1496136468508427	0.3732142234949961	51.66235242012683	0.3043170112372747	4.430286422308258	0.38510244838243923	0.08143258445001857	0.18592317396371424	653.4837454868033	119.0	5.491460046107591	-407.5325917140333
2.0	428.0	110.0	0.5845812906767842	0.10849628693986908	65.33912675559581	5.726980379847346	9.153731478429053	4.197521918773362	0.08143258445001857	0.18592317396371424	653.4837454868033	119.0	5.491460046107591	-407.5325917140333
1.0	438.0	110.0	3.1896242256301983	0.08350121735056959	53.48459904925519	0.15641033702363158	5.174482211164728	0.15641046569739245	0.07717653034909484	0.14415308457713558	436.5957047740171	122.0	3.5786533178198123	-478.07823619007814
2.0	448.0	110.0	3.201339856758211	34996.3009922353	44.984762952208975	101.39386475707622	0.5492251852960353	1824.929417524514	0.08207356649066143	0.1119058543358279	232.9960970234342	119.0	1.9579503951549093	-534.4844603477192
2.0	448.0	110.0	2.8854324324693987	0.07048475561658228	54.32749753840008	0.15518037416008465	4.864343765002051	0.174670100856037	0.08207356649066143	0.1119058543358279	232.9960970234342	119.0	1.9579503951549093	-534.4844603477192
1.0	458.0	110.0	2.2853100623631613	0.08025306627756043	53.79653070756039	0.22289474950526403	5.497873527926147	0.222895316519566	0.09943057609156039	0.13008759078426274	258.1295456908272	122.0	2.115815948285469	-480.43042193116213
2.0	468.0	110.0	1.120205536057837	0.17764028596844156	52.00338589664335	0.244130555187126	1.4312032931032315	0.2327344956303903	0.08914058250472454	0.12156191292146884	264.92727403897027	119.0	2.2262796137728595	-497.7805781063161
2.0	468.0	110.0	1.6028522668777696	0.1244995536284174	54.44012202835132	0.3826239222298459	6.1629613393668805	0.36436741971799247	0.08914058250472454	0.12156191292146884	264.92727403897027	119.0	2.2262796137728595	-497.7805781063161
2.0	478.0	110.0	3.1523435912416877	0.09553702127328736	52.850073887072085	0.1231052490177159	2.8388612470762427	0.12980514690903663	0.08755039757750406	0.11890292411914005	230.89044033770094	119.0	1.9402558011571507	-519.4696083140311
2.0	478.0	110.0	1.3926484247967534	0.09569997059489659	62.34466952111365	0.27816249886320815	2.8256651393417713	0.2929295161800709	0.08755039757750406	0.11890292411914005	230.89044033770094	119.0	1.9402558011571507	-519.4696083140311
2.0	488.0	110.0	3.47449253947685	0.29435888413953354	52.92462626274175	0.1701904284607561	2.318289862308291	0.18043624474145079	0.10227712211641041	0.15631473245977764	323.0853564274836	119.0	2.7150029951889376	-438.6051006089491
2.0	488.0	110.0	1.6104979687875838	0.10711891407043263	61.08583402970056	0.894122444253191	4.770249407280622	0.773923895854993	0.10227712211641041	0.15631473245977764	323.0853564274836	119.0	2.7150029951889376	-438.6051006089491
2.0	498.0	110.0	3.548354496262152	0.5191405452747688	53.370036187767106	0.19281186836691797	2.353743757975176	0.2654005059840244	0.11487957267206192	0.1886151441253808	377.87227799542865	119.0	3.1753972940792323	-389.9755449197872
2.0	498.0	110.0	1.8312056229891118	0.15077933475153224	60.83633351182763	1.3988066456566965	5.102589374887991	1.0358259822514544	0.11487957267206192	0.1886151441253808	377.87227799542865	119.0	3.1753972940792323	-389.9755449197872
3.0	508.0	110.0	3.736433919999245	0.3952258917048425	53.31833308268403	0.12601625881882866	2.6111468337116013	0.21812091452597193	0.11051814174599257	0.14474097217909745	231.7359604389314	116.0	1.9977237968873396	-453.91807022476127
3.0	508.0	110.0	1.6937927875266523	0.11675967389335637	61.40611887038719	1.3278933375349773	6.105106428402086	0.9591058729084617	0.11051814174599257	0.14474097217909745	231.7359604389314	116.0	1.9977237968873396	-453.91807022476127
3.0	508.0	110.0	0.5950621160293247	0.10823533108590179	82.79254086846481	0.7665694551019542	3.540238496617593	0.782209321178697	0.11051814174599257	0.14474097217909745	231.7359604389314	116.0	1.9977237968873396	-453.91807022476127
3.0	518.0	110.0	3.947129965349899	0.2079984646900228	52.60428180983296	0.09986539781760756	3.379471085239955	0.16769995703517937	0.11631933088675593	0.10966651320081816	138.69684395032553	116.0	1.1956624478476339	-505.29168259235473
3.0	518.0	110.0	1.0039074706892668	0.062095502329943035	65.07258577555119	1.628419604517537	9.139800958792499	1.5544337817479172	0.11631933088675593	0.10966651320081816	138.69684395032553	116.0	1.1956624478476339	-505.29168259235473
3.0	518.0	110.0	0.6053173788489592	0.1152823727320379	85.09950683364124	0.49803908680396286	2.3066566321155797	0.5393654973684335	0.11631933088675593	0.10966651320081816	138.69684395032553	116.0	1.1956624478476339	-505.29168259235473
3.0	528.0	110.0	3.688551341396338	0.0728808112201832	51.61343739402739	0.10212225497557657	4.418353315097491	0.105391995387561	0.10977551934556741	0.10510099389414738	131.5663023511576	116.0	1.1341922616479103	-526.3645670402054
3.0	528.0	110.0	0.7057357963162191	0.07050528543838094	71.20401826563597	0.5540534601564344	4.7634244630068245	0.5797950184495877	0.10977551934556741	0.10510099389414738	131.5663023511576	116.0	1.1341922616479103	-526.3645670402054
3.0	528.0	110.0	0.617773195890981	0.12476824816070212	86.95871418103545	0.3587798269289944	1.6346727854924374	0.40144310003268635	0.10977551934556741	0.10510099389414738	131.5663023511576	116.0	1.1341922616479103	-526.3645670402054
2.0	538.0	110.0	0.6398537158151931	0.11758453759490278	36.25758378497498	0.39798663123261047	1.8287547580036598	0.3921617866029594	0.08745301084195041	0.10703261019492452	236.29741526224146	119.0	1.98569256522892	-516.8543592396256
2.0	538.0	110.0	2.881643630510322	0.07758845997187636	49.8968275007398	0.13478601307521557	4.334204004838279	0.13840454269291808	0.08745301084195041	0.10703261019492452	236.29741526224146	119.0	1.98569256522892	-516.8543592396256
2.0	548.0	110.0	2.539408396545484	0.11971648502140246	48.288434821673285	0.22498983448842266	4.132521393459077	0.22498920958605445	0.05525527580202819	0.18108429508212817	1363.9993705498123	119.0	11.462179584452205	-412.50316901822595
2.0	548.0	110.0	0.3555461601996706	0.1931989194373845	117.62020600922489	0.9964167438442684	1.5198253641423873	0.9349317946525526	0.05525527580202819	0.18108429508212817	1363.9993705498123	119.0	11.462179584452205	-412.50316901822595
1.0	558.0	110.0	2.6574052769929484	0.14042847790225987	47.702252243041464	0.2608499101430159	4.275455127858817	0.2608507406603715	0.08440400380070508	0.2202915261939331	852.971285479222	122.0	6.991567913764115	-371.9835916965866
1.0	568.0	110.0	2.9298610629641852	0.12643805704175204	47.974225685111975	0.2082446573153303	4.178147155007385	0.2082437598323923	0.1083371772994271	0.18889131552895846	410.2587215564639	122.0	3.3627764062005236	-401.06744435051854
2.0	578.0	110.0	2.483318968332306	0.09356601976497958	48.53195494725584	0.18696507733228007	4.297539712146867	0.18700627787519217	0.09309631451622306	0.13344118743051656	305.1657006408095	119.0	2.5644176524437774	-469.2506594654827
2.0	578.0	110.0	0.4737832119044585	0.10985201310589503	70.43844778396527	0.8347345930199938	3.1168364912061595	0.8348758764650875	0.09309631451622306	0.13344118743051656	305.1657006408095	119.0	2.5644176524437774	-469.2506594654827
4.0	798.0	110.0	0.8945570693367687	0.06058149483578808	46.39174886122676	0.368654480348998	4.534736894106137	0.3994070981483744	0.10977869987384462	0.08935606371103993	88.16973470103285	113.0	0.7802631389471933	-569.1677225951128
4.0	798.0	110.0	1.3664900712513484	0.07371503531406258	60.51438884792415	0.19762759096923227	2.942526345658674	0.20308968228168603	0.10977869987384462	0.08935606371103993	88.16973470103285	113.0	0.7802631389471933	-569.1677225951128
4.0	798.0	110.0	0.7700766742728167	0.10974048917189921	87.38588046961044	0.23500252178289543	1.4638986093769972	0.2607495733794156	0.10977869987384462	0.08935606371103993	88.16973470103285	113.0	0.7802631389471933	-569.1677225951128
4.0	798.0	110.0	1.5196212153562536	0.05273288511651158	102.28158415768738	0.23781436265119646	5.900377820323599	0.250824767373244	0.10977869987384462	0.08935606371103993	88.16973470103285	113.0	0.7802631389471933	-569.1677225951128
4.0	808.0	110.0	1.0343542532211216	0.07069491652004482	46.13371837965451	0.2609520854985362	3.3064143394652428	0.2635018060160828	0.08626813860563931	0.09361285524412258	147.46073394732883	113.0	1.3049622473214941	-565.1319972772252
4.0	808.0	110.0	0.8287726791440445	0.07876234666837352	60.53569514146397	0.29231409497523	2.659566539794932	0.2946143987030409	0.08626813860563931	0.09361285524412258	147.46073394732883	113.0	1.3049622473214941	-565.1319972772252
4.0	808.0	110.0	1.1822380414605567	0.08518679529714594	89.16948979533252	0.38147043492804067	3.4475631086655287	0.3370205819473711	0.08626813860563931	0.09361285524412258	147.46073394732883	113.0	1.3049622473214941	-565.1319972772252
4.0	808.0	110.0	2.1637209101207153	0.05676830031619267	101.44191438877624	0.28890600237910014	5.443033964587093	0.2839174425836778	0.08626813860563931	0.09361285524412258	147.46073394732883	113.0	1.3049622473214941	-565.1319972772252
3.0	818.0	110.0	0.8234372211239465	0.07859543435583506	44.816140692504185	0.39119440497554053	3.5503577395187964	0.3911971608813839	0.08842932389700499	0.10956261521327379	192.18021512694983	116.0	1.6567259924737054	-533.0577172532376
3.0	818.0	110.0	1.5450034740316396	0.17081448504461583	89.69135045691503	1.5873275500952213	6.050998812363755	0.9310533950920228	0.08842932389700499	0.10956261521327379	192.18021512694983	116.0	1.6567259924737054	-533.0577172532376
3.0	818.0	110.0	2.2415674074061536	0.28750621100945994	101.29226515600621	0.8146446946698401	4.990213928673356	0.44044355602358515	0.08842932389700499	0.10956261521327379	192.18021512694983	116.0	1.6567259924737054	-533.0577172532376
4.0	828.0	110.0	0.8033704639088484	0.06596066256878519	45.58205704275749	0.40206252368450696	4.24185709681149	0.40211753107538645	0.08303852551250485	0.09683763505656988	178.64596857008794	113.0	1.5809377749565305	-550.6904046286539
4.0	828.0	110.0	0.1556506780037113	4047831.519757846	69.96675299381674	nan	0.06884364532709464	nan	0.08303852551250485	0.09683763505656988	178.64596857008794	113.0	1.5809377749565305	-550.6904046286539
4.0	828.0	110.0	1.481793620689153	0.07914172940493398	92.07137172937905	0.6422228084791379	11.019204664850575	0.40779254968395884	0.08303852551250485	0.09683763505656988	178.64596857008794	113.0	1.5809377749565305	-550.6904046286539
4.0	828.0	110.0	1.674051310663864	0.10801958301022814	99.65391119860931	0.20616635452856294	3.5052883582710663	0.2644318959283649	0.08303852551250485	0.09683763505656988	178.64596857008794	113.0	1.5809377749565305	-550.6904046286539
3.0	838.0	110.0	0.9028124004539425	0.08134998073652507	48.34827617145088	0.2389613310863036	2.29378194623935	0.23937623819371742	0.08534850243350348	0.0895559411131498	142.72617062250305	116.0	1.2303980226077849	-579.1111058203614
3.0	838.0	110.0	1.278236381748526	0.04446961098768468	85.68019863787073	0.7689381026759823	12.327746857822406	0.5229342054546992	0.08534850243350348	0.0895559411131498	142.72617062250305	116.0	1.2303980226077849	-579.1111058203614
3.0	838.0	110.0	1.2982071027729307	0.09417655749461909	98.29358069923059	0.22589663604017968	3.601666304516584	0.3084262660938236	0.08534850243350348	0.0895559411131498	142.72617062250305	116.0	1.2303980226077849	-579.1111058203614
1.0	968.0	110.0	1.1708928604660394	0.23216689078779423	47.267001573976955	0.6126396176424933	2.6754468247849457	0.6126416290959821	0.23313806491547784	0.2292305898563253	191.25807454319826	122.0	1.5676891355999858	-304.8673676120215
5.0	8.0	120.0	0.5095137278088472	0.11329055407013154	12.52828315914908	9.270666400490622	17.060441841245705	5.557560860485426	0.17282784739803905	0.1558464345777471	106.63121648254359	110.0	0.9693746952958509	-424.32832955476397
5.0	8.0	120.0	0.9628804601639271	0.3040591717487683	28.78908512003249	1.1237584266536749	6.255940280858313	1.6509271555219727	0.17282784739803905	0.1558464345777471	106.63121648254359	110.0	0.9693746952958509	-424.32832955476397
5.0	8.0	120.0	1.183450272669509	0.1840167747830749	42.933103659571735	0.7011036186982713	3.798245186799006	0.6726670658922231	0.17282784739803905	0.1558464345777471	106.63121648254359	110.0	0.9693746952958509	-424.32832955476397
5.0	8.0	120.0	0.771712044848437	0.1303905941989707	65.91789150725504	0.5896350290558638	2.935147195357145	0.6080179240527929	0.17282784739803905	0.1558464345777471	106.63121648254359	110.0	0.9693746952958509	-424.32832955476397
5.0	8.0	120.0	0.6335757809922233	0.07154735817496578	90.92958549569802	1.3069173584076117	9.919792988714772	1.3904570619199301	0.17282784739803905	0.1558464345777471	106.63121648254359	110.0	0.9693746952958509	-424.32832955476397
1.0	68.0	120.0	3.274554124159554	0.09007931901371415	27.63705505366443	0.16852793366755567	5.305247899178851	0.16852780071772777	0.12087618870611001	0.154750565355322	212.37520720551933	122.0	1.7407803869304863	-455.99202047657644
1.0	78.0	120.0	3.391619412915051	0.09520552322206949	26.25671969014236	0.22348514079467366	6.894720780684362	0.22348510366863855	0.12472250856313849	0.18979876502687834	289.5808604290374	122.0	2.373613610074077	-409.4008813005396
4.0	88.0	120.0	1.9256004925666121	0.3430776266711161	19.697385874728344	2.623684106635432	8.44339138267495	1.1326901879936246	0.1126989619777998	0.09757886137580392	94.18177795540342	113.0	0.8334670615522426	-554.358929630913
4.0	88.0	120.0	1.4337368665813832	0.4101635291168191	23.87600538171493	0.3535358235365095	2.835264752726859	0.5978399343297277	0.1126989619777998	0.09757886137580392	94.18177795540342	113.0	0.8334670615522426	-554.358929630913
4.0	88.0	120.0	0.5522374841784777	0.2202433243388483	33.5185896567953	0.5036584124003982	1.7066856957225278	0.6718133308236571	0.1126989619777998	0.09757886137580392	94.18177795540342	113.0	0.8334670615522426	-554.358929630913
4.0	88.0	120.0	1.7453398859294798	0.1846463748375506	40.38917152581233	1.7985198502293216	8.454395251190316	0.9754946513836765	0.1126989619777998	0.09757886137580392	94.18177795540342	113.0	0.8334670615522426	-554.358929630913
2.0	98.0	120.0	3.8030697935356743	0.06634102710300036	21.53623344402414	0.2954824267782716	8.067438948527597	0.27869556062367834	0.10510345178085526	0.1348325677072699	213.94318414820248	119.0	1.79784188359834	-483.31608181735066
2.0	98.0	120.0	2.0385991791995393	0.0773798235695976	42.53788282159318	0.4916335884658481	6.699353633144176	0.43103537855584445	0.10510345178085526	0.1348325677072699	213.94318414820248	119.0	1.79784188359834	-483.31608181735066
2.0	108.0	120.0	4.712975187100149	0.06678912967764286	18.920236442370804	0.14176054870852162	7.0666412326928505	0.14802557759617743	0.09705802419728139	0.1299216566478402	230.54813421371463	119.0	1.9373792791068456	-493.8814674539655
2.0	108.0	120.0	1.6550837387415223	0.06441276415612561	43.961599166033174	0.4197940185244828	7.737148442151112	0.44940785558968693	0.09705802419728139	0.1299216566478402	230.54813421371463	119.0	1.9373792791068456	-493.8814674539655
3.0	118.0	120.0	4.101448806517026	0.04808017644215703	16.694625364160864	0.08517312806382234	6.085358903258574	0.088172004988551	0.08181198483209214	0.08620263140092116	142.14244305106556	116.0	1.2253658883712548	-590.2031734766225
3.0	118.0	120.0	0.9628135715720357	0.15227412431073192	40.851823229528975	0.28351458977900856	3.2783195196478374	0.4881961022163576	0.08181198483209214	0.08620263140092116	142.14244305106556	116.0	1.2253658883712548	-590.2031734766225
3.0	118.0	120.0	0.7403625302532252	0.04924683606626416	52.055678454373385	1.705967063715184	8.993105895646318	1.234420509873844	0.08181198483209214	0.08620263140092116	142.14244305106556	116.0	1.2253658883712548	-590.2031734766225
3.0	128.0	120.0	2.641883994316967	0.07029914972308375	16.074240611782546	0.1472809603290323	4.769728902743693	0.1486645592200008	0.10064864496163689	0.11342833378556186	158.93252122225567	116.0	1.3701079415711697	-524.4439325731249
3.0	128.0	120.0	0.7697404767819463	0.058745068834917064	45.27395548712273	0.7532501007117013	7.445707184452585	0.8583127079651177	0.10064864496163689	0.11342833378556186	158.93252122225567	116.0	1.3701079415711697	-524.4439325731249
3.0	128.0	120.0	0.5648359544616534	0.09089153639123994	62.11427320719667	0.6382840754944711	3.163918680474125	0.6518556229335986	0.10064864496163689	0.11342833378556186	158.93252122225567	116.0	1.3701079415711697	-524.4439325731249
2.0	358.0	120.0	3.8471269098302048	0.11500110803562677	44.7309203367355	0.11147399860696233	3.211021248191547	0.11228150867097073	0.08254484294038834	0.14247849953948127	437.3364815159833	119.0	3.6750964833275908	-454.3428884609939
2.0	358.0	120.0	0.7182531965319549	0.08656861826943162	65.67860631708182	0.7932862429736462	5.702788621702388	0.8050665160718439	0.08254484294038834	0.14247849953948127	437.3364815159833	119.0	3.6750964833275908	-454.3428884609939
2.0	368.0	120.0	6.16939985038302	0.08968600875855953	44.02042936888184	0.05529763491876744	3.2923579912276564	0.05545106830442516	0.09173915343073008	0.12020319449634173	220.95540243698218	119.0	1.8567680877057327	-513.2837469213871
2.0	368.0	120.0	0.6756211676650068	0.07510295086716194	64.62538313910876	0.6030306157420308	4.698738331534046	0.605310903484838	0.09173915343073008	0.12020319449634173	220.95540243698218	119.0	1.8567680877057327	-513.2837469213871
2.0	378.0	120.0	6.507424701638858	0.1556896618834542	43.64752990451935	0.07659352039625547	3.493344331707915	0.09447672355182359	0.0915413923987399	0.15017777570790827	336.57400016251233	119.0	2.8283529425421206	-461.2161064886156
2.0	378.0	120.0	0.5375325714750844	0.0669815672950326	59.704117444102245	2.425224775757214	9.603925101434802	2.406430183596452	0.0915413923987399	0.15017777570790827	336.57400016251233	119.0	2.8283529425421206	-461.2161064886156
2.0	388.0	120.0	5.230748649568165	0.1072733324393726	45.153263645833086	0.11213416987129798	4.58956398558937	0.11640815102387651	0.09152880128059934	0.16510658150384142	436.9014142709965	119.0	3.671440456058794	-428.6393031635779
2.0	388.0	120.0	0.8146719551180561	0.09773156113857061	65.8244087721238	0.7906449393061328	5.599310117391177	0.8335784077130752	0.09152880128059934	0.16510658150384142	436.9014142709965	119.0	3.671440456058794	-428.6393031635779
2.0	398.0	120.0	4.989612192698565	0.08345684249548802	47.02535219833899	0.08881593561631569	4.5865005885577705	0.09048835172224869	0.07725097745946344	0.1332374773955016	372.7963737719257	119.0	3.1327426367388713	-490.87223580817044
2.0	398.0	120.0	0.9119812249463127	0.0860021357807182	67.2943927809017	0.47156172328531654	4.314001262076771	0.4798326256770247	0.07725097745946344	0.1332374773955016	372.7963737719257	119.0	3.1327426367388713	-490.87223580817044
2.0	408.0	120.0	4.717688586887005	0.07875736855124346	48.09050957736262	0.08722493226546449	4.232569283032279	0.09015390085337553	0.1006355493702922	0.11578519658102644	180.82569706815622	119.0	1.519543672841649	-515.1980843674767
2.0	408.0	120.0	0.6854692450924711	0.06698240422022128	67.7615278835849	0.7074275864290067	6.049653320743362	0.7626881793317765	0.1006355493702922	0.11578519658102644	180.82569706815622	119.0	1.519543672841649	-515.1980843674767
2.0	418.0	120.0	4.221712525095851	0.20199603232827354	49.05263872693779	0.1516670452225705	4.138472875519611	0.19185075460754603	0.0968118706727177	0.1520320682710748	336.7148545336658	119.0	2.829536592719881	-447.1692126810517
2.0	418.0	120.0	0.565172630489758	0.07093778256883153	64.8254612846865	3.3527143006768942	9.883183859676713	2.9522963192282883	0.0968118706727177	0.1520320682710748	336.7148545336658	119.0	2.829536592719881	-447.1692126810517
2.0	428.0	120.0	4.178275129676643	0.3665029564132311	50.50614035966241	0.2476823513280412	4.700024078548478	0.29389279441874777	0.08791929755043326	0.18291906561352186	541.4719995096239	119.0	4.5501848698287715	-411.8749228992958
2.0	428.0	120.0	0.4863614375428456	0.10740683639823735	64.78068296186885	7.018416240203291	9.39908980087104	5.113084907097732	0.08791929755043326	0.18291906561352186	541.4719995096239	119.0	4.5501848698287715	-411.8749228992958
3.0	438.0	120.0	2.2531970436524476	0.20438939648048682	46.3508864412929	0.11729807003181467	1.8713155956413279	0.16854168562883384	0.09335183207973477	0.10922376132834596	171.12554880753405	116.0	1.4752202483408108	-534.0192592554665
3.0	438.0	120.0	3.7268970294804773	0.06921291952378748	53.86293190930504	0.24573807158592656	5.085926326915379	0.22504349721802866	0.09335183207973477	0.10922376132834596	171.12554880753405	116.0	1.4752202483408108	-534.0192592554665
3.0	438.0	120.0	0.4615276512663385	0.08659583210007467	71.57731062314195	0.6479992058703384	2.9135331161395848	0.6603425346464965	0.09335183207973477	0.10922376132834596	171.12554880753405	116.0	1.4752202483408108	-534.0192592554665
2.0	448.0	120.0	2.2407720145059074	0.16798983645845655	45.669145651159646	0.16125815877000352	2.027491849992794	0.17722337622120182	0.11574821196907131	0.12274077410398289	170.35186862124885	119.0	1.431528307741587	-487.67859695856225
2.0	448.0	120.0	3.502800487381279	0.08377979980192522	54.93167150158076	0.21888976851130057	5.0126952516747325	0.2268666953528905	0.11574821196907131	0.12274077410398289	170.35186862124885	119.0	1.431528307741587	-487.67859695856225
2.0	458.0	120.0	0.9699593548502887	0.18872152758728575	46.139305213363315	0.3185133101755936	1.891174569131013	0.40606480584650234	0.09937521269912639	0.12483312933477356	219.93707975243439	119.0	1.8482107542221378	-493.87280612623124
2.0	458.0	120.0	2.8442313317595063	0.07681728679614058	54.9813428101613	0.31136183676122453	5.579478691623345	0.3022259807703475	0.09937521269912639	0.12483312933477356	219.93707975243439	119.0	1.8482107542221378	-493.87280612623124
2.0	468.0	120.0	2.739053437466652	0.09963131599962266	52.592666760292914	0.18742494978948568	2.9348794674301413	0.1856560249737518	0.09922079317130435	0.12003819300012554	201.98568920020926	119.0	1.6973587327748678	-504.90466610611077
2.0	468.0	120.0	1.6309240536449645	0.10097107437064741	61.4479447367198	0.310535450214033	2.854178333438987	0.30437522838823006	0.09922079317130435	0.12003819300012554	201.98568920020926	119.0	1.6973587327748678	-504.90466610611077
