ncomps	x	y	amplitude	err amplitude	shift	err shift	width	err width	rms	residual	chisq	dof	redchisq	aic
3.0	488.0	450.0	8.221093024556286	0.2076295023613652	57.693424465746695	0.5239178429137938	8.58019666239997	0.3817270720730929	0.05532073381331533	0.37992153517110294	5895.922026185168	116.0	50.826914018837655	-222.3738505048163
3.0	488.0	450.0	-5.143055185471725	0.5574745196479782	47.21025674870126	0.21219627557598109	2.8982355331317424	0.3315343547970409	0.05532073381331533	0.37992153517110294	5895.922026185168	116.0	50.826914018837655	-222.3738505048163
3.0	488.0	450.0	0.22730428949535528	0.1924875924159545	193.92495785308748	11.304079350792863	7.795665824191051	11.959093632554609	0.05532073381331533	0.37992153517110294	5895.922026185168	116.0	50.826914018837655	-222.3738505048163
2.0	498.0	450.0	8.667159602957577	0.2959191246148172	59.4480662409512	0.2738378160175317	6.944868110042644	0.27383743819324324	0.0613948138052862	0.584195568192611	11344.618050575133	119.0	95.33292479474902	-121.37248979757256
2.0	498.0	450.0	0.24173677628734377	0.32072275363154523	193.82463829786954	12.29931455387497	6.475599473391011	13.656835221914115	0.0613948138052862	0.584195568192611	11344.618050575133	119.0	95.33292479474902	-121.37248979757256
1.0	508.0	450.0	9.959215148931396	0.2679949691130179	58.83278416950759	0.21547236178168966	6.934052084238784	0.2154722051334829	0.18743999231318068	0.5244289557757249	1021.766750594734	122.0	8.375137299956837	-149.9522840689724
1.0	518.0	450.0	9.43725052466316	0.1602779024669771	59.13800176250524	0.17710639726709984	9.030696544590997	0.17710635951670323	0.21509225650897346	0.3317919253045553	361.4454965230413	122.0	2.9626680042872238	-245.44737038843806
2.0	528.0	450.0	5.680495503846537	0.30061642838390673	49.422901074334206	0.4663903927237866	6.118442478627936	0.3019640531213482	0.36105376468786626	0.20074748126435812	45.25894964096994	119.0	0.3803273079073104	-368.95939843850726
2.0	528.0	450.0	6.96452310732469	0.15668682296834177	65.616570123063	0.5204400901418365	7.940565380949861	0.3666192065058279	0.36105376468786626	0.20074748126435812	45.25894964096994	119.0	0.3803273079073104	-368.95939843850726
2.0	538.0	450.0	2.9040940541428246	0.13969876319741817	47.42270165958411	0.25658593796016455	4.476310513381324	0.24035364454521235	0.08059582603792165	0.14531634878940883	413.6536898838453	119.0	3.4760814275953384	-467.275816253555
2.0	538.0	450.0	6.740446410493952	0.07011875438784211	63.91872225350098	0.19674211543521447	8.40178827996429	0.18718690305504085	0.08059582603792165	0.14531634878940883	413.6536898838453	119.0	3.4760814275953384	-467.275816253555
2.0	548.0	450.0	6.875258836911215	0.08049901499943259	62.27781830946432	0.10425588611334922	7.711374807104415	0.1042558917583366	0.05427816966343555	0.16628174373232388	1192.5093513052182	119.0	10.021086985758135	-433.75876090879143
2.0	548.0	450.0	0.23159985408653938	0.10858612509754668	194.33552916777043	2.573189568259038	4.522656573613169	2.8540799157414782	0.05427816966343555	0.16628174373232388	1192.5093513052182	119.0	10.021086985758135	-433.75876090879143
1.0	558.0	450.0	6.528654892763253	0.12680576328713117	61.48702813809273	0.16406158646969426	7.3147288470959495	0.1640615081615004	0.36105376468786626	0.22000373178178234	65.03722271923262	122.0	0.5330919895019067	-330.35134653297274
1.0	568.0	450.0	5.618413064492266	0.14294042478383528	61.82121372188653	0.17732489186133704	6.035535509337232	0.1773246835581701	0.36105376468786626	0.22451943646588868	68.19058974049821	122.0	0.5589392601680181	-324.43299506101954
2.0	578.0	450.0	2.706420307851263	0.2239291345970671	60.626250520057305	0.14388732140507526	2.1146758929241534	0.1919851430006163	0.0585911753781272	0.1358230683512925	737.5116247126251	119.0	6.197576678257354	-474.7099175935256
2.0	578.0	450.0	2.8352073242425764	0.15892994716341707	65.1725957273102	0.40306707528910274	5.9760790526329854	0.22487192014723908	0.0585911753781272	0.1358230683512925	737.5116247126251	119.0	6.197576678257354	-474.7099175935256
3.0	588.0	450.0	0.14600480911942543	0.07785702047180469	-29.855668617685	4.057580093499954	6.591033726066324	4.062898696465093	0.06137644196662372	0.14786070040451726	726.3116604950778	116.0	6.2613074180610155	-458.15889857407313
3.0	588.0	450.0	3.104152289091238	0.09562068862149391	63.90760874313137	0.18326879788096767	5.862350175078125	0.22735885139889533	0.06137644196662372	0.14786070040451726	726.3116604950778	116.0	6.2613074180610155	-458.15889857407313
3.0	588.0	450.0	0.1386534209512241	0.037818344420917624	98.87239351646186	13.14976080322212	29.23509157933385	11.392987490755072	0.06137644196662372	0.14786070040451726	726.3116604950778	116.0	6.2613074180610155	-458.15889857407313
2.0	598.0	450.0	2.426002297073987	0.09502709030103876	63.49629888344992	0.3418083374817193	7.77040825468773	0.36850120521720686	0.04007735505949127	0.1928651452988145	2894.805645766079	119.0	24.326097863580497	-398.72915007130473
2.0	598.0	450.0	0.7899200243328786	637.6665335768497	3594.884119536007	1145984.7727369545	1562.9009919790697	255781.73998644846	0.04007735505949127	0.1928651452988145	2894.805645766079	119.0	24.326097863580497	-398.72915007130473
2.0	608.0	450.0	2.233149970114224	0.08711724580008814	61.66390567124422	0.42899521141474284	9.856697421773605	0.47021704660420344	0.09980532191956422	0.197285834322117	488.4211829859698	119.0	4.104379688957729	-393.0635313779031
2.0	608.0	450.0	80.91868729854922	102882.51098859058	5071.200014367815	941798.1489057125	1347.3676194964623	127358.96129620045	0.09980532191956422	0.197285834322117	488.4211829859698	119.0	4.104379688957729	-393.0635313779031
2.0	618.0	450.0	2.2701996490349123	0.11066815855504701	49.596753891290916	0.2050369440362436	3.2302709204926847	0.20535371803536456	0.36105376468786626	0.10356175487313796	18.337558905459385	119.0	0.15409713365932257	-481.890533057455
2.0	618.0	450.0	2.6834411664404314	0.07354489239358564	64.93028270361974	0.2685300994908683	6.8134162125018385	0.29635215682530475	0.36105376468786626	0.10356175487313796	18.337558905459385	119.0	0.15409713365932257	-481.890533057455
3.0	628.0	450.0	1.925802901133747	0.0858056892531915	50.44221612396503	0.27410742488019313	4.074101920746679	0.2662858588033639	0.06112471038932511	0.12041872298428076	525.7381849012124	116.0	4.532225731907004	-499.5833493872667
3.0	628.0	450.0	2.9227074755104407	0.07106868942061556	66.39309028313524	0.22027384690556412	6.050562850519391	0.23802523185966204	0.06112471038932511	0.12041872298428076	525.7381849012124	116.0	4.532225731907004	-499.5833493872667
3.0	628.0	450.0	0.38911091610091286	0.07506826163690833	123.18281209969703	1.1330263669648404	5.085818672608528	1.1330252702438273	0.06112471038932511	0.12041872298428076	525.7381849012124	116.0	4.532225731907004	-499.5833493872667
2.0	638.0	450.0	2.7342838813894583	0.07502587635487992	64.50135917234452	0.3242179657306427	10.233149964535748	0.32425415467503726	0.05262300873871962	0.1796318472308806	1462.350032198461	119.0	12.288655732760176	-416.00280538321095
2.0	638.0	450.0	0.2941160018310292	0.08494725990756676	119.59927140798854	2.663333507880022	7.974887763017932	2.6635649691399137	0.05262300873871962	0.1796318472308806	1462.350032198461	119.0	12.288655732760176	-416.00280538321095
2.0	648.0	450.0	3.058408334456702	0.06756892544332453	64.12312152110809	0.256818212629536	10.067701692651514	0.2569081251817309	0.05686045103375487	0.16077047101501188	999.3421013713405	119.0	8.397832784633113	-444.229017384325
2.0	648.0	450.0	0.32517115463091983	0.08826231333562772	110.78765146311669	1.8485259572863657	5.904367768595716	1.8489974174953092	0.05686045103375487	0.16077047101501188	999.3421013713405	119.0	8.397832784633113	-444.229017384325
1.0	658.0	450.0	2.946986734604911	0.06356068522824362	63.65136881020778	0.2672563512301599	10.731135688340002	0.26725634317377817	0.09691957935488905	0.15525065899382526	332.67105248799703	122.0	2.72681190563932	-455.11337653183784
1.0	668.0	450.0	2.5012420165977303	0.04607596542960077	63.70212330000739	0.2427157831423114	11.410378090410521	0.24271576354539123	0.06967196340546626	0.11747328879785365	359.7103437537654	122.0	2.9484454406046345	-527.8661510081281
2.0	18.0	460.0	5.117528784325114	0.22047097191338028	27.766352554526854	0.17450337957515827	3.0967941479156975	0.17888326163891974	0.24318821122486653	0.2676806083202691	178.01642553172383	119.0	1.4959363490060826	-296.5727756298982
2.0	18.0	460.0	1.8779762171430328	0.18617866622011275	41.4301981809832	0.5668532422243242	4.560542450572865	0.6224622040006382	0.24318821122486653	0.2676806083202691	178.01642553172383	119.0	1.4959363490060826	-296.5727756298982
2.0	28.0	460.0	5.255648857743843	0.14078239648345092	28.297813629119783	0.1333614825704173	3.433001918824181	0.13413311522598348	0.18913022341750418	0.19441110175603757	132.16442472072262	119.0	1.1106254178211985	-396.6513761987206
2.0	28.0	460.0	2.121361624063308	0.1238844830916398	41.64827805846423	0.37915142588153117	4.6386753585408975	0.4130215495888744	0.18913022341750418	0.19441110175603757	132.16442472072262	119.0	1.1106254178211985	-396.6513761987206
1.0	38.0	460.0	3.990357385664929	0.19619205851561106	30.525409557200767	0.32246586814239925	5.679058325615042	0.32246520282598184	0.26488241262479856	0.26529213384007305	224.5908475890093	122.0	1.840908586795158	-252.87150006071136
1.0	48.0	460.0	2.7978112211515254	0.18030420538162223	30.58360856338043	0.45398679364206496	6.0994855851768275	0.45398566205269997	0.36105376468786626	0.19662663832698324	109.65711003577385	122.0	0.8988287707850315	-265.0515274629518
2.0	138.0	460.0	1.6470227615511557	0.08122932378376899	31.98734974755597	0.21987268818574154	4.6229906130200895	0.28291819362556264	0.06852173223540438	0.10416594624382473	288.9611307850116	119.0	2.4282447965127028	-552.6919110965481
2.0	138.0	460.0	0.46802814856650987	0.03634652861665017	51.55228562359929	2.487612050641539	18.900058486159658	1.8396445255598628	0.06852173223540438	0.10416594624382473	288.9611307850116	119.0	2.4282447965127028	-552.6919110965481
2.0	148.0	460.0	2.133827725905049	0.04952799035209192	32.67518535715781	0.18129267106241395	6.196914151070484	0.18522596989600504	0.06466218980899018	0.09191613000223164	254.89833275927205	119.0	2.1420027962964037	-582.8639166167386
2.0	148.0	460.0	0.44377212085852086	0.03946643114083341	63.062239906786566	1.1000861383681138	10.228433667043015	1.1997791011190297	0.06466218980899018	0.09191613000223164	254.89833275927205	119.0	2.1420027962964037	-582.8639166167386
2.0	158.0	460.0	2.2009717721730366	0.04661866990748025	33.14348641814924	0.25336910437017357	7.8818666451048855	0.25051343125052894	0.05774469734083458	0.0896357744138795	353.8758909880906	119.0	2.973746983093198	-570.1400087853165
2.0	158.0	460.0	0.5160231280982267	0.04095518497642081	62.821461416329484	1.2421286665280413	10.58388950958019	1.337997224794867	0.05774469734083458	0.0896357744138795	353.8758909880906	119.0	2.973746983093198	-570.1400087853165
2.0	168.0	460.0	2.7866330462177857	0.03722495884649282	36.92173098219131	0.16287190191880185	9.553991384108127	0.17977491324709183	0.061424593389044414	0.07855517801261784	232.28577535488688	119.0	1.951981305503251	-607.3175473187249
2.0	168.0	460.0	0.7333193160398711	0.04544073398241222	64.094943868743	0.5021568236333472	6.074041854838951	0.5092299556277464	0.061424593389044414	0.07855517801261784	232.28577535488688	119.0	1.951981305503251	-607.3175473187249
2.0	178.0	460.0	3.5798005577402563	0.041578592277112664	34.426872281254276	0.1757787473094085	9.57101030486827	0.18544791716866518	0.05844148182245699	0.09270783893273618	323.7628111947669	119.0	2.7206958923929996	-578.2582888489657
2.0	178.0	460.0	0.9115049649070658	0.046716945225620754	61.05231082836464	0.6104409955120856	7.4313258732344085	0.5936893672174048	0.05844148182245699	0.09270783893273618	323.7628111947669	119.0	2.7206958923929996	-578.2582888489657
2.0	188.0	460.0	3.4141596179527927	0.05220162727670667	31.045340917065097	0.2216614900371581	8.596955690835351	0.22262868626358373	0.07489031325264352	0.11243810485881305	285.79899525263056	119.0	2.4016722290137023	-531.8489404881672
2.0	188.0	460.0	1.1865865705434262	0.05262624935400349	57.52824026506698	0.632347227926168	8.442290517359291	0.6308967315457729	0.07489031325264352	0.11243810485881305	285.79899525263056	119.0	2.4016722290137023	-531.8489404881672
2.0	198.0	460.0	2.555013490238632	0.06345042446515892	31.13282315693087	0.2725457033475597	9.414994381144185	0.28861110201226065	0.07874710622074482	0.12557964345727665	416.03867363244535	119.0	3.496123307835675	-472.3585121693516
2.0	198.0	460.0	1.6939027892652245	0.09565947414094798	57.992937546043834	0.2712082510579177	4.015492338472475	0.27438099295395046	0.07874710622074482	0.12557964345727665	416.03867363244535	119.0	3.496123307835675	-472.3585121693516
2.0	208.0	460.0	3.0441441896903294	0.05121983954876189	31.8756410725877	0.13491807414272583	6.947428363664857	0.13551402457910605	0.07630917472993147	0.09835658124859507	219.50892668172332	119.0	1.8446128292581792	-560.1437658740272
2.0	208.0	460.0	1.7940003506397084	0.07755146819459974	57.62229499956373	0.1511867421840061	3.0238128627723357	0.15144932861005816	0.07630917472993147	0.09835658124859507	219.50892668172332	119.0	1.8446128292581792	-560.1437658740272
3.0	218.0	460.0	3.5777042708358375	0.07806424914075381	32.97244651429184	0.11550578803721563	4.584450485679207	0.11550675338647176	0.07493769226446638	0.12119216358743408	340.95774776709925	116.0	2.9392909290267175	-502.77874955920424
3.0	218.0	460.0	1.491834426181615	0.1021939201417702	57.21044375501724	0.2118756332132572	2.675534247283585	0.21207541836979305	0.07493769226446638	0.12119216358743408	340.95774776709925	116.0	2.9392909290267175	-502.77874955920424
3.0	218.0	460.0	0.25880977923583265	0.055438283653627435	88.28647524155332	2.2519817734463317	9.110688665567297	2.2602334500804364	0.07493769226446638	0.12119216358743408	340.95774776709925	116.0	2.9392909290267175	-502.77874955920424
2.0	228.0	460.0	2.763674414720725	0.0821425034101661	33.55289151414961	0.12510775051804168	3.645304116831743	0.1251077768501195	0.07019603918862079	0.11640687740967237	350.94983439181044	119.0	2.9491582722000875	-522.3627891838113
2.0	228.0	460.0	1.3893863333700984	0.09784581578455807	56.194247711217514	0.20889092360473777	2.5696502207950593	0.20888668863393056	0.07019603918862079	0.11640687740967237	350.94983439181044	119.0	2.9491582722000875	-522.3627891838113
1.0	258.0	460.0	1.9786335232667744	0.08753109479252222	52.90065405853232	0.42264335820748444	8.275013761833938	0.4226437729017125	0.05510557873191974	0.18887302599213077	1504.7873456448112	122.0	12.334322505285337	-407.61443872101785
1.0	268.0	460.0	3.828934375555758	0.11332117683379635	53.127399585683925	0.2756498130975766	8.066735632172847	0.27565001282326335	0.08859261980547556	0.23617281239428262	951.2835114572812	122.0	7.797405831617059	-346.23938067210355
1.0	278.0	460.0	5.619946087265697	0.14314109911608203	53.376650981871656	0.2255032785828675	7.667386714897649	0.2255032616062407	0.05261645414739407	0.28370075555086277	4090.242341404764	122.0	33.52657656889151	-294.17587764669094
1.0	288.0	460.0	5.5531038160975195	0.1483984056054913	54.52281635177611	0.25448713855114735	8.24658886894141	0.2544870186738296	0.10879770481751003	0.31664009816137006	1105.9257754599041	122.0	9.064965372622165	-276.0507185860007
1.0	298.0	460.0	4.044407374370195	0.08450769210032719	59.67029055037357	0.21619142991518334	8.96121811198951	0.21619154786207653	0.0639349029948887	0.18942911936276216	1128.420140029939	122.0	9.249345410081467	-406.4399522448003
1.0	308.0	460.0	3.8008951271943907	0.0654299332696234	63.06430455858061	0.11157085255266791	5.612841104645282	0.11157082580203845	0.09037185506608969	0.10667973427933677	212.07436966795112	122.0	1.738314505475009	-528.8776899342674
2.0	318.0	460.0	0.3488951470769563	0.07274606684121232	26.844952921231755	1.3806963812173079	5.731817331412877	1.3806906998153623	0.06269292059192084	0.12965599882357737	542.82712082597	119.0	4.561572443915715	-496.1051780669181
2.0	318.0	460.0	3.1076674413147645	0.0782350289732122	62.65757021085961	0.14412247737908396	4.957892577024848	0.14412305133009057	0.06269292059192084	0.12965599882357737	542.82712082597	119.0	4.561572443915715	-496.1051780669181
2.0	358.0	460.0	0.5039404086077133	0.06454092404710747	35.83681923070216	0.8154844154643915	5.373089924380132	0.8481407262864177	0.07849445206241765	0.11122386558415093	251.15675785850775	119.0	2.110560990407628	-536.2495258332596
2.0	358.0	460.0	2.681511163028154	0.06067807332885693	59.33640632018827	0.16306313834305128	6.126125208660472	0.17123420175421084	0.07849445206241765	0.11122386558415093	251.15675785850775	119.0	2.110560990407628	-536.2495258332596
2.0	368.0	460.0	3.906152718425479	0.06590676794889685	57.688682466689926	0.13072060286812567	6.710133865493345	0.13077374127773822	0.06006519098818097	0.12061792040290524	567.8521493826256	119.0	4.771866801534669	-501.1759147297473
2.0	368.0	460.0	0.36864923544116096	0.07720239727984564	91.09828840315143	1.182388607301186	4.890326615524152	1.182783438137699	0.06006519098818097	0.12061792040290524	567.8521493826256	119.0	4.771866801534669	-501.1759147297473
2.0	378.0	460.0	5.192898916225674	0.06602238775913591	56.71560146045778	0.09598254857704232	6.538066509133669	0.09599200894977072	0.07507800523741862	0.12589612513208934	355.4522379363216	119.0	2.9869935961035425	-503.96040073128495
2.0	378.0	460.0	0.6234834223102197	0.0770733103553781	91.23056140922711	0.6848779531754282	4.796453016364066	0.6849308211037268	0.07507800523741862	0.12589612513208934	355.4522379363216	119.0	2.9869935961035425	-503.96040073128495
2.0	388.0	460.0	5.9128641637421016	0.07982034809963882	57.315575088094576	0.10675558272067452	6.849674860484861	0.10703105189857275	0.08321001835006618	0.154817985795382	442.5124515502777	119.0	3.7185920298342667	-450.8656587480751
2.0	388.0	460.0	0.7202617393650718	0.08478645879488568	91.1742840103859	0.8251082358159877	6.068807980681039	0.8270454324453131	0.08321001835006618	0.154817985795382	442.5124515502777	119.0	3.7185920298342667	-450.8656587480751
2.0	398.0	460.0	5.578881635661237	0.09563915687167404	57.16504076334671	0.09996304239326596	5.976010500063784	0.12506252802764223	0.06690982257757566	0.1323597179171581	491.29503980058297	119.0	4.1285297462233865	-492.2991218365462
2.0	398.0	460.0	0.5715957358570863	0.0708319619899857	69.21527695511331	2.4864008365167116	21.671226352998204	1.8738156214824342	0.06690982257757566	0.1323597179171581	491.29503980058297	119.0	4.1285297462233865	-492.2991218365462
2.0	408.0	460.0	4.464202276193717	0.0977458003729215	56.461784127367594	0.17213692698531577	6.809057109686099	0.1721370671173966	0.050962893312494005	0.1712205408299827	1760.9674131193333	119.0	14.798045488397758	-400.7894006057869
2.0	408.0	460.0	0.2201456822062234	0.1086073380625977	191.2487178674787	3.3397992997479986	5.762173484797034	3.599866075091595	0.050962893312494005	0.1712205408299827	1760.9674131193333	119.0	14.798045488397758	-400.7894006057869
2.0	418.0	460.0	2.003410879669176	0.09710863117365527	54.963721300945856	0.29441156722226464	8.510176043566895	0.41497468147567135	0.06247568915286914	0.10089265622887274	353.31183177189916	119.0	2.969006989679825	-550.6529152331109
2.0	418.0	460.0	0.399234687744603	0.06228176801896097	74.02749486691938	4.871997244592419	22.283755371107414	2.5378622424653807	0.06247568915286914	0.10089265622887274	353.31183177189916	119.0	2.969006989679825	-550.6529152331109
2.0	428.0	460.0	1.815565188467527	0.16975181080023516	47.635468174061224	0.23475136008122852	2.264919827524832	0.2619526217566672	0.36105376468786626	0.16213907206040934	31.43062598540102	119.0	0.26412290744034467	-414.5366065994295
2.0	428.0	460.0	1.2202840224525806	0.06820423681565135	59.802512863325425	1.1114224016943064	16.022952337298626	0.9281527920027602	0.36105376468786626	0.16213907206040934	31.43062598540102	119.0	0.26412290744034467	-414.5366065994295
1.0	438.0	460.0	2.4023943682235243	0.08528655876288291	57.08238215701075	0.5049520493771622	12.316401589293944	0.5049518011493296	0.36105376468786626	0.18938191046828515	49.53990646305547	122.0	0.4060648070742252	-364.37399994035934
1.0	448.0	460.0	5.757163152380531	0.10988485092929351	59.2147483032514	0.1427602567418229	6.477022088872482	0.14276014131633033	0.0678109411713959	0.2020323329224257	1225.9907187120004	122.0	10.049104251737708	-381.3590796135224
1.0	458.0	460.0	7.848044194562973	0.21061960161373877	61.09192376502058	0.2062136614594181	6.655190116755936	0.2062139009196291	0.07498075938581256	0.4091935503165469	3784.763238714654	122.0	31.0226494976611	-215.32782570849383
1.0	468.0	460.0	8.731776144742478	0.28872977891594187	62.33084421832396	0.25599623603966615	6.703495910195976	0.2559958039086419	0.16750010482428795	0.5576571748545117	1435.8765421927205	122.0	11.769479854038693	-135.54069607432362
1.0	478.0	460.0	9.321786075099931	0.34289409650087904	61.29951449859423	0.2552117619899543	6.007750981455565	0.25521135429115244	0.21216781067914267	0.6075180394660635	1131.1637411547254	122.0	9.271833943891192	-106.2583764188176
1.0	488.0	460.0	9.700895802352953	0.3285342463871569	60.638566462462194	0.22620448337227042	5.783547259140919	0.2262040308267545	0.20281957230246558	0.5769176440499345	1093.944275632958	122.0	8.966756357647196	-121.70571188466248
1.0	498.0	460.0	10.180290647800316	0.33143436949444516	60.281823875893956	0.2340725696944191	6.225902792331422	0.23407231748047913	0.21189845923562176	0.6149433394992581	1097.9510281222038	122.0	8.999598591165604	-110.30111088129095
1.0	508.0	460.0	11.359913634186439	0.32858281900892244	59.44022105391547	0.20921438847501095	6.263741175780138	0.20921428938868952	0.2282440695475766	0.5848629419072147	935.7296418723693	122.0	7.669915097314502	-111.70832886558833
1.0	518.0	460.0	10.150103907919458	0.20843713284477944	59.53097622594412	0.19435545360476686	8.196876890463406	0.19435553527993382	0.2003646463577133	0.38871829458584956	639.3708192246216	122.0	5.2407444198739475	-191.88272761189452
2.0	528.0	460.0	7.20139682963728	0.2539134668023547	50.00405893154707	0.24631431824992164	4.9654373961181575	0.18927325374340498	0.36105376468786626	0.18799009253355886	52.18503926475857	119.0	0.4385297417206603	-351.1599713165234
2.0	528.0	460.0	7.13750460293735	0.12691639407060532	65.18625958122936	0.3690215971269203	7.35941043858549	0.306605908764097	0.36105376468786626	0.18799009253355886	52.18503926475857	119.0	0.4385297417206603	-351.1599713165234
2.0	538.0	460.0	5.812386090569248	0.16311042889410707	48.76353282187423	0.1080911366455288	3.6200478256353863	0.11368797884336033	0.11043392251056879	0.15491742709451112	263.03067972844224	119.0	2.210341846457498	-445.1279987690234
2.0	538.0	460.0	6.286258018862432	0.07854021260254589	63.62099293483756	0.2055680172817302	7.986220824354172	0.20379376352730064	0.11043392251056879	0.15491742709451112	263.03067972844224	119.0	2.210341846457498	-445.1279987690234
1.0	548.0	460.0	6.094897275459474	0.08652491344516254	60.61584709786689	0.14779245034195745	9.015577644253957	0.14779241956285247	0.0722101075698009	0.18960173778238362	933.0461384037077	122.0	7.647919167243506	-399.77619796155716
1.0	558.0	460.0	5.585115298248372	0.12235059121117675	60.835090096584686	0.20237711968421965	8.000215875433874	0.2023770637742919	0.36105376468786626	0.2113165676861199	66.22081821273454	122.0	0.5427935919076602	-328.096955931748
3.0	568.0	460.0	5.204450258840958	0.28879281490041186	60.79779293253046	0.13480488362473797	5.204717093818856	0.2355251582427938	0.12360344229631677	0.14913971100881343	219.99870793079484	116.0	1.8965405856103004	-432.44051162295756
3.0	568.0	460.0	0.7257183366930929	0.09134720013042553	76.79600724112733	4.638630759786808	12.406543815368824	3.1802280505149785	0.12360344229631677	0.14913971100881343	219.99870793079484	116.0	1.8965405856103004	-432.44051162295756
3.0	568.0	460.0	0.4533029568040399	0.10183136076378164	119.26885806832436	1.236675733856718	4.730312755397019	1.2424059227602589	0.12360344229631677	0.14913971100881343	219.99870793079484	116.0	1.8965405856103004	-432.44051162295756
2.0	578.0	460.0	4.529500796723422	0.09762381920212858	62.02761529086384	0.13358431541347682	5.36765733594229	0.13358433326683639	0.05866649283563486	0.16258689071610635	1044.9944981469177	119.0	8.781466370982502	-430.8281242356329
2.0	578.0	460.0	0.31946280385513054	0.09487709381477949	120.92778847319967	1.9490009810007896	5.682108709533245	1.9489956366491086	0.05866649283563486	0.16258689071610635	1044.9944981469177	119.0	8.781466370982502	-430.8281242356329
2.0	588.0	460.0	3.2728563512355517	0.06218609534438346	62.11887439404233	0.14467742425599095	6.824915717136774	0.15805893087293266	0.038850032950078696	0.11748424997137295	1143.10889858209	119.0	9.605957130941933	-522.650574563433
2.0	588.0	460.0	0.1028753025674676	0.022310726645508556	51.25539213802219	26.583464660716977	102.7348469818283	41.91732596365241	0.038850032950078696	0.11748424997137295	1143.10889858209	119.0	9.605957130941933	-522.650574563433
1.0	598.0	460.0	2.8749297369339284	0.0757038083029641	61.90295461398178	0.24894584977552475	8.187889398873628	0.24894595794707458	0.0736048197763467	0.16052237071659767	624.2958764540876	122.0	5.11717931519744	-445.2223573658845
1.0	608.0	460.0	2.7158732542825295	0.06477957450955697	61.55541809154605	0.2469685047129536	8.96592504384006	0.24696833711759406	0.06557912096641459	0.14677049370636056	630.646411490528	122.0	5.1692328810699015	-472.8205271562235
1.0	618.0	460.0	2.7779540520763315	0.07640218648068076	61.681069903453604	0.2898856375480233	9.12890841059219	0.28988580561157656	0.09822809125824489	0.16911002981171866	398.0561421468627	122.0	3.262755263498875	-429.33084587109437
2.0	628.0	460.0	1.2207741256700662	0.092842788474656	49.39013782370719	0.4257368238570212	3.901685844922258	0.40145872700554747	0.09675790180544566	0.11836651233902105	196.1733158789137	119.0	1.6485152594866699	-514.8383556075005
2.0	628.0	460.0	2.927815714142528	0.0640721915536476	64.94835225237807	0.25398491528483874	6.842076112866855	0.2669419328148745	0.09675790180544566	0.11836651233902105	196.1733158789137	119.0	1.6485152594866699	-514.8383556075005
1.0	638.0	460.0	2.635598024823504	0.053211649738991465	63.20551090332494	0.2408651183033103	10.331583916390482	0.2408650927908692	0.059240126208301935	0.12523264855742397	600.8535631561155	122.0	4.925029206197667	-504.2843507530982
1.0	648.0	460.0	2.65329779808248	0.049263999272453	62.03889344834419	0.22626224804501527	10.553445040655234	0.22626223774552118	0.07245280443060231	0.12127034072723455	351.6899051583301	122.0	2.88270414064205	-520.9004632699873
1.0	658.0	460.0	2.3521350626518345	0.06782202120341359	61.06514795743982	0.380809913096122	11.437589592667583	0.38080992794485763	0.11943521953138361	0.16842476712002805	265.8409710819791	122.0	2.179024353130976	-430.92222019001036
2.0	668.0	460.0	2.0411057792118013	0.049746333645400743	61.40169368180915	0.3448375677828663	12.258311847531749	0.34588500199128364	0.07089768873392671	0.12862735240255954	423.5600166937911	119.0	3.559327871376396	-496.3698114922759
2.0	668.0	460.0	0.41887719882565344	0.08709810583061883	104.69058722503269	0.9592686785095947	3.994328792842442	0.9601000274271572	0.07089768873392671	0.12862735240255954	423.5600166937911	119.0	3.559327871376396	-496.3698114922759
2.0	138.0	470.0	1.6275747428208933	0.07455741083326851	29.740691752022606	0.18606773959664588	3.5176436097357877	0.18606773995418333	0.06278745940499574	0.10316880229909653	348.72918598197697	119.0	2.930497361193084	-551.040375671238
2.0	138.0	470.0	1.066799011011456	0.06520603359283286	64.22511223645431	0.32460978493380505	4.598324411950621	0.32460860257520296	0.06278745940499574	0.10316880229909653	348.72918598197697	119.0	2.930497361193084	-551.040375671238
2.0	148.0	470.0	1.9349681002132244	0.05230719690231547	29.668752332804683	0.13391493229517254	4.282318965932108	0.13427594224552003	0.05976061026281173	0.08050692719995993	230.48718388831765	119.0	1.9368670914984676	-615.1550768924909
2.0	148.0	470.0	0.7267348224244825	0.03751009502696314	61.68529507381775	0.4972308468096007	8.34778577782891	0.49998009318175135	0.05976061026281173	0.08050692719995993	230.48718388831765	119.0	1.9368670914984676	-615.1550768924909
2.0	158.0	470.0	1.9231707870064603	0.055894457806303664	28.969541399206665	0.16691709189965934	4.737325586773076	0.17141603292067045	0.06620395821162765	0.08892964918443831	226.94387334094654	119.0	1.907091372612996	-591.493267670501
2.0	158.0	470.0	0.6027267801809606	0.03417994134708348	59.27855533558511	0.8969153485847976	12.9021952406167	0.9937609076126535	0.06620395821162765	0.08892964918443831	226.94387334094654	119.0	1.907091372612996	-591.493267670501
2.0	168.0	470.0	2.1642210045030397	0.08627213848627352	31.674117512763438	0.3808306889836022	7.989072602343109	0.3329771335761973	0.07126082305775429	0.10282263449504203	278.56343487443377	119.0	2.3408692006254936	-547.4737691110887
2.0	168.0	470.0	0.7812227781221227	0.04017250160177921	58.76420959560167	1.8381066175327851	13.871052514723294	1.6396376856495298	0.07126082305775429	0.10282263449504203	278.56343487443377	119.0	2.3408692006254936	-547.4737691110887
2.0	178.0	470.0	3.4457435405347425	0.1299084087375515	29.661521058799636	0.229874639686194	6.939054324625976	0.24721917371528115	0.04939355547126743	0.13063959329570093	888.0797765840092	119.0	7.462855265411842	-494.1784854108551
2.0	178.0	470.0	0.9287301218562211	0.048586954854913926	54.69475802904385	2.0721013604104073	14.591445319934717	1.8284107683172506	0.04939355547126743	0.13063959329570093	888.0797765840092	119.0	7.462855265411842	-494.1784854108551
2.0	188.0	470.0	3.5919751058295373	0.08027800005382671	27.868149223999477	0.16128566533216648	6.127904173799218	0.16534222644600743	0.06334987743646286	0.14767710428981812	685.8669317670947	119.0	5.763587661908359	-464.2624754996243
2.0	188.0	470.0	0.9309723803845991	0.06906053737320905	58.59722193033988	0.7235080127071548	8.387791080732786	0.7532016389349911	0.06334987743646286	0.14767710428981812	685.8669317670947	119.0	5.763587661908359	-464.2624754996243
2.0	198.0	470.0	2.1062727262983296	0.0629191251600711	27.303337082008994	0.22476051029631813	6.51704370645169	0.22500960257828165	0.06882921878820061	0.12024554898064975	382.63771222907576	119.0	3.2154429599081995	-516.4730083282158
2.0	198.0	470.0	1.488401368850752	0.07558040113833993	57.70694575760958	0.26479476926259665	4.514932228363082	0.2650180061140932	0.06882921878820061	0.12024554898064975	382.63771222907576	119.0	3.2154429599081995	-516.4730083282158
3.0	208.0	470.0	1.9792820073514552	0.03689101634407002	31.210540457132808	0.16058951155483128	7.467557860217772	0.16208563430997494	0.06046008373869983	0.07230195781180238	189.52580462430302	116.0	1.633843143312957	-629.8513274963385
3.0	208.0	470.0	1.7157130839859824	0.055693924814022876	57.461996952148226	0.12334399792369403	3.2611192837643594	0.12421622627960503	0.06046008373869983	0.07230195781180238	189.52580462430302	116.0	1.633843143312957	-629.8513274963385
3.0	208.0	470.0	0.20249703758402998	0.03560473107068289	84.52019476724347	1.628953827554817	8.027658396190128	1.6486101028979199	0.06046008373869983	0.07230195781180238	189.52580462430302	116.0	1.633843143312957	-629.8513274963385
3.0	218.0	470.0	2.718087699316835	0.0836327706271016	32.274492886670714	0.1647408170268783	4.63680846669098	0.16474134406500496	0.059755275222047315	0.13322411823238142	622.4871993492138	116.0	5.366268959907016	-484.13306762550644
3.0	218.0	470.0	1.5185828313083563	0.11442373249881747	56.8345467926307	0.21552647900696034	2.4772389683012723	0.2155484113721599	0.059755275222047315	0.13322411823238142	622.4871993492138	116.0	5.366268959907016	-484.13306762550644
3.0	218.0	470.0	0.2755967342338725	0.07511017005404336	86.10346498968632	1.8083426716604778	5.753730781427243	1.8083759053259212	0.059755275222047315	0.13322411823238142	622.4871993492138	116.0	5.366268959907016	-484.13306762550644
2.0	228.0	470.0	2.633050644093455	0.09032351417260559	32.28765124082952	0.14896111907757348	3.760641636712128	0.14896111874668064	0.06422025490730444	0.13093130982254367	523.0222855506877	119.0	4.395145256728468	-494.73349874852875
2.0	228.0	470.0	1.4052805360532314	0.1178856264883281	56.04837704524833	0.21377823920107042	2.2046095371612755	0.2134319298569327	0.06422025490730444	0.13093130982254367	523.0222855506877	119.0	4.395145256728468	-494.73349874852875
1.0	268.0	470.0	3.558118093625661	0.12457016224633526	52.14143128691607	0.26329797569608393	6.512390332494018	0.263297698055238	0.062481814414846674	0.24140497521195814	1865.9676008286883	122.0	15.29481640023515	-349.31727335372085
1.0	278.0	470.0	5.394234827425467	0.13156499560906623	51.71120220903024	0.188208423078365	6.682329689920139	0.1882082877951065	0.07340373294660542	0.2582571949460416	1547.4145758253467	122.0	12.6837260313553	-332.4417387269815
1.0	288.0	470.0	5.65588502529533	0.12564599241495633	53.12521222651925	0.19614850634786665	7.646096964824027	0.19614840556849183	0.07872937705427414	0.2638332602500367	1403.768441075669	122.0	11.506298697341549	-327.1094903530526
1.0	298.0	470.0	4.154654407088814	0.06872201008264045	58.26414316343025	0.17098171166382345	8.95227168689302	0.1709817443665265	0.07801332135783966	0.1523364563111104	500.7162214329047	122.0	4.104231323220531	-458.25319768172494
1.0	308.0	470.0	4.072531217190688	0.06324469682075107	62.27875804773538	0.10297447496147431	5.742689076732729	0.10297451993382986	0.08574166017956235	0.10182880360261941	225.2077827600074	122.0	1.845965432459077	-534.5153990503787
1.0	318.0	470.0	3.407827193996882	0.0782686280570762	61.20113556717295	0.13280014762132228	5.007632461084001	0.1328002131275195	0.07337743112907888	0.13199389863455954	410.6647732581995	122.0	3.3661046988377006	-498.3517786695487
2.0	328.0	470.0	0.410100984332073	0.08368450343984557	27.587747064337957	1.2868155290316414	5.457869547623106	1.286906018102045	0.06651314332472012	0.14476516702857953	607.6616192354624	119.0	5.106400161642541	-467.21400700738485
2.0	328.0	470.0	2.4394099526119235	0.0829974849161801	61.13976345007653	0.2180765055425899	5.550994604554954	0.2180939412064984	0.06651314332472012	0.14476516702857953	607.6616192354624	119.0	5.106400161642541	-467.21400700738485
1.0	358.0	470.0	2.929008980651625	0.07664331136675277	57.071531470892126	0.2000606310952084	6.620799389930482	0.20006049804262166	0.12780925610052934	0.14466621588034778	171.61952162267752	122.0	1.4067173903498158	-468.6833025960352
1.0	368.0	470.0	4.13870076237656	0.06733081330917345	57.16308716271872	0.13795486052279757	7.343592407664488	0.13795483509335923	0.06234835135377385	0.13516561909854768	617.3138232510145	122.0	5.059949370909955	-488.1215391349987
2.0	378.0	470.0	6.05210337489707	0.06567456207017043	57.37867717824787	0.0818566176038616	6.532811883035075	0.08186337120516834	0.06956850519255713	0.12456619052112486	409.30620988011106	119.0	3.439547982185807	-505.3802397533582
2.0	378.0	470.0	0.38246814793437767	0.08012073025378418	90.96529094504204	1.061835184942008	4.388520476248458	1.06189930278709	0.06956850519255713	0.12456619052112486	409.30620988011106	119.0	3.439547982185807	-505.3802397533582
1.0	388.0	470.0	7.111182314672782	0.1130978776257541	57.11296876058479	0.11529041673371118	6.277400175319525	0.11529032356681314	0.07328966382691394	0.21503568353206884	1077.5506599643113	122.0	8.832382458723863	-378.06741051362565
1.0	398.0	470.0	6.274977853443429	0.1232916395048834	56.95393128173718	0.1578166278278136	6.9557803837434795	0.1578165740150549	0.07957700341838854	0.231762446797139	1203.5446348087964	122.0	9.865119957449151	-343.66845657084707
1.0	408.0	470.0	4.4713021192741005	0.08826968842103083	56.9491923918007	0.17930080232977746	7.86542387196824	0.1793007608739036	0.08310702804692192	0.17599886519535404	639.5759111857258	122.0	5.242425501522343	-411.8450542524654
2.0	418.0	470.0	2.659151575628227	0.04891044632399741	56.78241948113326	0.18686222625328477	8.749283609295535	0.19592572814326578	0.062134958317247434	0.10692685548029379	371.1466777525913	119.0	3.1188796449797587	-545.8643131103207
2.0	418.0	470.0	0.475493988796447	0.07138023243447493	83.10868593261411	0.7139341104010558	4.000788326081647	0.7221163626490787	0.062134958317247434	0.10692685548029379	371.1466777525913	119.0	3.1188796449797587	-545.8643131103207
3.0	428.0	470.0	1.9520721440831519	0.10436504175861142	47.473443701363806	0.15744007540509655	2.668992238996693	0.17128174670928545	0.08165361847698271	0.11300407022464373	269.47794930460066	116.0	2.323085769867247	-510.73046489704257
3.0	428.0	470.0	1.572407091981014	0.10331391067702012	60.80771325652237	0.1996502949780304	2.7859478409369363	0.2217113215893765	0.08165361847698271	0.11300407022464373	269.47794930460066	116.0	2.323085769867247	-510.73046489704257
3.0	428.0	470.0	0.4185307500779795	0.042863584347318906	68.21834716979733	2.8769434099190176	29.534272204840708	2.6363880426499	0.08165361847698271	0.11300407022464373	269.47794930460066	116.0	2.323085769867247	-510.73046489704257
1.0	438.0	470.0	1.3917549466007046	0.10294140031143344	60.834134858406046	1.3287254551720848	15.559970211634766	1.3287259552796493	0.36105376468786626	0.2834601313419395	91.16158291836899	122.0	0.7472260894948278	-288.1421208836437
1.0	448.0	470.0	5.590094862772062	0.19697360715857656	60.14864540248261	0.16848000167384186	4.14035854599043	0.16847957236820144	0.36105376468786626	0.26198685329423677	88.82977597789049	122.0	0.7281129178515614	-291.3810783267353
1.0	458.0	470.0	7.093214549235317	0.1901631066406236	61.67297120280193	0.1695263427457657	5.476646830061066	0.16952650475972353	0.06241557367845879	0.33732238275867754	3664.163014309375	122.0	30.03412306810963	-265.2299293530705
1.0	468.0	470.0	8.336355391962096	0.1480854525347659	62.51541379227712	0.12814477891617485	6.24716885868832	0.1281447394021636	0.0988700811105061	0.27506666082706943	1010.1825463816714	122.0	8.280184806407142	-311.29057627535326
1.0	478.0	470.0	9.518281236009168	0.2413081024018374	61.79371249454071	0.17152756943622388	5.858900625013989	0.17152739724717964	0.2104471045843964	0.4017141552250287	555.2785780479439	122.0	4.551463754491344	-197.23571140018046
1.0	488.0	470.0	10.738107072457185	0.3666041456205751	61.52239081798449	0.2153550915075555	5.463400535294526	0.21535541528110305	0.21086746909356907	0.5753707950609641	1190.2024910340506	122.0	9.755758123229922	-101.43573849499062
1.0	498.0	470.0	12.31480232805757	0.421086763627668	60.824956943988155	0.2317573119849868	5.8706704756409875	0.23175775907448512	0.25743342738443487	0.7069706139795402	1132.0597280181673	122.0	9.279178098509568	-57.81349626639966
1.0	508.0	470.0	13.392982888651188	0.4221391338074095	59.78695004830532	0.21690251601095928	5.960070745829345	0.21690272236163977	0.27539756426304224	0.7077219827556986	1009.3295120003949	122.0	8.273192721314713	-55.29390894901819
1.0	518.0	470.0	11.22259526654231	0.2497099350837316	59.88419157703638	0.1846470783132269	7.187291338200714	0.18464721006533208	0.2337090552247101	0.43033972825940153	591.3930113542773	122.0	4.847483699625224	-163.1486911270609
1.0	528.0	470.0	9.018817705708894	0.16179780302155117	58.67462116762857	0.2050845870433914	9.900818115399039	0.2050846605746373	0.16642499389268497	0.36522941848773177	674.4852242984836	122.0	5.528567412282652	-231.5981355542914
2.0	538.0	470.0	6.892064155378537	0.19779056794977265	49.48019539605791	0.06462006683845843	3.483076191281752	0.09417415693846852	0.0882972901596895	0.1285229962080998	265.9419108055391	119.0	2.2348059731557908	-499.67907990848823
2.0	538.0	470.0	6.518211588815	0.06323675716235645	62.30623688220014	0.24790250007027886	8.763625469312887	0.2032751091709585	0.0882972901596895	0.1285229962080998	265.9419108055391	119.0	2.2348059731557908	-499.67907990848823
1.0	548.0	470.0	6.521302259905117	0.13750972902356395	58.531437639474845	0.23414572873495346	9.615995785217851	0.23414565862748568	0.07703200725458959	0.31159430730909377	2208.756681087275	122.0	18.104562959731762	-275.899652322672
1.0	558.0	470.0	5.951822520126555	0.16233958991312192	59.90404129955441	0.23308233357406746	7.40008222664151	0.23308220467386206	0.36105376468786626	0.2897572849794164	107.83866567257155	122.0	0.883923489119439	-267.14178269995557
1.0	568.0	470.0	6.183203009393732	0.16597112281874593	60.211812497561965	0.1566454064635885	5.053394245167901	0.1566451466155847	0.059580901843382716	0.24444042536944274	2826.6909788351513	122.0	23.16959818717337	-309.28651081024486
1.0	578.0	470.0	5.475358050957704	0.14402949807027457	60.09509773413577	0.13878302200440748	4.568749844644688	0.13878284383597947	0.36105376468786626	0.173664114789696	52.40714175396512	122.0	0.4295667356882387	-357.3409575522824
1.0	588.0	470.0	3.670479101986785	0.1392295064320216	59.47001302176866	0.2695679743915712	6.153397428252349	0.26956744029457663	0.36105376468786626	0.20422987380575355	65.96256887281397	122.0	0.5406767940394588	-328.585386577604
2.0	598.0	470.0	3.157259840511662	0.0773592583795961	60.2819519853828	0.21856948401491366	7.729861988312933	0.22172685769471492	0.08428126735448485	0.15536041286462487	454.16030614009924	119.0	3.81647316084117	-444.419986820893
2.0	598.0	470.0	0.6951184277633421	0.10729691688126022	87.90733030791093	0.7157062661800837	3.9895813321812774	0.7201069452309194	0.08428126735448485	0.15536041286462487	454.16030614009924	119.0	3.81647316084117	-444.419986820893
2.0	608.0	470.0	3.3140556954411804	0.06550109994132394	61.17426254845123	0.18300788840592258	8.025380857325345	0.18547398957558725	0.05529390884301933	0.13751812753321924	785.7497839904743	119.0	6.6029393612644895	-481.2706836660681
2.0	608.0	470.0	0.5665103584466699	0.10619924295056785	87.41606381625854	0.6596461956340545	3.0313647496645384	0.6620357339792438	0.05529390884301933	0.13751812753321924	785.7497839904743	119.0	6.6029393612644895	-481.2706836660681
1.0	618.0	470.0	3.4081858041188853	0.07123779978104604	61.76242029615579	0.18581726442295762	7.698626276797496	0.1858172096350557	0.07978446972800388	0.14579747011712083	442.40683667017083	122.0	3.6262855464768102	-468.1170813032986
1.0	628.0	470.0	3.1781973679503337	0.06082149098390319	62.73692736316805	0.1812798191145234	8.203476203517495	0.18127979795325125	0.1039774649562826	0.12474958941942613	202.3257179481102	122.0	1.6584075241648377	-499.699630787836
1.0	638.0	470.0	2.81077508709997	0.04727118504763453	62.06473938344972	0.19425249916013376	10.002325109370535	0.19425244114622942	0.06924414532269457	0.11350130660784592	336.0149259596092	122.0	2.7542207045869604	-537.9239398697022
1.0	648.0	470.0	2.572296085885775	0.05540290429098995	60.35882636752295	0.2620114925278386	10.534221805467274	0.2620113927002073	0.06827711081685733	0.13641163879544402	499.98315272290836	122.0	4.098222563302527	-491.76259067660476
1.0	658.0	470.0	2.1693337748746	0.07144332832827867	59.84065836714724	0.40545762320431405	10.660895013385375	0.4054574204960144	0.07899025429122242	0.17546607753773796	628.6586859091803	122.0	5.152940048435904	-426.6983565810359
1.0	688.0	470.0	2.273204851509067	0.08414326242755275	62.21453917283952	0.4278131486632041	10.008547916791237	0.4278129885089459	0.36105376468786626	0.16180148518025791	39.18334098981135	122.0	0.3211749261459947	-393.68985671918284
1.0	698.0	470.0	2.1963243038484057	0.10112062324401509	62.47949903130752	0.4749627746953371	8.932976289868888	0.4749624342908453	0.36105376468786626	0.17148923890911133	50.510218358691645	122.0	0.4140181832679643	-361.9493594904699
2.0	148.0	480.0	1.4503436484361498	0.05964013344251973	28.053196841927207	0.17957479371614068	3.782093546648979	0.17960204498456914	0.06565307081187516	0.084898082681443	219.40472568431903	119.0	1.8437371906245297	-597.8053178697445
2.0	148.0	480.0	0.9054684536096123	0.042589225869314906	61.4859466710655	0.40280860978148075	7.4167677253623125	0.4029073463131953	0.06565307081187516	0.084898082681443	219.40472568431903	119.0	1.8437371906245297	-597.8053178697445
2.0	158.0	480.0	1.6292218592872592	0.055830311467620526	27.000150113361528	0.15757545786164512	3.9819403550722487	0.15757942014710108	0.06468794676499362	0.08162525081188707	208.54781643665535	119.0	1.7525026591315576	-607.8514062179491
2.0	158.0	480.0	0.8839146675250638	0.04259647282707459	61.471852976746106	0.3806639760611006	6.840971726654668	0.38067801705311877	0.06468794676499362	0.08162525081188707	208.54781643665535	119.0	1.7525026591315576	-607.8514062179491
2.0	168.0	480.0	2.391058698043599	0.05036577615582441	27.09796355698512	0.11778431639533504	4.842419844607757	0.11781794341373998	0.06761541375113252	0.08291055828637563	188.87847622741825	119.0	1.587214085944691	-609.1692015529054
2.0	168.0	480.0	0.8259869106790586	0.04083426104168262	62.503738124979606	0.4205183862993893	7.368548365078446	0.4206779903848686	0.06761541375113252	0.08291055828637563	188.87847622741825	119.0	1.587214085944691	-609.1692015529054
2.0	178.0	480.0	3.9967156567856077	0.08899908902622991	26.757532082066597	0.12667890403593454	4.794796603298894	0.12799236340087317	0.06621796948042608	0.1455828938289927	607.9398105548257	119.0	5.108737903822065	-468.2687202401516
2.0	178.0	480.0	0.6062528592546772	0.056380560013430066	61.54774385671455	1.3252192720650746	12.272935021906495	1.3931429004446292	0.06621796948042608	0.1455828938289927	607.9398105548257	119.0	5.108737903822065	-468.2687202401516
2.0	188.0	480.0	4.1511418180194335	0.0950036581035865	26.251831658444573	0.10932145635315511	4.136787486268364	0.10932145648640212	0.05830322835497126	0.14292257829332672	772.2525582154468	119.0	6.489517295928125	-470.18785026911985
2.0	188.0	480.0	1.1751199183400178	0.11250248810982545	58.9793056637475	0.32614909604275777	2.94934510294351	0.32614561257121827	0.05830322835497126	0.14292257829332672	772.2525582154468	119.0	6.489517295928125	-470.18785026911985
2.0	198.0	480.0	2.4225750149990932	0.07027444963796535	26.31253710730754	0.13786658815826439	4.11571431043999	0.13786642333832397	0.05994422161788218	0.10401890574974408	397.70610952490324	119.0	3.3420681472680944	-546.1983856872238
2.0	198.0	480.0	1.3271438237450934	0.07528582117557149	57.847765011342766	0.23490995795795502	3.5860468131641436	0.23490966378214753	0.05994422161788218	0.10401890574974408	397.70610952490324	119.0	3.3420681472680944	-546.1983856872238
2.0	208.0	480.0	1.5948319411431642	0.056898862973072235	29.616587500323018	0.2584754045078097	6.2733982343954455	0.2585219862820684	0.05785928803770315	0.0993191509324598	426.5458564846261	119.0	3.5844189620556812	-546.2976889509556
2.0	208.0	480.0	1.3529160242424594	0.08436846094780684	57.36181684428421	0.20547416995678977	2.853487877846299	0.20549494681339803	0.05785928803770315	0.0993191509324598	426.5458564846261	119.0	3.5844189620556812	-546.2976889509556
2.0	218.0	480.0	2.259719489275661	0.08827540756669006	32.24775882717014	0.22356369875032056	4.95617338117446	0.22356492986743703	0.05723073516421359	0.1471093718967057	829.023973745339	119.0	6.966588014666715	-465.96226777222466
2.0	218.0	480.0	1.069434674070311	0.1313737471857457	56.97695443250052	0.3175179841514867	2.240364504283209	0.3179027129149863	0.05723073516421359	0.1471093718967057	829.023973745339	119.0	6.966588014666715	-465.96226777222466
2.0	228.0	480.0	2.20514875194929	0.05748096803011929	32.987754783190134	0.1405546601004095	4.669564803104083	0.1405584648818365	0.06247644389568915	0.0930885005665195	277.9046385606599	119.0	2.3353330971484025	-580.6590219837306
2.0	228.0	480.0	0.9465936952511717	0.08058022019659959	55.815024492228744	0.23351878741653442	2.3762956592121975	0.23346413848474887	0.06247644389568915	0.0930885005665195	277.9046385606599	119.0	2.3353330971484025	-580.6590219837306
1.0	268.0	480.0	3.0483182114177	0.10467639663270484	51.88746428176341	0.2417157712222698	6.095307008971947	0.24171543660657926	0.06220771962936743	0.19425663347560496	1244.0918244465788	122.0	10.197473970873597	-401.08812589320524
1.0	278.0	480.0	4.402907668643538	0.08473755716163414	51.38959880068514	0.153740269937322	6.917787020925944	0.15374022097182816	0.059238962102379285	0.16059500548827382	1020.2991220454649	122.0	8.363107557749712	-438.10177962661845
1.0	288.0	480.0	4.296531691143029	0.05586542977122543	53.586541247485385	0.12064049635643072	8.034853231487794	0.12064045472074751	0.05372236115141872	0.1168648647267608	626.2984575580481	122.0	5.1335939144102305	-523.5423276604737
1.0	298.0	480.0	3.875243574412185	0.039219168240448916	58.79195531944405	0.08691049325107827	7.437099890962932	0.08691049525374378	0.05997234851949394	0.08070559357120105	229.25123178965003	122.0	1.8791084572922134	-621.65482688053
1.0	308.0	480.0	4.2327498372580985	0.05767277812344554	60.88977976835218	0.09420633541916587	5.987784636371185	0.09420634602458057	0.06309962289672257	0.10617400695893225	360.54994666330657	122.0	2.9553274316664475	-552.3455266671216
1.0	318.0	480.0	3.61989017197069	0.05867693486284961	59.8592073017722	0.10700512016132731	5.717046276493262	0.10700514668840484	0.0620516420334816	0.10598732224717457	368.47480606897614	122.0	3.020285295647345	-553.8147507638083
3.0	328.0	480.0	0.42827314904033664	0.08477444641919141	26.520394208796287	1.1328657379145892	4.956393044195429	1.1328780763420137	0.06008330906409352	0.13960515480533	676.2337700416452	116.0	5.8296014658762525	-472.4124448825973
3.0	328.0	480.0	3.3298133231352596	0.08475103011224674	58.754533707566544	0.14574695886281927	4.959134391492532	0.14574865088555455	0.06008330906409352	0.13960515480533	676.2337700416452	116.0	5.8296014658762525	-472.4124448825973
3.0	328.0	480.0	0.3333558483090174	0.09123191514276471	91.16441750197419	1.3524072532465041	4.279563315824376	1.3524081683293852	0.06008330906409352	0.13960515480533	676.2337700416452	116.0	5.8296014658762525	-472.4124448825973
3.0	338.0	480.0	0.45214838127068113	0.0954317242609297	28.457562604930523	1.3006991937747736	5.339684013051091	1.3011069503327992	0.07183930821678794	0.16012199647766925	645.4506235292843	116.0	5.564229513183485	-433.5612816560935
3.0	338.0	480.0	3.2918122994580945	0.09940872802962669	58.17219633558408	0.17153221672477717	4.919228543265072	0.17158224401357536	0.07183930821678794	0.16012199647766925	645.4506235292843	116.0	5.564229513183485	-433.5612816560935
3.0	338.0	480.0	0.5066004871477501	0.1189287184737813	90.90967646604724	0.9315221287484438	3.436381690853165	0.931522065864207	0.07183930821678794	0.16012199647766925	645.4506235292843	116.0	5.564229513183485	-433.5612816560935
3.0	348.0	480.0	0.34339304885915856	0.08217813442136249	29.560061134079593	1.4395202802571725	5.209754113012597	1.4418212258236578	0.05958778802752132	0.137304311534903	678.4947469754125	116.0	5.849092646339763	-474.06556382329944
3.0	348.0	480.0	3.4883136882335166	0.08291706205193727	57.26707273126336	0.1404449519790623	5.117218904722379	0.14066656710506903	0.05958778802752132	0.137304311534903	678.4947469754125	116.0	5.849092646339763	-474.06556382329944
3.0	348.0	480.0	0.4294242323082556	0.10304482902510809	90.36860102505986	0.9172885279246751	3.3105254710785053	0.917288527432194	0.05958778802752132	0.137304311534903	678.4947469754125	116.0	5.849092646339763	-474.06556382329944
2.0	358.0	480.0	3.935947835439585	0.08731332024611126	56.14146062989353	0.1564360494928781	6.107324096084904	0.15643616706472221	0.07388277291990678	0.16047514399675608	599.6756201023413	119.0	5.039290925229759	-442.5976411739045
2.0	358.0	480.0	0.6134130030825137	0.12868227215376324	89.1046459685363	0.6810197065729948	2.81220226155289	0.681028382535463	0.07388277291990678	0.16047514399675608	599.6756201023413	119.0	5.039290925229759	-442.5976411739045
2.0	368.0	480.0	4.4483841787128835	0.08114908589024282	56.515450650862995	0.15943876691921904	7.569574055932764	0.15949101843414118	0.0733676450020388	0.16736111233632828	650.9433798888219	119.0	5.47011243604052	-434.09258079267175
2.0	368.0	480.0	0.6765136699133814	0.12286986187590845	88.80512642827077	0.6924897297199539	3.3004320073104516	0.692595609610923	0.0733676450020388	0.16736111233632828	650.9433798888219	119.0	5.47011243604052	-434.09258079267175
1.0	378.0	480.0	5.850623336767969	0.09626472758161603	56.92779061603197	0.13453533438922938	7.0809675242718	0.13453530862344185	0.05893796178931018	0.18285008092531368	1361.621779492087	122.0	11.16083425813186	-403.3027188575332
3.0	388.0	480.0	3.1103106754156995	0.19855876933164845	60.23037585469115	0.5117058868647124	8.399219349444515	0.2232347627279162	0.029807108539546087	0.0973822181651894	1705.289527713965	116.0	14.70077179063763	-532.0398195672697
3.0	388.0	480.0	4.560052790964712	0.23939571768292103	54.36118507235986	0.11592065624346885	3.932227152875062	0.16245366414365844	0.029807108539546087	0.0973822181651894	1705.289527713965	116.0	14.70077179063763	-532.0398195672697
3.0	388.0	480.0	0.24635387110534573	0.05790319187859974	190.5605084761421	2.0008703565077104	7.014841164935698	2.211737843426288	0.029807108539546087	0.0973822181651894	1705.289527713965	116.0	14.70077179063763	-532.0398195672697
1.0	398.0	480.0	5.538144094173329	0.13198060300593747	57.06854160875296	0.2096107145296354	7.61685574997008	0.2096106267496564	0.36105376468786626	0.2485367084779095	73.36361433623456	122.0	0.6013411011166767	-315.2928050313583
1.0	408.0	480.0	4.326840119771712	0.09031760776418445	58.197967029506444	0.21331919557747261	8.849853112295474	0.21331912491098565	0.36105376468786626	0.18824407685371702	39.91774051446098	122.0	0.3271945943808277	-391.3687107463198
1.0	418.0	480.0	2.9486246067300526	0.06606107346886388	58.49106269150756	0.25425910072560615	9.828029827596495	0.25425905683194483	0.0715468919844413	0.14580601239111599	603.9477576185903	122.0	4.950391455890085	-456.4538077135929
2.0	428.0	480.0	0.9170943815970626	0.17394771528036698	47.60877695737095	0.4253188198175226	2.1156434067247285	0.5034481084011801	0.36105376468786626	0.14025911462563018	28.289394479732557	119.0	0.23772600403136604	-427.69857989666383
2.0	428.0	480.0	1.6548702691609012	0.06657109114046095	61.646446130852866	0.7594609317873493	12.383186801862287	0.6581134112808813	0.36105376468786626	0.14025911462563018	28.289394479732557	119.0	0.23772600403136604	-427.69857989666383
1.0	438.0	480.0	1.578587636725679	0.12578937610429128	65.20054672756281	1.0088642196455184	10.961230732404523	1.008862938990011	0.36105376468786626	0.28825036497307077	95.91859987713492	122.0	0.7862180317797944	-281.78382770465527
1.0	448.0	480.0	5.381878613528904	0.2738350092501684	60.7107807268385	0.2148680140231058	3.6566455883875397	0.21486720825081265	0.7086011871675677	0.3510183802002996	39.36529757333101	122.0	0.32266637355189354	-224.54423796499117
1.0	458.0	480.0	6.377641040839029	0.1593000964604287	62.10707571305222	0.16575456420232154	5.747340136307175	0.1657546951656871	0.1445566347565873	0.2619202478626356	503.0586217295566	122.0	4.123431325652104	-303.47185677111185
1.0	468.0	480.0	7.327694121579672	0.09031833792608938	62.21214505869666	0.09761321608793475	6.858762170857387	0.0976132479075149	0.054704321783619385	0.16683819505798875	1347.5899855515986	122.0	11.045819553701628	-423.2332230983177
1.0	478.0	480.0	8.553653282289934	0.0790632158829878	62.0206681770439	0.06906405319444779	6.471033052309005	0.06906407665783267	0.1005844807599267	0.14688097591165988	288.18071246940593	122.0	2.362136987454147	-463.78007251590174
1.0	488.0	480.0	10.160026450804871	0.19892997807359414	61.65396295507388	0.1371202259572688	6.065352755867885	0.13712033288538258	0.22655421385073696	0.33324133752375	337.059223710095	122.0	2.7627805222138937	-241.19963753484686
1.0	498.0	480.0	12.362180385186972	0.31592724357293817	60.73907356002341	0.18645562107088406	6.318040880844244	0.1864554736273392	0.2553251426360798	0.5561199924361165	697.274938607344	122.0	5.715368349240524	-120.44611226059097
