ncomps	x	y	amplitude	err amplitude	shift	err shift	width	err width	rms	residual	chisq	dof	redchisq	aic
2.0	668.0	610.0	2.977127468313812	0.053802288837555445	68.96585180636441	0.1501666325684028	7.196291422220902	0.1501850437206901	0.06169943981841714	0.1077640740398325	384.6957033163038	119.0	3.2327370026580153	-543.1408794665911
2.0	668.0	610.0	0.953664987535658	0.05900704441358843	108.62251616536022	0.42740259919818113	5.983666611748803	0.42745116269930145	0.06169943981841714	0.1077640740398325	384.6957033163038	119.0	3.2327370026580153	-543.1408794665911
2.0	678.0	610.0	2.8696362222435137	0.07971690864455865	68.99214277443916	0.28941149414961265	9.02332498410077	0.2894244152267928	0.07854074303853988	0.17302395792814068	653.4914259122875	119.0	5.491524587498214	-416.5706184754684
2.0	678.0	610.0	1.6371800600495559	0.11336022159817898	112.06053223649239	0.3567380367318612	4.461822682326737	0.35674798818123266	0.07854074303853988	0.17302395792814068	653.4914259122875	119.0	5.491524587498214	-416.5706184754684
3.0	688.0	610.0	2.1814475271480824	0.13242117489718155	57.408508933126726	0.12637068508207858	2.3791990773282796	0.16923459967203344	0.36105376468786626	0.0909017713598016	11.061677629896407	116.0	0.09535928991290006	-538.2202659140012
3.0	688.0	610.0	2.546891497467093	0.05363375786738995	69.20815889217624	0.32653464847787317	7.729666316599259	0.31512115193379076	0.36105376468786626	0.0909017713598016	11.061677629896407	116.0	0.09535928991290006	-538.2202659140012
3.0	688.0	610.0	1.2039770808673171	0.07895103294371486	112.16358117674669	0.25559152384066447	3.375494701868625	0.25559154508564674	0.36105376468786626	0.0909017713598016	11.061677629896407	116.0	0.09535928991290006	-538.2202659140012
2.0	698.0	610.0	2.851943180145211	0.06352619488984745	62.9432117956219	0.22472270186547072	8.737074256210867	0.224722703375399	0.06299554260100994	0.1405071016666266	624.6725659558825	119.0	5.249349293746912	-477.3467273725116
2.0	698.0	610.0	0.2626245520460845	0.12860728785912756	111.19105964667904	1.2066434400670043	2.134290094402655	1.209562541532294	0.06299554260100994	0.1405071016666266	624.6725659558825	119.0	5.249349293746912	-477.3467273725116
2.0	708.0	610.0	2.844150375322353	0.06790984452182351	60.07504737905466	0.4393030167738091	9.28818221628857	0.4412318580839548	0.05991826220132911	0.14913753984924044	776.8550562363054	119.0	6.528193749884919	-462.6141145300703
2.0	708.0	610.0	0.5717956021532578	0.13163210088921282	78.01584349220174	1.1514715130771662	4.393062125094546	1.1673346471846258	0.05991826220132911	0.14913753984924044	776.8550562363054	119.0	6.528193749884919	-462.6141145300703
2.0	718.0	610.0	1.5928687635970642	0.1572154288231254	48.34281794703602	0.23915792687640533	2.568626173724096	0.31463125838365474	0.061089948199607405	0.14720570005585196	762.1685613026867	119.0	6.404777826072998	-460.1583702848693
2.0	718.0	610.0	2.4230230460774624	0.06250543836633586	62.47413061776987	0.5067705144270801	10.774918860574733	0.4540786731966408	0.061089948199607405	0.14720570005585196	762.1685613026867	119.0	6.404777826072998	-460.1583702848693
3.0	728.0	610.0	2.2486821034346183	0.18137617776651319	48.76077155508231	0.17731422191393315	3.48188776293372	0.22213899723934094	0.06593087793837812	0.08800892698033816	223.24958338008298	116.0	1.9245653739662325	-587.724803003377
3.0	728.0	610.0	2.282222316575197	0.2652371913290434	61.597126095237456	0.14300298685704182	3.2635376111540007	0.27219374425965687	0.06593087793837812	0.08800892698033816	223.24958338008298	116.0	1.9245653739662325	-587.724803003377
3.0	728.0	610.0	1.0153533762915983	0.09440651406952477	69.96282418810974	2.8671086948818627	11.025059007696028	1.6781695631877296	0.06593087793837812	0.08800892698033816	223.24958338008298	116.0	1.9245653739662325	-587.724803003377
3.0	738.0	610.0	1.7063857777718914	0.09462706126204384	49.57641654818199	0.17862698233307062	3.3519509172408135	0.19580945000055042	0.06301978238598946	0.09106079248471961	262.39505992786474	116.0	2.262026378688489	-578.8192449100447
3.0	738.0	610.0	2.646742812171085	0.14710203808038863	61.53897759419896	0.11597381563347928	3.3384422408422925	0.17868500654017427	0.06301978238598946	0.09106079248471961	262.39505992786474	116.0	2.262026378688489	-578.8192449100447
3.0	738.0	610.0	0.5781664146861557	0.04087011014530964	75.03628004448004	2.553388787111251	11.641180333903073	2.0747516198596965	0.06301978238598946	0.09106079248471961	262.39505992786474	116.0	2.262026378688489	-578.8192449100447
2.0	748.0	610.0	2.289321519514383	0.08476871487786712	60.213536350960894	0.2992659669350726	6.7076131569740465	0.31866361086161016	0.05997185340214288	0.16179041234464758	913.851669825874	119.0	7.6794257968560835	-442.08880302351076
2.0	748.0	610.0	0.5588873059601146	0.0879248762082813	85.1961115026812	1.1814637796456804	6.18450760214698	1.245939196108961	0.05997185340214288	0.16179041234464758	913.851669825874	119.0	7.6794257968560835	-442.08880302351076
3.0	758.0	610.0	1.2546123691054587	0.08675166997433474	59.73682497796407	0.5028804174021404	10.948169072683262	0.7120078470432922	0.07886741023945906	0.10289618928957629	223.68837226405063	116.0	1.928348036759057	-542.6890607531358
3.0	758.0	610.0	1.4892432163960203	0.11995165391193822	60.26812703200653	0.16598160680532184	2.0979990029345665	0.20986787207114818	0.07886741023945906	0.10289618928957629	223.68837226405063	116.0	1.928348036759057	-542.6890607531358
3.0	758.0	610.0	0.5396896538532526	0.0645691659748986	87.33425484314282	0.7875513015928409	5.131779725085007	0.791777661113928	0.07886741023945906	0.10289618928957629	223.68837226405063	116.0	1.928348036759057	-542.6890607531358
2.0	798.0	610.0	1.6144849126790364	0.07320240841658014	47.73591172657053	0.4938195224914291	6.945101460731644	0.49327945569612797	0.06784972029380208	0.14339008587695368	558.4548672632359	119.0	4.692898044228873	-472.79563096169244
2.0	798.0	610.0	1.9282834460034264	0.06818936601756503	71.97165220464451	0.4466178346676503	8.208761252296204	0.4711128655104082	0.06784972029380208	0.14339008587695368	558.4548672632359	119.0	4.692898044228873	-472.79563096169244
3.0	808.0	610.0	0.35106185419919494	0.08438688985203757	9.148066028357086	1.0725637399427914	3.864095851112279	1.072614813438545	0.060734262844624784	0.1214708275181377	511.2568342386287	116.0	4.407386502057144	-504.6768099363526
3.0	808.0	610.0	1.5769401231994795	0.055958430697661335	51.559578555707	0.6415714568240011	9.303817854008805	0.6361296781545058	0.060734262844624784	0.1214708275181377	511.2568342386287	116.0	4.407386502057144	-504.6768099363526
3.0	808.0	610.0	2.0933695889387702	0.07345096720778722	74.12284928972021	0.385795392890775	6.515728978190625	0.3428085496470753	0.060734262844624784	0.1214708275181377	511.2568342386287	116.0	4.407386502057144	-504.6768099363526
4.0	818.0	610.0	0.7603934396109747	0.06950229209621493	10.490755728548864	0.2928652118168026	2.7737994053920594	0.2929633227523834	0.06623823008386585	0.08099020369546693	203.87769256736294	113.0	1.8042273678527694	-590.6878416539412
4.0	818.0	610.0	1.4196667545899129	0.047504656693104524	58.011452167307105	0.9870429014672509	13.41363098699172	0.6541888989916549	0.06623823008386585	0.08099020369546693	203.87769256736294	113.0	1.8042273678527694	-590.6878416539412
4.0	818.0	610.0	0.6200203057293548	0.10340409568551048	67.02936832425462	0.556276521634289	2.756647820068602	0.5679998549226293	0.06623823008386585	0.08099020369546693	203.87769256736294	113.0	1.8042273678527694	-590.6878416539412
4.0	818.0	610.0	2.148535850390273	0.1132810047697178	76.81701994048606	0.18315568454817338	3.7369205435239445	0.23218740502466054	0.06623823008386585	0.08099020369546693	203.87769256736294	113.0	1.8042273678527694	-590.6878416539412
4.0	828.0	610.0	0.7766466490826742	0.0692540871150182	10.900276035514635	0.2291428248660734	2.225810776073433	0.22975307177153348	0.06340746453986384	0.06978313242601412	176.9866885667259	113.0	1.5662538811214681	-619.2876092004738
4.0	828.0	610.0	1.0643423587998162	0.044748927840838226	57.16185678508343	1.1342451153585655	14.858222456952957	0.7044012254464175	0.06340746453986384	0.06978313242601412	176.9866885667259	113.0	1.5662538811214681	-619.2876092004738
4.0	828.0	610.0	0.8416021431834766	0.08892403198474154	65.30658000071395	0.28066556106902557	2.9066346490863486	0.33814142766799643	0.06340746453986384	0.06978313242601412	176.9866885667259	113.0	1.5662538811214681	-619.2876092004738
4.0	828.0	610.0	2.098522765153971	0.09218441497808769	77.04125311132181	0.1227355091857653	3.6547492688898995	0.17447105386856565	0.06340746453986384	0.06978313242601412	176.9866885667259	113.0	1.5662538811214681	-619.2876092004738
2.0	968.0	610.0	3.058305049043537	0.1458182843355129	48.2686100833063	0.472706457187056	8.369366206202958	0.5116135965415248	0.19760747684873	0.2884016743669688	306.08651306545073	119.0	2.5721555719785774	-280.71204372248593
2.0	968.0	610.0	1.99257124027184	0.21613967786323113	70.86831071872096	0.48460733983041043	3.660337717145877	0.49118418899555166	0.19760747684873	0.2884016743669688	306.08651306545073	119.0	2.5721555719785774	-280.71204372248593
2.0	978.0	610.0	2.6773787856840676	0.13174310210450832	47.99483859089456	0.5096510343089075	8.501612935393258	0.5608147173754839	0.2142513512791128	0.2574690221825697	213.4291669464042	119.0	1.7935224113143209	-305.5655805222323
2.0	978.0	610.0	1.6457470151823892	0.18475956488742515	70.55749474971853	0.583579374957637	4.126710465391214	0.590679000606053	0.2142513512791128	0.2574690221825697	213.4291669464042	119.0	1.7935224113143209	-305.5655805222323
2.0	138.0	620.0	1.393000327123531	0.0583905298323176	25.06746517584343	0.20953175899577453	4.329019039467176	0.2095616381509495	0.08690879805163952	0.09092366868170242	137.3774582228586	119.0	1.1544324220408284	-586.2098165124294
2.0	138.0	620.0	0.8236083523166391	0.05057314903790252	55.18400455635911	0.4091520879929694	5.771396336529708	0.4092217572414989	0.08690879805163952	0.09092366868170242	137.3774582228586	119.0	1.1544324220408284	-586.2098165124294
2.0	168.0	620.0	1.253013848166683	0.037345742363283335	27.34834267129158	0.2885450339876136	7.564965545032305	0.30926607474467227	0.07626378060000319	0.07577845339711271	123.45185443672442	119.0	1.0374105414850792	-632.2352357367038
2.0	168.0	620.0	0.9166196506249583	0.037693823709128924	54.40317117008242	0.3906556210697632	7.400548362402633	0.4168943035502361	0.07626378060000319	0.07577845339711271	123.45185443672442	119.0	1.0374105414850792	-632.2352357367038
2.0	178.0	620.0	1.5115303687779764	0.03349810024961863	28.9186437343155	0.27694919154058567	7.605343235978399	0.2728455926370781	0.06766387665449192	0.06739933239491336	128.0999010937509	119.0	1.0764697570903436	-657.5267534473238
2.0	178.0	620.0	0.7237059286806912	0.03146209773041318	54.5496506956613	0.6184520092591784	8.758329493652132	0.640010346160731	0.06766387665449192	0.06739933239491336	128.0999010937509	119.0	1.0764697570903436	-657.5267534473238
2.0	188.0	620.0	1.8728962766682633	0.04828925980638503	32.8806566020443	0.24343793600075242	7.65492380353119	0.26110865357295177	0.0941577701813241	0.09321846605068417	136.81328596161424	119.0	1.1496914786690273	-566.696087115978
2.0	188.0	620.0	0.48656061529281314	0.049905950557095805	60.50655926230623	0.9062226511320225	7.096610866259319	0.9606951208907586	0.0941577701813241	0.09321846605068417	136.81328596161424	119.0	1.1496914786690273	-566.696087115978
3.0	198.0	620.0	2.2867724981658224	0.05275736446348037	34.04922960101602	0.18790439278846024	7.054584462174201	0.18807155316972946	0.07857955773039697	0.10371278775683383	217.82102436609662	116.0	1.8777674514318674	-546.9257060005416
3.0	198.0	620.0	0.6511445355666302	0.07762299219875216	63.7107603833779	0.6516525059003565	3.358272303283001	0.6334501602890206	0.07857955773039697	0.10371278775683383	217.82102436609662	116.0	1.8777674514318674	-546.9257060005416
3.0	198.0	620.0	0.382381807274868	0.06991689244277138	75.5127318237901	1.2387279740959272	4.212242445899956	1.296999791768025	0.07857955773039697	0.10371278775683383	217.82102436609662	116.0	1.8777674514318674	-546.9257060005416
2.0	208.0	620.0	1.6835323625702028	0.05019724954037142	34.552002538885134	0.2945922686371412	8.48514318000814	0.3056153004230832	0.07179993811818149	0.10529659928641	286.14330488264346	119.0	2.4045655872491047	-542.233675035105
2.0	208.0	620.0	0.7620578554001273	0.05458409866449595	67.82330828660574	0.598434021296883	7.127356168138954	0.6157565359549191	0.07179993811818149	0.10529659928641	286.14330488264346	119.0	2.4045655872491047	-542.233675035105
2.0	268.0	620.0	2.375715457340249	0.07336877455792533	56.73743454263987	0.23840296634303937	6.686003611272732	0.23840654649898807	0.08033143516545205	0.14064017842131102	392.09240045885923	119.0	3.294894121503019	-474.78872759337577
2.0	268.0	620.0	0.6020364679821031	0.10868937803432195	89.20302624994503	0.6350694132801974	3.0463858887574657	0.6350748392148653	0.08033143516545205	0.14064017842131102	392.09240045885923	119.0	3.294894121503019	-474.78872759337577
2.0	278.0	620.0	2.9799374318130236	0.07103257487678281	57.359726783285836	0.15206147255019214	5.524968494943675	0.1520619166780099	0.0636553382577306	0.12213794108562859	483.6767773893832	119.0	4.064510734364564	-506.71826635638524
2.0	278.0	620.0	0.9911182299435425	0.08744337839146586	89.03918696869589	0.3714002218870296	3.645604756079183	0.37140079269249676	0.0636553382577306	0.12213794108562859	483.6767773893832	119.0	4.064510734364564	-506.71826635638524
2.0	288.0	620.0	2.987306565299739	0.07987702982135768	58.51322423460966	0.18259454916868145	5.915221055164985	0.18309295380051638	0.07807851267535901	0.1444332073576112	434.5928178444772	119.0	3.652040486088044	-469.0362564791588
2.0	288.0	620.0	1.2471600444551654	0.0883938749684064	86.63644752498914	0.3952585157715345	4.827706792540276	0.3961757330592794	0.07807851267535901	0.1444332073576112	434.5928178444772	119.0	3.652040486088044	-469.0362564791588
3.0	298.0	620.0	0.33233363022930434	0.06045818419969257	29.42763502168831	1.224523699237906	5.3547481683008735	1.2602368318470174	0.07836173730643034	0.10138024904420558	214.0361794146297	116.0	1.845139477712325	-549.8107456740698
3.0	298.0	620.0	1.953911926573267	0.09732198327125893	57.600619790503806	0.18343522511672147	3.76083614350192	0.23017687917318205	0.07836173730643034	0.10138024904420558	214.0361794146297	116.0	1.845139477712325	-549.8107456740698
3.0	298.0	620.0	1.3819022927768765	0.07305526863150552	64.51754889913569	0.7053581237146843	13.800221374287894	0.5608547176694374	0.07836173730643034	0.10138024904420558	214.0361794146297	116.0	1.845139477712325	-549.8107456740698
2.0	308.0	620.0	1.7945465627718733	0.13741903077369064	59.301898222999284	0.444686157751206	11.701980292920679	0.5914974593789489	0.10535212533878276	0.12736670951091494	208.6672364603956	119.0	1.7535061887428203	-485.8464923375183
2.0	308.0	620.0	2.005402201049561	0.15435206109303198	57.75544564874077	0.19834746828930327	3.120709227757799	0.27857030405342487	0.10535212533878276	0.12736670951091494	208.6672364603956	119.0	1.7535061887428203	-485.8464923375183
2.0	318.0	620.0	0.5117742199767634	0.09566779899042609	35.16163290419379	1.25060597327899	5.58437750767592	1.309985801849591	0.12541731016073435	0.15788022134408541	224.1387182418954	119.0	1.8835186406881965	-433.32136568775724
2.0	318.0	620.0	3.457252572191353	0.09128296851196893	58.6143104159498	0.1940422588565033	6.186239319516549	0.2052081824960948	0.12541731016073435	0.15788022134408541	224.1387182418954	119.0	1.8835186406881965	-433.32136568775724
2.0	328.0	620.0	0.42837044498464816	0.08008059814359669	33.87285471092144	1.0758486351089662	4.958823484066737	1.08962441300786	0.06725871210571047	0.13121576130935	491.7897020761059	119.0	4.132686572068117	-490.873134179716
2.0	328.0	620.0	2.893122132436427	0.07121314676499031	59.921506437878286	0.17908508440858698	6.295669345477087	0.1820958849070627	0.06725871210571047	0.13121576130935	491.7897020761059	119.0	4.132686572068117	-490.873134179716
2.0	338.0	620.0	0.295993631242118	0.09459897526441306	33.552672729709656	1.3953823148234814	3.7789066021784343	1.3961745242451526	0.07026198163184992	0.13692387728673291	481.6691375826186	119.0	4.047639811618644	-482.5512796003034
2.0	338.0	620.0	2.4747205858929355	0.07362719199494974	61.653318034663315	0.21441532142791728	6.242098603183275	0.2145977823358298	0.07026198163184992	0.13692387728673291	481.6691375826186	119.0	4.047639811618644	-482.5512796003034
1.0	358.0	620.0	2.1614554335630762	0.04955349871081235	62.5178830327234	0.23890355962287152	9.025097343205648	0.23890364784206713	0.08399066021705094	0.10635044083147546	226.43014531216977	122.0	1.8559847976407358	-538.9970746988402
1.0	368.0	620.0	2.54518915410587	0.0535016774753734	61.47071537155938	0.26229018233627144	10.80602229313935	0.2622901813552611	0.08017590724421554	0.12149301657578912	346.83750000968627	122.0	2.842930327948248	-497.3152252576253
1.0	378.0	620.0	2.58949005626363	0.057722717816222374	62.946398983845796	0.31434010769225945	12.211666544955511	0.31434004722008163	0.1834596015464265	0.1289299351947864	87.13976842556964	122.0	0.7142603969308987	-463.0402444607807
2.0	388.0	620.0	2.2429037411945116	0.5135471676616427	60.24260181619725	3.124139245095358	10.212880392891977	1.278281557548398	0.05504857086618877	0.10813932583770813	529.7337839623984	119.0	4.451544403045365	-531.6653737133086
2.0	388.0	620.0	2.5454964858130418	0.5659683767798345	78.06082293320893	2.5254095985227387	9.833878239479349	0.9988245485550686	0.05504857086618877	0.10813932583770813	529.7337839623984	119.0	4.451544403045365	-531.6653737133086
1.0	398.0	620.0	4.609718004051607	0.06752057092411672	70.51602258972123	0.209234905334147	12.370264212275963	0.2092348664774794	0.36105376468786626	0.1230947748132544	31.18435977704811	122.0	0.2556095063692468	-422.23173194274784
1.0	408.0	620.0	4.63554892196722	0.08709275966054443	66.67878870141543	0.20792379797267055	9.58395601769914	0.20792377357038228	0.36105376468786626	0.12357901316624352	40.19617834609232	122.0	0.3294768716892813	-390.49982629806215
1.0	418.0	620.0	4.149487850840768	0.08649665642171407	63.01124633296478	0.21859653522746603	9.081771329305065	0.2185965415006249	0.36105376468786626	0.1357989197946351	37.56972101845026	122.0	0.30794853293811686	-398.94651269516083
1.0	428.0	620.0	3.682851206648346	0.0935698052693034	60.920236933369885	0.2744062273105875	9.353118199626232	0.2744061646232438	0.36105376468786626	0.17199523567110606	45.2802391128741	122.0	0.37114950092519755	-375.6124776038087
1.0	438.0	620.0	2.9502986454134033	0.10427582132544191	60.35292825509679	0.45103460243631116	11.052391562856243	0.4510347505371234	0.36105376468786626	0.1802031988399656	66.44632808847788	122.0	0.5446420335121138	-327.6720012628164
1.0	448.0	620.0	3.590170749574446	0.11338518628052031	61.2359387603836	0.3659676008931069	10.034365270668735	0.3659674239560148	0.36105376468786626	0.15917141980208432	71.33462658945035	122.0	0.5847100540118881	-318.7985849405948
1.0	458.0	620.0	5.538687818767793	0.07737128712323327	62.8628895071231	0.14614994283109836	9.060453366910277	0.14614992885651998	0.06586586504037802	0.17639245272229312	901.169667931017	122.0	7.386636622385385	-427.111261554154
1.0	468.0	620.0	9.969059701665243	0.5723692112287282	60.748619980798026	0.543046564612798	8.19106894973628	0.5430465261736506	0.36105376468786626	0.7092640742319316	1483.7687675762986	122.0	12.162039078494251	60.57125738958558
1.0	478.0	620.0	11.610778873090416	0.9074913383313953	62.18105253110719	0.7585205074552486	8.402161362503607	0.758519013465198	0.8390258858256112	1.2156577652917948	708.6349534202515	122.0	5.808483224756159	178.99991771794745
2.0	488.0	620.0	6.848148677566493	1.0122598214130971	59.82548788647395	0.36159236008118656	2.7508675136693674	0.4508861249940814	0.48640831351913505	0.49011606406797453	365.63635722429365	119.0	3.0725744304562492	-33.29915689063073
2.0	488.0	620.0	8.068595200967009	0.42165092529251436	72.10028150306766	0.8247059102346186	7.4253373356427534	0.8032995863081845	0.48640831351913505	0.49011606406797453	365.63635722429365	119.0	3.0725744304562492	-33.29915689063073
1.0	498.0	620.0	7.759935218292656	0.14140841867465972	71.84217668280625	0.1714630502880315	8.148558916894961	0.1714630390372108	0.36105376468786626	0.1804350799804345	90.0955270211013	122.0	0.7384879264024697	-289.6125020869649
1.0	508.0	620.0	8.810446417994303	0.1410147463562849	70.85441463868688	0.13094847486763672	7.085253085063778	0.1309484476604588	0.36105376468786626	0.19986593427107915	77.90408854651902	122.0	0.6385581028403199	-307.7865124278027
1.0	518.0	620.0	8.920519790665612	0.11597035965699658	69.47651137024965	0.1145563977316646	7.6310448285526835	0.1145563791916353	0.0479797852178917	0.22921963704198367	3213.5200537614032	122.0	26.3403283095197	-347.3928160228912
1.0	528.0	620.0	7.956021635116633	0.09627612571168732	68.77643603322812	0.11404754199476543	8.161871497194918	0.11404753444154375	0.05920793486390411	0.20351006207009498	1555.5480253171486	122.0	12.750393650140563	-385.51624616774905
1.0	538.0	620.0	6.316563191594277	0.08976923821647242	68.9362614061498	0.1431149769373883	8.720952854066518	0.14311496694053358	0.07591666693549835	0.17918158165490847	878.9449029708039	122.0	7.2044664177934745	-394.7286973761475
1.0	548.0	620.0	6.157713114083785	0.05126269204743762	68.76675728335641	0.09577915791111627	9.963645934622818	0.09577915651741402	0.06859104275459048	0.11719229510291701	401.14439979574024	122.0	3.288068850784756	-518.1473656633551
2.0	558.0	620.0	4.450871927729952	0.2690454321678154	59.21875269107984	0.31678122745120185	4.8606562096312835	0.2107024549961088	0.1520909422555814	0.11890986859795966	100.12620554195918	119.0	0.8413966852265478	-485.84258022923467
2.0	558.0	620.0	6.298121125447209	0.11191721110719595	72.15150627798548	0.3771449023677483	7.015010287500219	0.2589268889432154	0.1520909422555814	0.11890986859795966	100.12620554195918	119.0	0.8413966852265478	-485.84258022923467
2.0	568.0	620.0	6.220327733994309	0.0879758856179099	59.81424399294896	0.21921627365876165	5.80068479380537	0.17574229755748152	0.08682110337552155	0.12918515573564868	307.89161082261194	119.0	2.587324460694218	-485.58526684554005
2.0	568.0	620.0	5.745294753990257	0.11769549921604014	73.66208062624946	0.20816429979416626	4.970593562417119	0.15612010432054715	0.08682110337552155	0.12918515573564868	307.89161082261194	119.0	2.587324460694218	-485.58526684554005
2.0	578.0	620.0	6.31996853062354	0.059545538472394445	58.37699116058725	0.12959853973213864	5.9929900760045784	0.11654675227959688	0.06965306309611037	0.10432192378012854	282.2300031286571	119.0	2.3716806985601435	-551.5442090302156
2.0	578.0	620.0	5.7785367441350655	0.07101290630769765	73.68492776975371	0.1270099579167278	5.091757139887441	0.10682200486300605	0.06965306309611037	0.10432192378012854	282.2300031286571	119.0	2.3716806985601435	-551.5442090302156
2.0	588.0	620.0	5.474692376491288	0.05305984560400503	58.38694136665522	0.12709459301300197	5.964029179467136	0.11621012016994164	0.06081516132241265	0.08504514742991656	297.0639721764786	119.0	2.4963359006426775	-579.0629532983655
2.0	588.0	620.0	5.572530673825996	0.06029801406720201	74.07464061725032	0.11450392095579416	5.203607136013624	0.09893999544047813	0.06081516132241265	0.08504514742991656	297.0639721764786	119.0	2.4963359006426775	-579.0629532983655
2.0	598.0	620.0	4.363107291637077	0.11558959519947738	59.431701343634884	0.3057149835088556	5.373566139955675	0.27163999184690174	0.36105376468786626	0.13486778899053395	34.72655519661664	119.0	0.29181979156820703	-402.0713683126696
2.0	598.0	620.0	4.091538937101727	0.11488390334678693	74.66192212900506	0.32736234299126443	5.410404204599472	0.29172493255981813	0.36105376468786626	0.13486778899053395	34.72655519661664	119.0	0.29181979156820703	-402.0713683126696
2.0	608.0	620.0	2.2745010404271846	0.1859312967022097	59.38019327042433	0.24440146354689415	2.926099670867984	0.2985796881451717	0.36105376468786626	0.16221437014165016	36.10362447266473	119.0	0.30339180229130025	-397.2102948768411
2.0	608.0	620.0	2.489549340502749	0.11618779221523388	67.27446602476422	0.614026374423447	11.605843488554992	0.4365634269076392	0.36105376468786626	0.16221437014165016	36.10362447266473	119.0	0.30339180229130025	-397.2102948768411
2.0	618.0	620.0	3.305576479647139	0.07601606159544776	62.71481765333929	0.20594454792532096	7.75574293922571	0.2059445501788964	0.07192739774661903	0.14133409667363267	609.0397852817092	119.0	5.117981388921926	-447.36641178477873
2.0	618.0	620.0	0.9376906825542002	0.10469906376095503	116.34819583695023	0.5271656906860483	4.087476899097683	0.527162051818042	0.07192739774661903	0.14133409667363267	609.0397852817092	119.0	5.117981388921926	-447.36641178477873
3.0	628.0	620.0	3.2778058035732878	0.06045641629191596	64.43724412155655	0.1369979819600161	6.2778715619766565	0.13869436468450277	0.051794844794820785	0.11211272629691656	585.6628480024398	116.0	5.048817655193447	-527.4971288605536
3.0	628.0	620.0	0.4210639772333953	0.05006026307383692	104.788332081925	1.985811799780771	12.792379266957006	1.6214883611321536	0.051794844794820785	0.11211272629691656	585.6628480024398	116.0	5.048817655193447	-527.4971288605536
3.0	628.0	620.0	0.2818473324761185	0.1101017532432772	115.12791036014525	0.9633646868413167	2.2700896122012666	1.1128989144405899	0.051794844794820785	0.11211272629691656	585.6628480024398	116.0	5.048817655193447	-527.4971288605536
2.0	638.0	620.0	3.104984001985455	0.07878926468105192	66.00085091780869	0.17876382762983953	5.862028087533978	0.18630680424599483	0.0630761040033088	0.13564096627846375	584.2335756617581	119.0	4.909525845897127	-485.3930655028853
2.0	638.0	620.0	0.3896351749536777	0.04685236745149218	101.61648291733448	2.508106344486737	16.23455210844699	2.8058613285867056	0.0630761040033088	0.13564096627846375	584.2335756617581	119.0	4.909525845897127	-485.3930655028853
1.0	648.0	620.0	2.742426263635957	0.10855257476074605	67.96943475324387	0.2943781867903348	6.440387144147353	0.29437804967659525	0.36105376468786626	0.17021742488058986	41.96379220553585	122.0	0.3439655098814414	-385.1204224184265
2.0	658.0	620.0	3.0278828344758746	0.05309491962520783	69.75023183024773	0.12605328811468067	6.225554559949678	0.1260668474041666	0.06890713027060016	0.08903973202924417	259.85374059072143	119.0	2.1836448789136256	-564.5613904582096
2.0	658.0	620.0	0.9304166446552871	0.05884260698989937	103.91811009694203	0.37014613910459815	5.068773929172518	0.37018186266726527	0.06890713027060016	0.08903973202924417	259.85374059072143	119.0	2.1836448789136256	-564.5613904582096
2.0	668.0	620.0	3.536646730831864	0.05749872706891212	71.46133061076083	0.121180330855428	6.455279951234284	0.12123182064853492	0.05979647370127533	0.10877432604454385	419.5421101737129	119.0	3.5255639510396044	-540.1340119123591
2.0	668.0	620.0	1.1638244555374753	0.05649703031071172	108.9535073589076	0.37475980430730127	6.6867632087101585	0.37492293064820753	0.05979647370127533	0.10877432604454385	419.5421101737129	119.0	3.5255639510396044	-540.1340119123591
2.0	678.0	620.0	3.3523509567212275	0.09440843123691935	71.777496640662	0.24144049174041785	7.425321176134805	0.24144996586122316	0.08366619118964319	0.18686746005313207	664.6692268906502	119.0	5.585455688156724	-398.6462414205006
2.0	678.0	620.0	1.9513176943470512	0.10896121103091516	112.6406036996149	0.3594026306473037	5.574028132698195	0.35941461332526126	0.08366619118964319	0.18686746005313207	664.6692268906502	119.0	5.585455688156724	-398.6462414205006
3.0	688.0	620.0	2.0503418763676393	0.1365331401425411	56.97499450741402	0.1952860380133079	2.4522017269081227	0.2041794303280342	0.36105376468786626	0.11029689056267755	21.783284924350045	116.0	0.18778693900301763	-453.5132334046609
3.0	688.0	620.0	2.829237614156339	0.08026467207127384	72.0795542177198	0.2525300490756151	6.932441314548314	0.28254418947482834	0.36105376468786626	0.11029689056267755	21.783284924350045	116.0	0.18778693900301763	-453.5132334046609
3.0	688.0	620.0	1.642404659282896	0.09585107619684598	113.45670419090638	0.303911946014491	4.509843641990346	0.303912068873528	0.36105376468786626	0.11029689056267755	21.783284924350045	116.0	0.18778693900301763	-453.5132334046609
3.0	698.0	620.0	1.7065037474315061	0.11850686103789711	56.649967240028516	0.23088344362200502	3.6517184790895687	0.25710614734996007	0.06795974814466561	0.08272705985827586	252.81580823298933	116.0	2.1794466226981837	-564.6012726909179
3.0	698.0	620.0	1.9194992727349507	0.04766738615338947	70.74799488906713	0.49560037290414916	8.151371114459856	0.45880870243950833	0.06795974814466561	0.08272705985827586	252.81580823298933	116.0	2.1794466226981837	-564.6012726909179
3.0	698.0	620.0	0.5526844967985307	0.07394537893391116	112.47319432407592	0.4813682145672552	3.1158319134475745	0.4813686486538549	0.06795974814466561	0.08272705985827586	252.81580823298933	116.0	2.1794466226981837	-564.6012726909179
1.0	708.0	620.0	2.1588841292595258	0.03722019915001037	62.64947040528071	0.23034843048856604	11.570659239871638	0.23034841443206894	0.062220454281014276	0.09584756982002746	298.4477194992594	122.0	2.4462927827808145	-579.4827420665722
2.0	718.0	620.0	1.53915575324009	0.10065987307098145	48.33593070868922	0.17108777053108162	2.7602095640191635	0.2238574852552557	0.06707980320210162	0.09585529962682594	281.382974846602	119.0	2.3645628138369914	-561.3308415537813
2.0	718.0	620.0	2.1425819830141473	0.04030562514102177	64.15032251404033	0.38656237739737254	11.460240580717018	0.36162107401802923	0.06707980320210162	0.09585529962682594	281.382974846602	119.0	2.3645628138369914	-561.3308415537813
3.0	728.0	620.0	2.7210130917927544	0.0958387411549328	48.49931261327563	0.12127226682736378	3.2495485983320336	0.12158116542307826	0.0746330273119013	0.09340178206414727	198.17885680331116	116.0	1.7084384207181997	-571.6207933507342
3.0	728.0	620.0	1.8865349171645476	0.5096469470255564	62.49978513285508	0.2997269333037846	5.10776950604483	0.664636231924496	0.0746330273119013	0.09340178206414727	198.17885680331116	116.0	1.7084384207181997	-571.6207933507342
3.0	728.0	620.0	0.8820048352461678	0.18753974119311295	73.95035580799026	5.1586681893224995	9.957322084191405	2.7132522124083898	0.0746330273119013	0.09340178206414727	198.17885680331116	116.0	1.7084384207181997	-571.6207933507342
3.0	738.0	620.0	2.35076193716169	0.07924160985442982	49.16872950202896	0.14044266405635084	3.115317757577638	0.1438173852107704	0.07350063187883235	0.10298285781207475	245.6991598915909	116.0	2.1180962059619906	-548.5758361892488
3.0	738.0	620.0	2.55323214761113	0.14096557899140294	62.77933805822128	0.21123944242045822	4.5137683549295105	0.26320795613114717	0.07350063187883235	0.10298285781207475	245.6991598915909	116.0	2.1180962059619906	-548.5758361892488
3.0	738.0	620.0	0.7867382714442936	0.05033963142875843	78.37897345588742	1.7307712373208166	9.204861448613867	1.4514859490389453	0.07350063187883235	0.10298285781207475	245.6991598915909	116.0	2.1180962059619906	-548.5758361892488
2.0	748.0	620.0	2.4456596006550084	0.08770994562010354	61.95153331445914	0.36815809162620633	8.647887406013664	0.39901295621277155	0.06533973064434782	0.18744392126103948	1045.7453614222197	119.0	8.787776146405207	-403.80545471972937
2.0	748.0	620.0	1.0671628685976002	0.1273402984709674	85.5331646610385	0.5756293576801828	3.9363799641221284	0.5834450566574219	0.06533973064434782	0.18744392126103948	1045.7453614222197	119.0	8.787776146405207	-403.80545471972937
3.0	758.0	620.0	1.5449906001123326	0.17892460677604594	62.153912255700284	0.6207972776637622	11.683833402219319	1.0178661069575428	0.08415337914830111	0.11777554916381361	292.3796678326272	116.0	2.520514377867476	-492.9959017470554
3.0	758.0	620.0	1.2378589584835014	0.18200489197680067	62.54141285334	0.3498616613441909	3.451044673833154	0.5163894143126434	0.08415337914830111	0.11777554916381361	292.3796678326272	116.0	2.520514377867476	-492.9959017470554
3.0	758.0	620.0	1.0587086968115549	0.0987018454271529	86.7944105716278	0.4374263841028406	4.169718673064742	0.46871767309594775	0.08415337914830111	0.11777554916381361	292.3796678326272	116.0	2.520514377867476	-492.9959017470554
2.0	788.0	620.0	1.7577031688084341	0.06692559851581055	48.10389764386057	0.33621581397158523	5.7585977539897835	0.3216856558134187	0.06123996397934079	0.11420126743607256	447.9855526046686	119.0	3.764584475669484	-525.9710539457345
2.0	788.0	620.0	2.13042659679267	0.054019300612175136	70.43199546682102	0.3457135285131188	8.740488303429746	0.37007859017510364	0.06123996397934079	0.11420126743607256	447.9855526046686	119.0	3.764584475669484	-525.9710539457345
2.0	798.0	620.0	2.2878196043656556	0.07593865534847222	48.254412108041855	0.24558002616891186	5.77705715188025	0.2572204862059161	0.05143544695229501	0.1308756861028893	871.9429677213939	119.0	7.327251829591545	-486.3437792294146
2.0	798.0	620.0	2.6359006101049767	0.0695954542665429	71.73177289184302	0.23316818909258824	7.076990595837964	0.25311786486281646	0.05143544695229501	0.1308756861028893	871.9429677213939	119.0	7.327251829591545	-486.3437792294146
2.0	808.0	620.0	2.1336845583465465	0.08397377394268137	49.646967248714304	0.34681670424361455	6.525119986043701	0.3681778285887807	0.06366346649519675	0.14048549424451381	776.4640369884085	119.0	6.524907873852172	-447.51966318223054
2.0	808.0	620.0	2.4954248991750143	0.08291829259248977	72.69721579287436	0.3005681433329565	6.731016527896331	0.3215276824414647	0.06366346649519675	0.14048549424451381	776.4640369884085	119.0	6.524907873852172	-447.51966318223054
2.0	818.0	620.0	1.5561489314915808	0.06338610713371765	53.559429406738865	0.9152258912953043	11.284726723308337	0.917029484994466	0.06686669751461685	0.1397508266451751	660.3740576531139	119.0	5.549361829017764	-455.4901068908335
2.0	818.0	620.0	2.2112757561285097	0.1222172248412084	75.45794679906574	0.343512713341363	5.407068530695012	0.3453235642337632	0.06686669751461685	0.1397508266451751	660.3740576531139	119.0	5.549361829017764	-455.4901068908335
2.0	828.0	620.0	1.360044522957398	0.04578164305337027	57.64792799601244	0.9434211902848916	16.00497254634974	0.8066059251695903	0.05470321269162222	0.13112868600870833	743.5174251571572	119.0	6.248045589555942	-490.86153705585883
2.0	828.0	620.0	1.8575965203716096	0.11422591098143642	77.10389759399098	0.2135312160237733	3.5589230756508146	0.274022757175547	0.05470321269162222	0.13112868600870833	743.5174251571572	119.0	6.248045589555942	-490.86153705585883
4.0	838.0	620.0	0.8294467372399917	0.037735240586893294	34.46313302816511	1.267260870009145	10.346603034164676	1.125142392249391	0.07117310315911718	0.08339399747225122	172.62695470269503	113.0	1.5276721655105754	-593.5219601319415
4.0	838.0	620.0	1.1157816036854296	0.11585181884733996	49.40196411820377	0.28011694687384253	3.635422160744959	0.39012336807335973	0.07117310315911718	0.08339399747225122	172.62695470269503	113.0	1.5276721655105754	-593.5219601319415
4.0	838.0	620.0	1.5701191695049999	0.058797346789667686	64.97708032420489	0.252974249822737	4.624589173268342	0.3225436203805582	0.07117310315911718	0.08339399747225122	172.62695470269503	113.0	1.5276721655105754	-593.5219601319415
4.0	838.0	620.0	1.8511907836760668	0.06127380259598635	78.02715069773342	0.19547708678303866	3.6071260328246035	0.18925380521424348	0.07117310315911718	0.08339399747225122	172.62695470269503	113.0	1.5276721655105754	-593.5219601319415
2.0	968.0	620.0	4.67032378597895	0.1622807719516945	47.459601478079456	0.37937811296261253	8.87570976372932	0.4159125163190825	0.2852073069767801	0.29085500329321606	191.55564325507083	119.0	1.6097112878577382	-247.5648038502072
2.0	968.0	620.0	1.9470642890053116	0.19874628622113835	73.74542420293638	0.7383039637599873	5.630633749876544	0.7548274500447161	0.2852073069767801	0.29085500329321606	191.55564325507083	119.0	1.6097112878577382	-247.5648038502072
1.0	978.0	620.0	3.440542411484732	0.1776640718225905	49.172872192265544	0.8734687146599672	14.651014372524113	0.8734690412558825	0.4837937658482353	0.4391179910736338	142.40272219057758	122.0	1.1672354277916195	-159.23096942323428
2.0	168.0	630.0	1.0383570089622562	0.04269111367193793	24.716995143605164	0.4251923839852207	7.777504268656985	0.44703335169184827	0.06701507168641206	0.08709655978847262	217.7206423295391	119.0	1.8295852296599924	-593.635188365237
2.0	168.0	630.0	1.1270745734683139	0.0404016669137876	54.13606134301095	0.4150341809675684	8.887426944128466	0.44940633408734043	0.06701507168641206	0.08709655978847262	217.7206423295391	119.0	1.8295852296599924	-593.635188365237
2.0	178.0	630.0	1.2483467084669901	0.04716545862290202	23.901977523113242	0.37964438095434566	6.820057665671046	0.35639941893596916	0.06957443157580104	0.08274701299517981	177.56101252533722	119.0	1.4921093489524135	-609.7526028453765
2.0	178.0	630.0	0.9840550840577303	0.03371852998420206	50.74398590413237	0.6660829529970483	11.540640211904943	0.7005578468190936	0.06957443157580104	0.08274701299517981	177.56101252533722	119.0	1.4921093489524135	-609.7526028453765
2.0	188.0	630.0	1.558890812174978	0.04497866056175372	30.64525119576276	0.3678375052600543	10.627813289653036	0.4002031299490831	0.07976846307589884	0.10488095962225827	226.34788863029175	119.0	1.9020830977335441	-545.224972560557
2.0	188.0	630.0	0.548596168176134	0.05876516772563805	61.53887405643512	0.7950830484900789	5.943671285326726	0.8094093868809455	0.07976846307589884	0.10488095962225827	226.34788863029175	119.0	1.9020830977335441	-545.224972560557
2.0	198.0	630.0	2.199120193813493	0.048780008443780595	31.3509990442773	0.190551405053134	7.4411747304036275	0.19098331792025577	0.07629547612795087	0.09828670353663603	213.58421380928283	119.0	1.794825326128427	-563.6088611450276
2.0	198.0	630.0	0.49120793331315094	0.055646119463462526	66.20054873665323	0.7478343972993226	5.715918051463167	0.7492134832797156	0.07629547612795087	0.09828670353663603	213.58421380928283	119.0	1.794825326128427	-563.6088611450276
2.0	208.0	630.0	2.0478359364172953	0.0574177196646364	30.851558487658487	0.20304999631800288	6.272410565524232	0.20307737293143713	0.07953531539531171	0.10515927663133588	229.7967312187262	119.0	1.93106496822459	-544.0664944367371
2.0	208.0	630.0	0.5399221262220913	0.056384459564467915	69.03329957496882	0.7842765756430755	6.503944904492651	0.7843834626843844	0.07953531539531171	0.10515927663133588	229.7967312187262	119.0	1.93106496822459	-544.0664944367371
3.0	248.0	630.0	1.3138208724472653	0.055758088657115006	54.284667039097414	0.34451417037049953	4.645940994944723	0.3418583197350854	0.06080423993222373	0.0854206609229444	260.0548001680759	116.0	2.241851725586861	-588.8863916145153
3.0	248.0	630.0	1.0883750988022074	0.056481501515661434	68.34088215023161	0.4103846120932433	4.525100674913438	0.40376463090246095	0.06080423993222373	0.0854206609229444	260.0548001680759	116.0	2.241851725586861	-588.8863916145153
3.0	248.0	630.0	1.1754785219363597	0.07105705445654205	88.83115770137097	0.19405772503546787	2.779359137059318	0.19422830958800597	0.06080423993222373	0.0854206609229444	260.0548001680759	116.0	2.241851725586861	-588.8863916145153
2.0	258.0	630.0	2.3319669221804546	0.09780369793855173	56.027490563624404	0.2209989524047338	4.562780805599766	0.2209984100579549	0.06885754174014443	0.1542380684642247	647.2568746604106	119.0	5.439133400507652	-450.6633280412124
2.0	258.0	630.0	1.18101548701036	0.12057679878055826	88.09627095817369	0.3539395166970444	3.002282059172785	0.3539394435029729	0.06885754174014443	0.1542380684642247	647.2568746604106	119.0	5.439133400507652	-450.6633280412124
2.0	268.0	630.0	2.905937861528301	0.0711742029650976	56.34797591826355	0.11773244227083547	4.162567599500642	0.11773227707234908	0.08128910415474848	0.10843379932686557	224.36853468490688	119.0	1.8854498713017385	-541.6019326611034
2.0	268.0	630.0	1.2752878589172894	0.07880716556545866	87.56770205353807	0.24228080510124642	3.395466048330988	0.2422809197383103	0.08128910415474848	0.10843379932686557	224.36853468490688	119.0	1.8854498713017385	-541.6019326611034
2.0	278.0	630.0	2.586250787497456	0.05763576534899128	57.45814184934529	0.11730502487652272	4.558226386721479	0.11730488051191358	0.08569531264602268	0.08438984753682134	144.97278088672314	119.0	1.2182586629136398	-582.9983893555265
2.0	278.0	630.0	1.5074284464110739	0.06548997038570403	88.24043400288032	0.17711582497150205	3.5306226512862935	0.17711584494991445	0.08569531264602268	0.08438984753682134	144.97278088672314	119.0	1.2182586629136398	-582.9983893555265
2.0	288.0	630.0	2.678562196357238	0.0670325839826254	57.989359774540276	0.14383513673303228	4.977401252630438	0.14383526695445445	0.36105376468786626	0.10865726210938297	12.062492078069278	119.0	0.10136547964764099	-534.2468512867566
2.0	288.0	630.0	1.50270481653716	0.0794141311773687	87.69319931467992	0.21642112531484622	3.5460278439920785	0.21642051149673755	0.36105376468786626	0.10865726210938297	12.062492078069278	119.0	0.10136547964764099	-534.2468512867566
3.0	298.0	630.0	0.35333846032481087	0.06880840225066621	28.58809585008972	1.1184165450765582	4.727982462891761	1.147647736656751	0.09841648993374383	0.10211152224673743	156.97405022981786	116.0	1.3532245709467057	-531.6006635397605
3.0	298.0	630.0	2.1805046954990015	0.10117088008537271	56.5498374269492	0.17385559643927473	3.8160412419917042	0.21969002530450374	0.09841648993374383	0.10211152224673743	156.97405022981786	116.0	1.3532245709467057	-531.6006635397605
3.0	298.0	630.0	0.8445162514331149	0.06382179653177182	66.32843189919521	1.3339937433943572	14.169382540664095	0.920932347735419	0.09841648993374383	0.10211152224673743	156.97405022981786	116.0	1.3532245709467057	-531.6006635397605
1.0	308.0	630.0	2.7720368606854073	0.10542667656438105	57.65558994193642	0.2969900351551897	6.761793496981288	0.29698964153394236	0.15932065438748289	0.20653794066169373	213.43796720767406	122.0	1.7494915344891317	-386.3300406463068
1.0	318.0	630.0	3.5239146307544313	0.10677900543099086	58.19167565515549	0.1908629902667504	5.454580910825817	0.19086280432633118	0.20240217891808998	0.18382239164860686	109.43004869710319	122.0	0.8969676122713376	-410.00317116344326
1.0	328.0	630.0	3.4303960995757175	0.09101350468577964	59.19861789775928	0.17341616112466743	5.659932754918997	0.17341591499325978	0.11805609014986185	0.16085455687651998	242.48854311267885	122.0	1.9876110091203185	-445.31876591757504
1.0	338.0	630.0	2.8304550161784374	0.08621889492617271	60.67056807097346	0.19165361312125703	5.44825527010369	0.19165334368752543	0.12624801734078006	0.14557594176940145	183.17072382679643	122.0	1.501399375629479	-463.61361657926204
1.0	348.0	630.0	2.523449937661024	0.06269120473879837	61.98882204754916	0.17268811123951908	6.019013146596672	0.1726878479313874	0.07570966807147857	0.10901253799384969	297.4997374296513	122.0	2.4385224379479613	-530.8249021348764
1.0	358.0	630.0	2.9731485712496353	0.05229332396384823	62.06250229414875	0.15567717559801314	7.665505973579256	0.15567721682059274	0.07251373267827	0.10594050541451203	287.34020004797213	122.0	2.3552475413768206	-545.9506868908107
1.0	368.0	630.0	3.2394204289476187	0.06013068473630393	62.029392083148664	0.2077225544702816	9.691537985748651	0.20772257183830165	0.06435257335824877	0.1412797756910139	609.9044972077046	122.0	4.999217190227087	-481.72100822143
1.0	378.0	630.0	3.252329686934062	0.055538112489763494	63.618014189169415	0.21988540805458845	11.151114476110557	0.2198853824720781	0.07980119894565661	0.13777621269735107	389.31696335249904	122.0	3.19112265043032	-484.04417627062594
2.0	388.0	630.0	3.555564641725812	0.03759676124455977	65.89742932342887	0.31007930475011947	11.681962824706673	0.28276073726736856	0.059922782483638554	0.09171932444325764	294.7860968237318	119.0	2.477194090955729	-583.7207290808611
2.0	388.0	630.0	1.3640188602684398	0.08832582935056035	87.27532146986684	0.390685731599104	5.9000452240684425	0.38523554742754285	0.059922782483638554	0.09171932444325764	294.7860968237318	119.0	2.477194090955729	-583.7207290808611
1.0	398.0	630.0	4.1678817900539915	0.06298978664512181	71.03406759521	0.2465494617135957	14.128036459019842	0.24654946352055349	0.36105376468786626	0.13906458739797464	30.99492559548392	122.0	0.2540567671760977	-422.9933793568337
1.0	408.0	630.0	4.225362855081434	0.07888725943677598	67.40745050623622	0.2378931954282469	11.034704579347535	0.23789317643745075	0.36105376468786626	0.12228366042807894	37.970844731949875	122.0	0.31123643222909736	-397.6189892655891
1.0	418.0	630.0	4.380094569063841	0.061529625071502766	63.53876881261479	0.14465313884038986	8.917492057225596	0.14465310918805613	0.052375539183151805	0.13138044179039274	887.1101515833109	122.0	7.271394685109105	-486.37197381659115
1.0	428.0	630.0	4.189334785113315	0.10345709743011831	61.7097421723424	0.22498860982134433	7.889452175171009	0.22498849731645196	0.07911417947620876	0.19619392018570658	972.5046354043529	122.0	7.971349470527483	-371.7706519534654
1.0	438.0	630.0	3.12934517471057	0.16347899134681296	60.68844087145177	0.6434168022397834	10.664259534942353	0.6434162357291239	0.36105376468786626	0.25928557881416425	157.60872342914746	122.0	1.2918747822061267	-219.7068759841363
1.0	448.0	630.0	3.6370264382854867	0.1532913063845542	61.29381142867276	0.4948891675814624	10.16761510527475	0.4948888922805957	0.36105376468786626	0.2402977499100875	132.11623138926933	122.0	1.0829199294202405	-241.761057438411
1.0	458.0	630.0	5.604120059042013	0.1049264506007031	61.78778481708848	0.2168760211775518	10.031492963716456	0.21687602443111795	0.07264730553348724	0.25235610914995305	1508.3751498157665	122.0	12.363730736194807	-338.22542531687066
2.0	468.0	630.0	15.02033897440525	0.36474352163886176	58.47204241603545	0.3410971578921722	13.488370318417124	0.41429450448555155	0.08162222200227044	0.8942818342165592	15005.596870832946	119.0	126.09745269607517	-15.218467261290652
2.0	468.0	630.0	-4.951225936340928	0.21438638670923216	51.17873390724995	6.156470999945481	128.25043674249	12.98246667386573	0.08162222200227044	0.8942818342165592	15005.596870832946	119.0	126.09745269607517	-15.218467261290652
1.0	488.0	630.0	10.122134304702149	1.1498791378289441	70.55356717797606	1.1764918124804749	8.973455058576182	1.1764954567572017	0.40239505045164203	1.3451752391067002	5279.897334287681	122.0	43.27784700235804	246.33828428247682
1.0	498.0	630.0	8.874072319625098	0.15756587335289954	72.53125787566783	0.14981087800722453	7.306430538059315	0.14981079050516313	0.36105376468786626	0.20015412173778105	100.30417411800863	122.0	0.8221653616230216	-276.1954031299701
1.0	508.0	630.0	9.618768825217321	0.125565865052165	71.18821741217766	0.09615523784325099	6.378734138743707	0.09615519760816105	0.08694057702938286	0.17909950261997604	959.0858384568941	122.0	7.861359331613886	-349.92424885206833
1.0	518.0	630.0	9.527683845272831	0.1084547054061015	70.22921448407331	0.0889122989533858	6.764177354677803	0.08891226614383298	0.06114060818320984	0.21039234132364826	1534.1814900124461	122.0	12.575258114856116	-379.2149351408093
1.0	528.0	630.0	7.524332092076568	0.09239771858310528	69.80508334193473	0.11396681901458117	8.037122707558348	0.11396678961870552	0.0568400870495206	0.18669917441001285	1530.8662360541255	122.0	12.548083902082995	-397.71895053929063
1.0	538.0	630.0	5.571458953265378	0.11442796200488467	69.48320962826867	0.21549129406836	9.085853624306473	0.21549120112845616	0.07608981338958823	0.23972426832905175	1481.1923760177579	122.0	12.140921114899655	-328.9240997534073
1.0	548.0	630.0	5.491829086461973	0.09341896748535727	69.50697149829797	0.19666861664772392	10.012417030959634	0.19666859894735092	0.06270786421025744	0.2093486250896342	1601.7117370046296	122.0	13.128784729546144	-367.50279896598704
1.0	558.0	630.0	6.207523793891865	0.07676942364829305	68.79741679008744	0.1429543611403854	10.010745372280033	0.142954377049552	0.05540999702539405	0.1829408605425342	1385.0795615666977	122.0	11.353111160382769	-416.5989218411423
2.0	568.0	630.0	4.649742730716113	0.148088333458547	58.678468940270925	0.3280332306481389	5.448869946497127	0.2150810958606677	0.0700338122068617	0.12091025902890558	392.45583714887056	119.0	3.2979482113350467	-508.9686315038714
2.0	568.0	630.0	5.750498495755369	0.10639486960796624	72.53338458374134	0.3039768676261721	6.185622362434565	0.21159890815848345	0.0700338122068617	0.12091025902890558	392.45583714887056	119.0	3.2979482113350467	-508.9686315038714
2.0	578.0	630.0	5.363628747136226	0.0951167397869822	57.67307189909868	0.18146413557507637	5.324711010351256	0.13495001205766627	0.09201437618799697	0.09942190676518595	173.21033791448667	119.0	1.45554905810493	-542.9666303035893
2.0	578.0	630.0	5.919364254304811	0.06548762429284027	72.74375255418701	0.1953545657735306	6.484988719135389	0.15735847367711808	0.09201437618799697	0.09942190676518595	173.21033791448667	119.0	1.45554905810493	-542.9666303035893
2.0	588.0	630.0	5.230328636487232	0.07690402683339737	58.42667207984496	0.16008461077883138	5.227698828963215	0.13002877845804794	0.0793478325180822	0.10497632383576802	235.33043742266887	119.0	1.9775667010308309	-541.682059319729
2.0	588.0	630.0	6.193784770071707	0.0630850901612894	73.67556895373095	0.15062248664015612	6.069390961878399	0.13031559438059515	0.0793478325180822	0.10497632383576802	235.33043742266887	119.0	1.9775667010308309	-541.682059319729
2.0	598.0	630.0	4.659737289370613	0.15150999176510954	59.32484019356736	0.23946788075996117	4.2805515659232745	0.2087920425541025	0.09765611434225312	0.16783895706900123	538.9100624003593	119.0	4.528655986557641	-386.20951783346544
2.0	598.0	630.0	5.13256732063773	0.1135799574817204	73.78086320209285	0.27168915615726325	6.0042541881971365	0.2636850902143899	0.09765611434225312	0.16783895706900123	538.9100624003593	119.0	4.528655986557641	-386.20951783346544
2.0	608.0	630.0	4.337887547562801	0.13358072123624767	59.63169606321026	0.21066769744010122	4.034815515619993	0.18394139822007186	0.13485588844437088	0.14505723321802133	204.41586823869855	119.0	1.7177804053672148	-426.6949326149693
2.0	608.0	630.0	3.1622847819039976	0.09872192374103493	73.37076100055405	0.36576031452141256	5.753643753548305	0.35604659721203225	0.13485588844437088	0.14505723321802133	204.41586823869855	119.0	1.7177804053672148	-426.6949326149693
2.0	618.0	630.0	3.314270344338115	0.08150806851028534	64.14177566152628	0.250657811285803	8.826719094099252	0.2506578128547739	0.058349992354242125	0.18095738084922364	1210.931225669598	119.0	10.175892652685697	-413.75824675335014
2.0	618.0	630.0	0.6331077253624942	0.18331537665922734	115.3700178094471	0.5865709144064606	1.7715538341652208	0.5974093282368721	0.058349992354242125	0.18095738084922364	1210.931225669598	119.0	10.175892652685697	-413.75824675335014
2.0	628.0	630.0	3.1843281906091327	0.07391275660835199	65.46830311737662	0.20357882162822202	7.59605124211947	0.2037058479794483	0.058550051173996906	0.1527502818576513	850.7854352915031	119.0	7.1494574394243955	-457.02568594263994
2.0	628.0	630.0	0.41736608612368364	0.07766518070921596	106.160414983828	1.4777735210888434	6.883290152997679	1.4786504023785463	0.058550051173996906	0.1527502818576513	850.7854352915031	119.0	7.1494574394243955	-457.02568594263994
2.0	638.0	630.0	2.7528923151685603	0.053846238103129294	67.09987004977584	0.15122769292640845	6.696140587660742	0.1512280856551309	0.07138251365112168	0.10235199109772257	267.8753203510028	119.0	2.251053112193301	-551.937733164264
2.0	638.0	630.0	0.5058631374015335	0.06718575631396186	105.16410374912759	0.6596171440413495	4.300591189501262	0.6596166657046254	0.07138251365112168	0.10235199109772257	267.8753203510028	119.0	2.251053112193301	-551.937733164264
2.0	648.0	630.0	2.387376162398225	0.05540632946332911	68.95699909687558	0.16160800138887008	6.030559289001925	0.16160811651814994	0.08696700652846012	0.0944336036639346	172.09413746188943	119.0	1.4461692223688187	-557.8787649063278
2.0	648.0	630.0	0.658260730139762	0.06624268142492931	105.30635460059901	0.4901977552738465	4.219611784611243	0.49020058515175174	0.08696700652846012	0.0944336036639346	172.09413746188943	119.0	1.4461692223688187	-557.8787649063278
2.0	658.0	630.0	2.910991735279128	0.05322602448709248	71.12458033648126	0.13254124475208107	6.278068887095898	0.13255299106565885	0.07430394049976263	0.0947857738434198	226.47199979319942	119.0	1.903126048682348	-562.8975116672615
2.0	658.0	630.0	1.0977961395344484	0.06553057613879865	103.11419913099448	0.2854749554631193	4.141361213688515	0.28549425810783124	0.07430394049976263	0.0947857738434198	226.47199979319942	119.0	1.903126048682348	-562.8975116672615
2.0	668.0	630.0	3.7297775363772177	0.06682444932257268	72.40295397245475	0.13619875495302583	6.582709887775911	0.13661614419548462	0.058191723099369326	0.12804681861625908	609.3447612294113	119.0	5.12054421201186	-500.2823628020591
2.0	668.0	630.0	1.1621646095224833	0.06329486246625309	108.34579320528903	0.46147232360694174	7.339488546847473	0.46301613415942516	0.058191723099369326	0.12804681861625908	609.3447612294113	119.0	5.12054421201186	-500.2823628020591
2.0	678.0	630.0	3.4526793850169875	0.06590713215613352	72.23871282011923	0.15830969522700994	7.182363790252241	0.15832490426233578	0.07831937273916642	0.13241549027175636	357.57781636747575	119.0	3.004855599726687	-492.6482993650106
2.0	678.0	630.0	1.756549554022286	0.06891324257946269	113.90424887992683	0.297591181112296	6.569785798032044	0.29761872476429435	0.07831937273916642	0.13241549027175636	357.57781636747575	119.0	3.004855599726687	-492.6482993650106
2.0	688.0	630.0	2.588343054105675	0.07787855813390274	71.72606197381091	0.30703820420489664	8.838297079354493	0.30705608032885356	0.0624346366544536	0.16593580737359598	966.7501173701271	119.0	8.123950566135521	-424.99361702248706
2.0	688.0	630.0	1.4588664124845434	0.10085510993063171	115.90793583863287	0.42065985458481137	5.269599342576818	0.4206777323334273	0.0624346366544536	0.16593580737359598	966.7501173701271	119.0	8.123950566135521	-424.99361702248706
2.0	698.0	630.0	1.376157862274688	0.10504478487709817	56.16384428138967	0.4027610179991317	3.8800059074997213	0.39391811198804666	0.36105376468786626	0.10304583090236182	19.270296278566903	119.0	0.16193526284510001	-475.6888453487823
2.0	698.0	630.0	2.325992214932515	0.07189319382716199	73.15569613844917	0.35328607830045694	7.478097413150962	0.38373594445059633	0.36105376468786626	0.10304583090236182	19.270296278566903	119.0	0.16193526284510001	-475.6888453487823
2.0	708.0	630.0	1.748111505765109	0.1317955772876435	59.16513944551606	1.583679548376847	8.608136637582495	0.924844849083535	0.07580805797349878	0.08195450905259737	218.6321102625221	119.0	1.8372446240548077	-562.2912173907877
2.0	708.0	630.0	1.5413185598891959	0.25029296265762746	74.86882953263095	1.198017812933557	6.728281086501687	0.6508546562170777	0.07580805797349878	0.08195450905259737	218.6321102625221	119.0	1.8372446240548077	-562.2912173907877
2.0	718.0	630.0	1.2674408927676903	0.0787853705252831	49.270152755450354	0.17597321131059315	2.961376193481762	0.2281305637079728	0.07029625241206125	0.07346998361342469	170.9042485039131	119.0	1.436170155495068	-611.9486191037014
2.0	718.0	630.0	2.0928587834213386	0.031996130755522434	66.72497372912407	0.32602745388987253	12.157941608847954	0.3150178088513112	0.07029625241206125	0.07346998361342469	170.9042485039131	119.0	1.436170155495068	-611.9486191037014
2.0	728.0	630.0	2.1400467959608447	0.06949248444654493	48.596014977604334	0.09991316909854628	3.0372983202458235	0.12166894150271738	0.07330743969861282	0.07576800890150436	136.0180794438224	119.0	1.1430090709564906	-630.0021706749357
2.0	728.0	630.0	1.9276725369111294	0.031174931021636404	67.50068035169511	0.2907836886804313	11.428581670065116	0.3083000428186216	0.07330743969861282	0.07576800890150436	136.0180794438224	119.0	1.1430090709564906	-630.0021706749357
2.0	738.0	630.0	1.8353094364589515	0.12985030663925143	48.93230462002935	0.18901050890802684	2.638463491850655	0.23161927464091356	0.07447196883234267	0.1338254517467686	407.96312602826697	119.0	3.4282615632627476	-488.76337405952194
2.0	738.0	630.0	2.109682096567426	0.05660614188793382	66.05105510885272	0.4470377809111422	10.64542109644126	0.46940336849604364	0.07447196883234267	0.1338254517467686	407.96312602826697	119.0	3.4282615632627476	-488.76337405952194
3.0	748.0	630.0	1.7122605811847724	0.09359720971465187	49.407315609199124	0.22661014318882475	3.02177432987125	0.22631045893641305	0.07598998292949098	0.11726075323666264	307.1696434663059	116.0	2.648014167812982	-512.3374150633103
3.0	748.0	630.0	2.8683689986233403	0.0856341706231814	63.604384746325785	0.24851526195182996	5.204557164392611	0.2860882892017188	0.07598998292949098	0.11726075323666264	307.1696434663059	116.0	2.648014167812982	-512.3374150633103
3.0	748.0	630.0	1.0817436381947394	0.05919345017588092	81.79335858361978	0.9404970964676078	7.908218952755298	0.8971941466471054	0.07598998292949098	0.11726075323666264	307.1696434663059	116.0	2.648014167812982	-512.3374150633103
3.0	758.0	630.0	1.484217177106738	0.09655743600088423	47.99738169118396	0.26266775425313776	3.0667201212946145	0.2630909112480675	0.09188971534289059	0.10850292759498338	208.65731382319962	116.0	1.7987699467517209	-513.1788841540076
3.0	758.0	630.0	2.7348642215314585	0.06786034176097153	63.8214803880337	0.2472406879429774	6.539097593735428	0.35431584377582287	0.09188971534289059	0.10850292759498338	208.65731382319962	116.0	1.7987699467517209	-513.1788841540076
3.0	758.0	630.0	1.224676990723909	0.06540330450275708	83.96536294034226	0.5778114414741397	6.174733023418529	0.567655499420464	0.09188971534289059	0.10850292759498338	208.65731382319962	116.0	1.7987699467517209	-513.1788841540076
2.0	768.0	630.0	0.9761624486684138	0.11262245883671826	47.198672087119775	0.3031004709342443	2.467809381550672	0.3542501218966069	0.10203564058530926	0.10672109100720371	173.40655689581146	119.0	1.4571979571076594	-516.9807703961292
2.0	768.0	630.0	2.265212168593563	0.04826461303164816	66.568730555026	0.3489156376954266	11.668045974686825	0.3753966723960106	0.10203564058530926	0.10672109100720371	173.40655689581146	119.0	1.4571979571076594	-516.9807703961292
2.0	778.0	630.0	1.473521644111918	0.07688655533102165	49.92528695299137	0.38945040831904165	5.139812216658861	0.3551371500127313	0.0847698607911029	0.09584666987877331	200.6505604984119	119.0	1.6861391638522008	-545.0855451303191
2.0	778.0	630.0	2.426316920254326	0.05026977043233809	69.18387073795819	0.3427439767115144	8.689987297856346	0.3458335115726715	0.0847698607911029	0.09584666987877331	200.6505604984119	119.0	1.6861391638522008	-545.0855451303191
2.0	788.0	630.0	2.18286534714945	0.05979620473838926	50.19878293757829	0.2269463674484372	5.701408327294757	0.23240792958997028	0.0627192854221121	0.10636356664273466	359.5295124186393	119.0	3.0212564068793215	-547.4993934490258
2.0	788.0	630.0	2.995660225311135	0.05561707337929088	71.04318046617114	0.1788973034247657	6.812807839865837	0.1926676339318713	0.0627192854221121	0.10636356664273466	359.5295124186393	119.0	3.0212564068793215	-547.4993934490258
2.0	798.0	630.0	2.569796409166275	0.06456766395219557	49.48053278105949	0.15577584131604444	5.157366629880437	0.16274382380322913	0.06468081153964748	0.10894635558315949	355.1706855884281	119.0	2.984627609986791	-541.3252172951486
2.0	798.0	630.0	3.2956579681766787	0.05999135219398524	71.71378925649358	0.13079019039687195	6.05062414461609	0.13875785406262592	0.06468081153964748	0.10894635558315949	355.1706855884281	119.0	2.984627609986791	-541.3252172951486
3.0	808.0	630.0	0.2559516473352733	0.08452593806733558	3.581748458089439	0.9961045527885912	2.608243022912406	0.9960377342764438	0.07085539316982793	0.10105631310056558	254.64316021889877	116.0	2.1951996570594723	-553.2696492886629
3.0	808.0	630.0	2.477372625491286	0.06068705740351597	49.998283308431105	0.15306748156902913	5.151343279971018	0.16010461688460528	0.07085539316982793	0.10105631310056558	254.64316021889877	116.0	2.1951996570594723	-553.2696492886629
3.0	808.0	630.0	2.6901144487417854	0.05593771100967999	72.0983823142348	0.15303929702602764	6.161088141179645	0.1632334040428557	0.07085539316982793	0.10105631310056558	254.64316021889877	116.0	2.1951996570594723	-553.2696492886629
2.0	818.0	630.0	1.8854166583034895	0.05679522997188829	50.57972812812111	0.26935031611125326	6.558437195174421	0.2864519286068546	0.048418595759013625	0.09668480418151525	615.845314060245	119.0	5.175170706388613	-544.9207077364983
2.0	818.0	630.0	2.3103420673424253	0.05671729687392086	73.25453464139838	0.220126577708997	6.5814743682193635	0.23430655489182775	0.048418595759013625	0.09668480418151525	615.845314060245	119.0	5.175170706388613	-544.9207077364983
2.0	828.0	630.0	1.22029562202594	0.054264559470823696	50.87178615140026	0.9425669785821653	11.380464047105123	0.9636380747854327	0.06020237301357701	0.12830207655456333	603.1351682214038	119.0	5.068362758163057	-493.0705635122364
2.0	828.0	630.0	2.1479364683409226	0.09140439914585004	74.62493776781052	0.32875077167118777	5.950300230453886	0.31448595261000667	0.06020237301357701	0.12830207655456333	603.1351682214038	119.0	5.068362758163057	-493.0705635122364
3.0	838.0	630.0	0.6209942693593079	0.06312651937640404	41.50053297404499	2.6553785712894027	14.604434148045238	2.1726915644304707	0.0840534233696194	0.1307539932164345	310.80296897570605	116.0	2.6793359394457417	-485.6547758296072
3.0	838.0	630.0	0.8981884399139582	0.13992379424080362	48.74686348847805	0.34926012479388735	2.12744305456567	0.4210719262385525	0.0840534233696194	0.1307539932164345	310.80296897570605	116.0	2.6793359394457417	-485.6547758296072
3.0	838.0	630.0	1.7192365246487373	0.08154363986031855	73.00334672040636	0.49938968425424257	7.357514573594489	0.47796914913170113	0.0840534233696194	0.1307539932164345	310.80296897570605	116.0	2.6793359394457417	-485.6547758296072
2.0	978.0	630.0	4.723445635564324	0.23596048745591572	46.60780757653387	0.6223246170721412	10.234944978319348	0.6837346346595832	0.5300431260172279	0.4163441123183506	134.85850305450452	119.0	1.1332647315504583	-136.49831632555893
2.0	978.0	630.0	2.3126336211240925	0.3212679132083219	74.49240555969229	0.9234670619939744	5.257344502104973	0.9352987541835212	0.5300431260172279	0.4163441123183506	134.85850305450452	119.0	1.1332647315504583	-136.49831632555893
2.0	138.0	640.0	1.282821346445324	0.07162583368849876	26.199752633424538	0.2753795475888942	4.085531233026169	0.28435999608845847	0.36105376468786626	0.08889492793444077	10.653341256355363	119.0	0.08952387610382657	-549.7752555344908
2.0	138.0	640.0	0.6842403508492773	0.04307796357351655	52.24201227022772	0.8890885713921279	11.383149262757497	0.9890516903571941	0.36105376468786626	0.08889492793444077	10.653341256355363	119.0	0.08952387610382657	-549.7752555344908
2.0	178.0	640.0	1.096103466633501	0.0481477204800088	20.43974045937969	0.2973459210419975	5.41361345944084	0.30133150010239507	0.0730995495025779	0.0807164162669971	161.85281180691703	119.0	1.3601076622430002	-608.9747023636892
2.0	178.0	640.0	0.9561647320924378	0.03286622358869643	51.274110441704	0.5080248623691658	12.089161965858958	0.5606516834043026	0.0730995495025779	0.0807164162669971	161.85281180691703	119.0	1.3601076622430002	-608.9747023636892
2.0	188.0	640.0	1.3095451457007163	0.061553849326974656	24.5213668862358	0.35689098620804255	5.9112739826159455	0.3603124901503986	0.08824929151865499	0.09502107065299993	178.43881232544823	119.0	1.4994858178609094	-549.6940362903407
2.0	188.0	640.0	0.5716936404337416	0.04066459652911093	53.83831355718415	1.2778741298347058	12.94249614621534	1.4195492653477602	0.08824929151865499	0.09502107065299993	178.43881232544823	119.0	1.4994858178609094	-549.6940362903407
2.0	198.0	640.0	1.749291300374957	0.055125029508277544	28.045912299444293	0.2066100955164708	5.678451975036842	0.20661039258447345	0.08243730055820193	0.09302570922155277	178.507993693564	119.0	1.5000671738954958	-566.6774968584306
2.0	198.0	640.0	0.5725466099983	0.05948492484212407	65.60622777310925	0.5850005110237214	4.87630380058843	0.5850007338482526	0.08243730055820193	0.09302570922155277	178.507993693564	119.0	1.5000671738954958	-566.6774968584306
2.0	208.0	640.0	1.8622332061329563	0.06808254231006643	28.560434184194744	0.17536229104195697	4.153986688522327	0.17536229103245032	0.07229911982572505	0.10380036299774065	258.9830149842343	119.0	2.176327857010372	-552.9678736661907
2.0	208.0	640.0	0.5433758919839802	0.0743045406861607	67.73315503017584	0.5507464632760092	3.486448497590515	0.5507401422386891	0.07229911982572505	0.10380036299774065	258.9830149842343	119.0	2.176327857010372	-552.9678736661907
3.0	248.0	640.0	1.2696241582531707	0.058724131790308526	53.50087731059582	0.29435391970667907	4.611991269402947	0.3122207186283534	0.059316895704032764	0.08928860573798617	300.9749450572253	116.0	2.5946115953209077	-576.8108955966479
3.0	248.0	640.0	0.7376613511266318	0.058653744707147466	69.40172633121304	0.507922579665683	4.6598930270779295	0.5466649605757962	0.059316895704032764	0.08928860573798617	300.9749450572253	116.0	2.5946115953209077	-576.8108955966479
3.0	248.0	640.0	1.0412504318924576	0.0728487800304177	88.14158690126565	0.236363027509911	2.917302014139886	0.23772815190843438	0.059316895704032764	0.08928860573798617	300.9749450572253	116.0	2.5946115953209077	-576.8108955966479
2.0	258.0	640.0	2.602382690422647	0.07752823574580525	55.301795042807406	0.1481350621137629	4.306033986538395	0.14813491042298932	0.07862650536191655	0.12022166898904156	294.3573060713798	119.0	2.4735908073225192	-515.9896627427968
2.0	258.0	640.0	1.417321941965825	0.09221467919381177	87.66508137795434	0.22867211619651287	3.0437667897011833	0.22867208259252536	0.07862650536191655	0.12022166898904156	294.3573060713798	119.0	2.4735908073225192	-515.9896627427968
2.0	268.0	640.0	2.7226300687091953	0.06250911037282461	56.31236206592726	0.13057596200771643	4.925471770868048	0.130576098581725	0.08595901546487279	0.10103990391047568	183.12445328000652	119.0	1.5388609519328278	-553.0277686437224
2.0	268.0	640.0	1.7734470345108349	0.06972188728957329	87.53887505643654	0.17972202636944343	3.959216555423448	0.17972240826614497	0.08595901546487279	0.10103990391047568	183.12445328000652	119.0	1.5388609519328278	-553.0277686437224
2.0	278.0	640.0	2.1386420695611115	0.054179050633672655	58.038244090085115	0.163995641821276	5.606412779935381	0.1640107353385715	0.07957351122172174	0.09614444860546217	182.71829411294007	119.0	1.535447849688572	-572.6026577394092
2.0	278.0	640.0	2.0185305757371896	0.06246988548522201	88.00100828738401	0.15069411627557094	4.216964445488558	0.15070598496881887	0.07957351122172174	0.09614444860546217	182.71829411294007	119.0	1.535447849688572	-572.6026577394092
2.0	288.0	640.0	2.249818937286552	0.050461079789642434	57.72045818164223	0.1525656566393527	5.8909734741454765	0.1525937019529058	0.06526026942650233	0.08809602977016125	247.6046297160662	119.0	2.08071117408459	-584.191162709581
2.0	288.0	640.0	1.37095534051366	0.05964674392729778	87.80674925151878	0.2118228158469296	4.215698686772179	0.21185400259627102	0.06526026942650233	0.08809602977016125	247.6046297160662	119.0	2.08071117408459	-584.191162709581
3.0	298.0	640.0	0.37326277899913735	0.034501126362693944	34.14695404080035	2.08774165446716	11.551847945595446	2.104943151259901	0.07203457424131655	0.07977485902777874	167.94659745170904	116.0	1.4478154952733537	-601.1705120585178
3.0	298.0	640.0	2.418798240971375	0.06644016194515141	56.46777541496811	0.16910347574608353	5.388776867585771	0.18164194523545393	0.07203457424131655	0.07977485902777874	167.94659745170904	116.0	1.4478154952733537	-601.1705120585178
3.0	298.0	640.0	0.5879800614342076	0.04622347705518724	80.39896922127707	0.5613061583488639	6.095608699694263	0.5878395939487071	0.07203457424131655	0.07977485902777874	167.94659745170904	116.0	1.4478154952733537	-601.1705120585178
