ncomps	x	y	amplitude	err amplitude	shift	err shift	width	err width	rms	residual	chisq	dof	redchisq	aic
1.0	508.0	480.0	13.207808368569875	0.3475011513346874	60.09135622665911	0.19789181129387526	6.5145481259789415	0.19789205596390644	0.2777882785447088	0.6310900247966514	734.764633498724	122.0	6.02266093031741	-92.81945034206443
1.0	518.0	480.0	11.621144519519971	0.25765460747470914	60.02788345091584	0.1752543152373855	6.8451748207236145	0.17525421651106934	0.2873609869042918	0.4596324308339389	396.675581488154	122.0	3.2514391925258526	-161.40338559499313
1.0	528.0	480.0	9.5737097626838	0.1427209338828267	60.0318699032731	0.14288473859298598	8.300752793211505	0.14288475774179762	0.36105376468786626	0.2776016166389354	93.48823964643503	122.0	0.7662970462822544	-284.99186078394314
1.0	538.0	480.0	7.972141869370228	0.1345159148449179	59.487436825638575	0.19952512398732095	10.240536798303632	0.19952510816503266	0.08623206684147419	0.32575935438004405	1796.1828630267128	122.0	14.722810352677973	-273.5401259410722
3.0	548.0	480.0	5.575781659632126	1.2885075740786556	56.4395691379454	0.5882640875021659	7.188932873040034	0.5146449550050655	0.06975481548322558	0.15208973985460936	679.0804258081866	116.0	5.854141601794712	-434.57375914352883
3.0	548.0	480.0	2.7265256981521397	0.6188912505918913	70.2074407699681	4.643802376864048	10.900113891501732	2.0791099216951747	0.06975481548322558	0.15208973985460936	679.0804258081866	116.0	5.854141601794712	-434.57375914352883
3.0	548.0	480.0	0.23481533606998786	0.0914936723468254	194.28667813715518	3.6482691979291832	6.313523218573969	4.023059589985337	0.06975481548322558	0.15208973985460936	679.0804258081866	116.0	5.854141601794712	-434.57375914352883
2.0	558.0	480.0	6.231517405203672	0.22682011550601952	58.73883700382563	0.08741066772734413	4.3416851875549005	0.1455028891725985	0.36105376468786626	0.1216961943104525	21.41210614421976	119.0	0.17993366507747696	-462.5148938086512
2.0	558.0	480.0	2.408812905079799	0.07412365273806905	73.36052028030106	0.985713134825195	11.248439942437493	0.712680582902606	0.36105376468786626	0.1216961943104525	21.41210614421976	119.0	0.17993366507747696	-462.5148938086512
2.0	568.0	480.0	7.535923576622938	0.29013658818003135	59.67200028364269	0.17464872976863757	3.9281590896709693	0.17464835341368218	0.08106526566284665	0.39425629134622187	3537.9558270360067	119.0	29.730721235596693	-197.53947904408176
2.0	568.0	480.0	0.301779368395783	0.3503944851865095	195.23095123846014	3.6593995787065348	2.7325924324065145	3.7521140192928812	0.08106526566284665	0.39425629134622187	3537.9558270360067	119.0	29.730721235596693	-197.53947904408176
2.0	578.0	480.0	6.7254123836109	0.13647550011957793	59.28908909491788	0.06455325142798259	2.8513663963000524	0.07084472804314158	0.36105376468786626	0.15394908325290022	26.313807372634013	119.0	0.22112443170280682	-436.74772795492606
2.0	578.0	480.0	0.8100130086453335	0.04739201235746978	80.42433870369933	1.8356913970907187	24.292849040396348	1.5875204269030307	0.36105376468786626	0.15394908325290022	26.313807372634013	119.0	0.22112443170280682	-436.74772795492606
2.0	588.0	480.0	5.343628611296824	0.16424908165336713	59.361955810198445	0.09329346227083274	2.6868470703194647	0.09946494102223802	0.36105376468786626	0.18597285469606517	37.11536347099475	119.0	0.31189381068062816	-393.7555783243294
2.0	588.0	480.0	0.8242071712286496	0.052044351075095634	78.53454294675458	2.2277120324392214	30.842196153602444	2.053192871495012	0.36105376468786626	0.18597285469606517	37.11536347099475	119.0	0.31189381068062816	-393.7555783243294
4.0	598.0	480.0	0.0739433587018071	0.05251517448686052	-4.8415971387451995	20.001883963120385	23.60872165913555	23.52676462493694	0.06474777444160026	0.17818167379370323	946.7568797569061	113.0	8.378379466875275	-404.4371988318651
4.0	598.0	480.0	4.3561240831549695	0.15446699472748984	59.250965796716855	0.12403198886567669	3.3716919066886026	0.1504336185025789	0.06474777444160026	0.17818167379370323	946.7568797569061	113.0	8.378379466875275	-404.4371988318651
4.0	598.0	480.0	1.0220127753746004	0.07265006890249116	73.06098115832381	1.7877874960393434	16.463566653575167	1.3753657054172514	0.06474777444160026	0.17818167379370323	946.7568797569061	113.0	8.378379466875275	-404.4371988318651
4.0	598.0	480.0	0.11770444014878104	0.055583368320618824	191.03176310519973	48.63374898746206	30.80059504343439	37.40924471090373	0.06474777444160026	0.17818167379370323	946.7568797569061	113.0	8.378379466875275	-404.4371988318651
2.0	608.0	480.0	3.914175572982749	0.06097018159626917	61.32121495229091	0.12833888095404827	7.020062537034857	0.13509262501451982	0.0716608675533841	0.11551025592550031	347.9072879025561	119.0	2.923590654643329	-518.2879641442464
2.0	608.0	480.0	0.43966009068408174	0.06788136498812922	87.05803463502093	1.0256641146042256	5.588767391093858	1.061903671150645	0.0716608675533841	0.11551025592550031	347.9072879025561	119.0	2.923590654643329	-518.2879641442464
2.0	618.0	480.0	3.905241935936885	0.06562357161335149	61.688738314699755	0.13680258510331836	7.033620808293744	0.14129032082511217	0.08953853023047215	0.11065945622057159	260.9493376367648	119.0	2.1928515767795362	-498.55812802323004
2.0	618.0	480.0	0.40019904137672685	0.08470776399449863	86.05765914911773	1.0333399199205686	4.1638706698669035	1.0485306841141178	0.08953853023047215	0.11065945622057159	260.9493376367648	119.0	2.1928515767795362	-498.55812802323004
1.0	628.0	480.0	3.817796908696772	0.07519687084753705	62.065182244727964	0.1673448835547512	7.357333489914412	0.16734476699713377	0.1047657024862288	0.14573282033857923	273.22410052211256	122.0	2.2395418075583	-460.2598814806395
1.0	638.0	480.0	3.0803968680629157	0.06102168268264345	61.57546589453873	0.2191166843691707	9.578984166700085	0.2191166626425567	0.11512382963525081	0.1382360777418878	193.9889300304275	122.0	1.5900731969707171	-479.5008178190048
1.0	648.0	480.0	2.46205664534833	0.06548746304894351	59.62059757001572	0.3293585152424195	10.722611431931304	0.3293583846995827	0.07713672317674422	0.16252090240712092	557.1009731351267	122.0	4.566401419140383	-447.7398556902631
3.0	658.0	480.0	2.4056385693955256	0.07949825452464802	56.94905649356859	0.2639521940108883	6.1428766229758525	0.29308008051440343	0.07947885960639603	0.14059287539775683	393.38712261443976	116.0	3.391268298400343	-470.1907806862283
3.0	658.0	480.0	1.2573199114613904	0.10507876931523105	72.9087218729174	0.3759353714904505	3.36836668612435	0.3765255431562534	0.07947885960639603	0.14059287539775683	393.38712261443976	116.0	3.391268298400343	-470.1907806862283
3.0	658.0	480.0	0.3515754699651395	0.09470884780823569	106.57831603584671	1.2573162707769776	4.04168259094429	1.257309780150702	0.07947885960639603	0.14059287539775683	393.38712261443976	116.0	3.391268298400343	-470.1907806862283
3.0	688.0	480.0	2.349091261676691	0.05474034603533198	60.93875770467735	0.27298915568776977	9.04536246296945	0.28702096029097285	0.06502037480975593	0.10594790623584682	364.46113948999044	116.0	3.141906374913711	-529.9351580985553
3.0	688.0	480.0	0.5368238728002972	0.08789117402343012	97.60917406558262	0.6639103671945737	3.8255686950784584	0.8030106189187431	0.06502037480975593	0.10594790623584682	364.46113948999044	116.0	3.141906374913711	-529.9351580985553
3.0	688.0	480.0	0.21934952265101337	0.04030629788913224	111.64392688521299	6.723532652855883	23.304682695791954	5.568179002342732	0.06502037480975593	0.10594790623584682	364.46113948999044	116.0	3.141906374913711	-529.9351580985553
3.0	698.0	480.0	2.7655974015353677	0.06591310831525903	61.76090332202581	0.19247936515762332	6.9834048751923685	0.19487558886258874	0.06656677148507001	0.11993289956924005	466.3421735076942	116.0	4.020191150928398	-493.2464825957835
3.0	698.0	480.0	0.6218683446465268	0.0657824198828127	94.79363966915552	0.8611415959411514	7.049262259722777	0.8796658027674925	0.06656677148507001	0.11993289956924005	466.3421735076942	116.0	4.020191150928398	-493.2464825957835
3.0	698.0	480.0	0.48097940897171787	0.08932410695358219	121.38791694377736	0.8138358816320904	3.7833046311717844	0.81733885490478	0.06656677148507001	0.11993289956924005	466.3421735076942	116.0	4.020191150928398	-493.2464825957835
3.0	708.0	480.0	2.5747543133285737	0.06324661531794726	61.773693474552836	0.15434035792844925	5.196081213588891	0.15809180866686512	0.06698463736826375	0.10546266510063276	316.116307570071	116.0	2.725140582500612	-540.2832185200211
3.0	708.0	480.0	0.5356481987929307	0.05067419985324901	88.66621078614529	0.9278516697408464	8.348264800147344	0.988747558841148	0.06698463736826375	0.10546266510063276	316.116307570071	116.0	2.725140582500612	-540.2832185200211
3.0	708.0	480.0	0.635591673056479	0.08632951149233685	121.33449063948176	0.43563258744895383	2.776983974214411	0.4357223477070103	0.06698463736826375	0.10546266510063276	316.116307570071	116.0	2.725140582500612	-540.2832185200211
3.0	718.0	480.0	2.1364935648633776	0.07167249062680534	60.47351725811589	0.19085398321264224	4.643331620420717	0.19452480355182727	0.07964532694854887	0.11401348318186873	257.27825990310083	116.0	2.217916033647421	-522.747200497768
3.0	718.0	480.0	0.6234687275236436	0.05469221426420568	85.42185812545677	0.8605821352327824	8.296040087157895	0.9257508069679353	0.07964532694854887	0.11401348318186873	257.27825990310083	116.0	2.217916033647421	-522.747200497768
3.0	718.0	480.0	0.8197700805563016	0.09146134678854251	121.88151478434897	0.3667410490798042	2.8466748816605545	0.36674787206825565	0.07964532694854887	0.11401348318186873	257.27825990310083	116.0	2.217916033647421	-522.747200497768
2.0	158.0	490.0	1.0022187540521796	0.0550854195425623	24.085728804383137	0.3311652412510663	5.218520135500171	0.3311664502503863	0.06428187825392147	0.09257088270391468	269.39647917116923	119.0	2.26383595942159	-577.42370807811
2.0	158.0	490.0	1.143061302201996	0.053709331729583136	61.27415699284833	0.29779583263895326	5.4886962903540315	0.29779613065691085	0.06428187825392147	0.09257088270391468	269.39647917116923	119.0	2.26383595942159	-577.42370807811
2.0	168.0	490.0	1.8614473979270607	0.07193260127905578	23.835343738607506	0.26108496255228286	5.851985832508282	0.2610854984903391	0.07397576350387962	0.12762447315298572	388.98480880023936	119.0	3.2687799058843643	-496.38925630051386
2.0	168.0	490.0	1.2599400428320824	0.08448691817572922	60.669473880831454	0.32844525791087537	4.241192085821138	0.3284442924118501	0.07397576350387962	0.12762447315298572	388.98480880023936	119.0	3.2687799058843643	-496.38925630051386
2.0	178.0	490.0	2.831741129941421	0.07329883659152767	25.46463324214925	0.16758766332982983	5.606981795563035	0.16758766557181062	0.06522221681945686	0.1276822679825376	497.889352938344	119.0	4.183944142339025	-497.0188989021835
2.0	178.0	490.0	1.4109841521019884	0.11338399659815966	59.76881746245087	0.21743262778369685	2.3421772476040843	0.21735674529265878	0.06522221681945686	0.1276822679825376	497.889352938344	119.0	4.183944142339025	-497.0188989021835
2.0	188.0	490.0	3.0231941860011515	0.0704512636465705	26.747096040606493	0.13785894203039528	5.123217651706213	0.13785894257284043	0.06818207534862933	0.11095059997681239	384.5746099549568	119.0	3.231719411386192	-518.2035193481381
2.0	188.0	490.0	1.1787657797518878	0.10463851833341396	58.74879668544131	0.23809560637826138	2.3226874627062113	0.23818382350008396	0.06818207534862933	0.11095059997681239	384.5746099549568	119.0	3.231719411386192	-518.2035193481381
3.0	198.0	490.0	2.2115568738715172	0.0653320799392787	27.043407738788506	0.17948007341833128	5.261313856908819	0.17950535387464184	0.052718568822072834	0.11058174708505078	553.7452960483597	116.0	4.7736663452444805	-530.0827804287749
3.0	198.0	490.0	1.2929203573107777	0.10373139472966024	57.82604816988558	0.20649639141041734	2.3123899007159934	0.2272735228479201	0.052718568822072834	0.11058174708505078	553.7452960483597	116.0	4.7736663452444805	-530.0827804287749
3.0	198.0	490.0	0.1700568559890999	0.044631544857229276	79.83356438223667	3.961862906892122	11.953855460709226	4.350891750711186	0.052718568822072834	0.11058174708505078	553.7452960483597	116.0	4.7736663452444805	-530.0827804287749
2.0	208.0	490.0	1.7621948390698998	0.08884072974797248	29.231875696169574	0.35874562147213324	6.163105773571918	0.3587514608028153	0.058834755353614925	0.16385574108522116	987.9306586413538	119.0	8.301938307910536	-437.1314191037179
2.0	208.0	490.0	1.2971523520563402	0.15069143514361155	57.35820884168423	0.28738224261111217	2.14459521500996	0.2877359127772876	0.058834755353614925	0.16385574108522116	987.9306586413538	119.0	8.301938307910536	-437.1314191037179
3.0	218.0	490.0	2.631782052164164	0.08272614302777608	33.60014827304259	0.19195030428051893	5.288504675899784	0.19196132090755647	0.055455673462984446	0.14013734687048462	806.5331246421636	116.0	6.9528717641565825	-470.423692090821
3.0	218.0	490.0	0.7606998911085143	0.13325958753736694	57.14407250004052	0.4129136092124007	2.046568161741741	0.41526597240027985	0.055455673462984446	0.14013734687048462	806.5331246421636	116.0	6.9528717641565825	-470.423692090821
3.0	218.0	490.0	0.2186798891859218	0.07567034844253197	86.67233548387765	2.525135397950786	6.322070027249105	2.5251581887508965	0.055455673462984446	0.14013734687048462	806.5331246421636	116.0	6.9528717641565825	-470.423692090821
2.0	228.0	490.0	2.5792527884865413	0.05911084597642877	35.58030717264987	0.16463029477355634	6.221108808233602	0.16463029722251382	0.06490690990924045	0.11010928610328632	362.76093254341896	119.0	3.0484111978438566	-537.8096468086486
2.0	228.0	490.0	0.22397413912651445	0.06812226497894497	83.13770253842364	1.6450945108835258	4.684992411115451	1.64510301939145	0.06490690990924045	0.11010928610328632	362.76093254341896	119.0	3.0484111978438566	-537.8096468086486
3.0	238.0	490.0	0.17878662260626674	0.08344669600624618	6.283186023380309	1.3165375422975165	2.444773727913663	1.3166131064822832	0.05731568062996819	0.09591612214153103	354.94706057312135	116.0	3.0598884532165633	-564.7731766792116
3.0	238.0	490.0	1.8468718539505236	0.043689353552460966	40.31011028472879	0.2435496830249912	8.917331297110286	0.24372535898077005	0.05731568062996819	0.09591612214153103	354.94706057312135	116.0	3.0598884532165633	-564.7731766792116
3.0	238.0	490.0	0.31323869549530803	0.05612790992138314	82.38948337490102	1.1175537758348926	5.401124907204146	1.1177901667979009	0.05731568062996819	0.09591612214153103	354.94706057312135	116.0	3.0598884532165633	-564.7731766792116
2.0	248.0	490.0	2.4039666522878114	0.05564940419951754	45.952308174243775	0.21191892858710581	7.928495653335343	0.2119783395432274	0.0745838401178052	0.11392721609743188	310.27694170629337	119.0	2.6073692580360786	-522.6020492900465
2.0	248.0	490.0	0.5156422157396208	0.07372874997895143	82.71072924396424	0.7458040581950599	4.515427644195505	0.7459403449037111	0.0745838401178052	0.11392721609743188	310.27694170629337	119.0	2.6073692580360786	-522.6020492900465
2.0	258.0	490.0	1.9000398883654488	0.502140090394387	47.957087370322874	0.4678134572097832	4.928361293239682	0.7268167516567576	0.05697606978172828	0.14409848790553073	816.0505305361577	119.0	6.857567483497124	-469.0487999633011
2.0	258.0	490.0	0.8862459353202019	0.17264304488643786	60.290817412834855	5.063010616769286	9.476954034200526	2.9308077489831024	0.05697606978172828	0.14409848790553073	816.0505305361577	119.0	6.857567483497124	-469.0487999633011
3.0	268.0	490.0	2.860225499780958	0.42715856589672485	48.903831464841076	0.29179651980255883	4.467313053133841	0.37290947562990706	0.05214339673541858	0.12455061346518641	734.8354227076151	116.0	6.334788126789785	-497.4576113789001
3.0	268.0	490.0	0.7490061794940197	0.13786917583704916	60.50908383553509	4.589804946793103	8.36934904912095	2.81390826639516	0.05214339673541858	0.12455061346518641	734.8354227076151	116.0	6.334788126789785	-497.4576113789001
3.0	268.0	490.0	0.13373872597026598	0.05982451026813394	183.65948538106292	4.2800039109459735	8.28513263382519	4.4092944185259215	0.05214339673541858	0.12455061346518641	734.8354227076151	116.0	6.334788126789785	-497.4576113789001
2.0	278.0	490.0	3.351641252570743	0.07049801982322225	50.67815869550244	0.15858820320123473	6.676578429620527	0.16875952194055188	0.057341870902019886	0.1333921814964137	676.4403994312314	119.0	5.68437310446413	-490.90285766986335
2.0	278.0	490.0	0.158330312029016	0.8445622679967841	332.4221184136675	998.1592749921878	133.93424932147016	337.91000455317317	0.057341870902019886	0.1333921814964137	676.4403994312314	119.0	5.68437310446413	-490.90285766986335
1.0	288.0	490.0	2.8463404308861415	0.0496423732123678	55.165449549376675	0.1609150231890502	7.990053675386518	0.16091499094519207	0.0666535054307414	0.10294357824692782	319.4697044825713	122.0	2.6186041351030434	-553.7683209865938
1.0	298.0	490.0	3.4953922355237657	0.05020011833613581	59.590006341416995	0.0932033804641125	5.620312196505231	0.09320340046120495	0.06457341419428192	0.08946860270479386	244.83370758423533	122.0	2.00683366872324	-594.9549371907891
1.0	308.0	490.0	4.184777421070036	0.07465980680085765	59.79987747116095	0.12557985996212068	6.095940560971053	0.1255798743132605	0.08245892339548738	0.12768344206553905	360.20486283683476	122.0	2.9524988757117603	-485.56885250158723
1.0	318.0	490.0	3.927643333200869	0.0730413899104845	59.07895673302939	0.1427471968215922	6.647061467106909	0.1427470938504058	0.0887892578790398	0.13422194822164563	324.2510814210842	122.0	2.6577957493531494	-480.22184890368754
1.0	328.0	490.0	3.6613030035798735	0.09852461837449195	58.35559309963233	0.1931973409034965	6.216856872935117	0.19319708030478214	0.0909275043206712	0.18640682433919006	526.1600868809651	122.0	4.312787597384959	-413.76171434355575
3.0	338.0	490.0	0.3525846013539219	0.13949083448832061	26.11170081972133	2.1017893795189804	4.602322500933316	2.101955672063382	0.062235620027057716	0.22153367119984785	1583.8476582562155	116.0	13.653859122898409	-357.22939419678204
3.0	338.0	490.0	4.4265317559077495	0.1247857415965522	57.814730829175396	0.18712427673033974	5.74879978934628	0.18713879162378513	0.062235620027057716	0.22153367119984785	1583.8476582562155	116.0	13.653859122898409	-357.22939419678204
3.0	338.0	490.0	0.5959824850655489	0.16802358459354558	90.75117323694971	1.0321585884318196	3.1705749268810806	1.032158627313767	0.062235620027057716	0.22153367119984785	1583.8476582562155	116.0	13.653859122898409	-357.22939419678204
3.0	348.0	490.0	0.3353242559615734	0.07394141325049827	28.523829196775154	1.3027725412553466	5.116648626607694	1.3031574555532486	0.062266567146486373	0.11361232618046309	494.4142550090372	116.0	4.262191853526183	-502.63494247377434
3.0	348.0	490.0	4.190617006736756	0.6860276982626657	54.99762657916015	0.23251051828013097	3.3462776005418977	0.24747645389713874	0.062266567146486373	0.11361232618046309	494.4142550090372	116.0	4.262191853526183	-502.63494247377434
3.0	348.0	490.0	2.479731590307446	0.25425545919545095	62.813580516789706	1.5048348512751908	5.7052022615968525	0.8334964724638072	0.062266567146486373	0.11361232618046309	494.4142550090372	116.0	4.262191853526183	-502.63494247377434
2.0	358.0	490.0	4.767413006146696	0.1259132131100535	56.5656664599289	0.20130990697574827	6.601493614304379	0.20132262514595253	0.0637794769137999	0.2373256974458363	1808.7866589446621	119.0	15.199887890291278	-341.35686430580324
2.0	358.0	490.0	0.6634873619389895	0.15627290581181105	90.42753175030056	1.1655739509512728	4.284869911072438	1.165626505411455	0.0637794769137999	0.2373256974458363	1808.7866589446621	119.0	15.199887890291278	-341.35686430580324
2.0	368.0	490.0	4.205465681255381	0.17331990532847188	54.09547044647285	0.10233301842920207	2.803979048231455	0.1357216453219982	0.06402011639948685	0.14257707271416956	690.1992042668205	119.0	5.799993313166559	-460.8443021029604
2.0	368.0	490.0	3.1498957558113148	0.14841403594611408	57.50727100948528	0.3062579250023749	10.044158695827631	0.3066516868673867	0.06402011639948685	0.14257707271416956	690.1992042668205	119.0	5.799993313166559	-460.8443021029604
2.0	378.0	490.0	6.123659271299963	0.13753004990031992	55.80376204243494	0.1934228512366672	7.45883715149969	0.1934229234822208	0.05598672915111725	0.2718090573962497	3164.345625332865	119.0	26.59113970867954	-304.02480673079197
2.0	378.0	490.0	0.18956823389336477	0.12778910475326	188.6190894482298	7.997814722656602	9.315452099427903	8.943109226053497	0.05598672915111725	0.2718090573962497	3164.345625332865	119.0	26.59113970867954	-304.02480673079197
1.0	388.0	490.0	4.792222992700828	0.08736678889717418	57.106999831160465	0.17763490950540425	8.437973162952279	0.17763487504472267	0.0878909578087796	0.16830770067140916	600.9850115922711	122.0	4.926106652395665	-405.63255493705964
2.0	398.0	490.0	4.205396778174796	0.05248012970656621	59.16592643976339	0.1162715160516884	8.327200169108208	0.1265989003591259	0.052165263862438374	0.10954787715971029	551.258412464808	119.0	4.63242363415805	-540.1365040489098
2.0	398.0	490.0	0.14827774326230073	0.018114740714592573	114.81420147041638	30.612476943598875	125.3423721725719	42.79551274254389	0.052165263862438374	0.10954787715971029	551.258412464808	119.0	4.63242363415805	-540.1365040489098
1.0	408.0	490.0	4.209026771364888	0.06520617467465305	60.02469680756605	0.15609160014725953	8.726182074067397	0.1560916471446247	0.05974077637062904	0.14196211380899754	749.306316275455	122.0	6.141855051438156	-474.58085141314257
1.0	418.0	490.0	3.1952780030895003	0.05866802643332242	59.934742952924225	0.19404361957379776	9.151973869287776	0.1940435601741804	0.06305414948352585	0.13418638550058962	571.108771057127	122.0	4.6812194348944836	-495.03210823383705
1.0	428.0	490.0	2.422355312830136	0.05990322995365212	62.07629246933577	0.28134059598763006	9.852346315812142	0.281340560017203	0.06980428131143313	0.12316252325109014	522.9941751869308	122.0	4.2868375015322195	-480.60790988986565
1.0	438.0	490.0	2.5585724233035174	0.11528712019284068	64.48656066714273	0.37616350020405986	7.228632189232558	0.3761629806214391	0.08561156551959656	0.195685184111525	944.956290634083	122.0	7.745543365853139	-355.6306064596672
1.0	448.0	490.0	5.637777608588323	0.24420453984960466	61.92220600419488	0.24554273448984607	4.908505172575182	0.24554215785092412	0.31298218129939687	0.3761268200343874	215.41343808175108	122.0	1.7656839187028777	-216.3715781906422
1.0	458.0	490.0	8.513753264601506	0.18978116147322577	62.30572393242886	0.1431926064779205	5.562411332639354	0.1431923589459885	0.22938452729329425	0.3162442016210755	274.4681565709603	122.0	2.2497389882865595	-263.77369232405715
1.0	468.0	490.0	9.704312762226653	0.1249631654526416	62.01342347320608	0.08859066010703119	5.957953851753799	0.0885906498384345	0.07580978875298497	0.211883735384856	1166.8819200309165	122.0	9.564605901892758	-359.6598754410096
1.0	478.0	490.0	9.859061975123028	0.14442156247522728	61.474056589524636	0.10451447017821616	6.178769337975255	0.1045144457917465	0.07806991595693383	0.26882594808258203	1524.1155831414958	122.0	12.49275068148767	-318.93064408680704
1.0	488.0	490.0	9.699180213160368	0.15381322046477489	61.03536860022594	0.13411002869437377	7.323429048941589	0.1341099782881466	0.09401021526858046	0.3151472577372679	1413.1157450360458	122.0	11.582915942918408	-281.9331378342132
1.0	498.0	490.0	10.80003771063414	0.23656777383715938	60.41559232776363	0.19704376617241579	7.790711694508028	0.19704381781952426	0.1392371758451795	0.49347645010503227	1620.9961687679931	122.0	13.2868538423606	-166.58382210475904
1.0	508.0	490.0	11.286316649666759	0.2761191816358297	60.41681341336552	0.2249490671246424	7.963224954218365	0.2249491368669845	0.16608473979147187	0.5816216408533468	1586.4407256469224	122.0	13.003612505302643	-125.19747113714229
1.0	518.0	490.0	10.565675874263135	0.25632020530370025	59.83251976196084	0.2232241067316624	7.96891379118142	0.22322415376791108	0.15453298480036343	0.5446846445095477	1580.2554251717688	122.0	12.952913321080072	-143.7084232501031
1.0	528.0	490.0	9.094373717706505	0.21513174568438695	59.82480157179549	0.22436074837537268	8.213384406112834	0.22436066061549484	0.10931743836943938	0.4650173590611228	2292.881149785753	122.0	18.794107785129125	-183.71849859339875
1.0	538.0	490.0	7.321212841233554	0.15974563123403906	61.08379499463099	0.24249410263919824	9.625041973176137	0.24249415327910726	0.07557459530315545	0.3763138502798803	3099.6400998173112	122.0	25.40688606407632	-238.31782960889814
2.0	548.0	490.0	3.842754361432618	0.20057303509163896	56.86387711022664	0.16504218771624055	4.35281822204519	0.23402731259565293	0.07111531163810389	0.1564625055008583	652.4005205217507	119.0	5.482357315308829	-441.60817213018566
2.0	548.0	490.0	4.395632062757416	0.12043930222431108	67.37984176720202	0.48646613461922833	11.78089704449202	0.263122218732033	0.07111531163810389	0.1564625055008583	652.4005205217507	119.0	5.482357315308829	-441.60817213018566
3.0	558.0	490.0	5.762804640410275	0.18278415249260727	58.51911629501545	0.07697536103686985	3.9646798299690875	0.12491826805722601	0.06052841454883605	0.12964660785727014	576.1250110004765	116.0	4.966594922417901	-490.5940065641031
3.0	558.0	490.0	3.5400926387593614	0.06392808368742721	72.39384567411372	0.5213007969473378	11.014432399431374	0.379110324191605	0.06052841454883605	0.12964660785727014	576.1250110004765	116.0	4.966594922417901	-490.5940065641031
3.0	558.0	490.0	0.3651862797439394	0.09590586908808123	116.84436004099138	1.0155354597661932	3.348452580487373	1.0156624110583032	0.06052841454883605	0.12964660785727014	576.1250110004765	116.0	4.966594922417901	-490.5940065641031
2.0	568.0	490.0	7.709224399985461	0.17059095167765706	59.42336798683842	0.07075590488927555	3.4493614840775892	0.09098805709076019	0.07352073088679674	0.17577182221359636	737.7277083802528	119.0	6.199392507397082	-417.92746795829777
2.0	568.0	490.0	2.404519985512043	0.07285835336171514	77.49725381724163	0.6369762699507111	11.360694069462038	0.640701997230789	0.07352073088679674	0.17577182221359636	737.7277083802528	119.0	6.199392507397082	-417.92746795829777
2.0	578.0	490.0	7.660993711471687	0.15094084455038964	59.59131101430527	0.0664778976420394	3.091972632026594	0.07536093452165758	0.13241316576458786	0.16922657996610252	240.96355483891162	119.0	2.024903822175728	-410.7036908693319
2.0	578.0	490.0	1.598285800087904	0.06788567676176614	84.43356174730873	0.789609456249005	13.93189439091631	0.868522312777805	0.13241316576458786	0.16922657996610252	240.96355483891162	119.0	2.024903822175728	-410.7036908693319
4.0	588.0	490.0	6.476337828233005	0.14168196414676798	59.52624485942408	0.06704033148496141	2.945322110884057	0.08095505988157455	0.0624120400194291	0.15352754124042178	807.0395671293367	113.0	7.141943071941032	-433.581184053493
4.0	588.0	490.0	1.3899947531560237	0.0563740767522655	82.73255908179755	0.9393985053645354	15.923845847955633	1.048058664711529	0.0624120400194291	0.15352754124042178	807.0395671293367	113.0	7.141943071941032	-433.581184053493
4.0	588.0	490.0	0.47478952438201805	0.1296981564891588	119.11208560407876	0.9115638634732424	2.9017000082491027	0.9506142750214059	0.0624120400194291	0.15352754124042178	807.0395671293367	113.0	7.141943071941032	-433.581184053493
4.0	588.0	490.0	0.1494543099318762	0.05065844271300417	191.421908617746	33.05364612267479	28.693853608044012	26.162377543840435	0.0624120400194291	0.15352754124042178	807.0395671293367	113.0	7.141943071941032	-433.581184053493
2.0	598.0	490.0	5.537209187700023	0.22761245918622566	59.086052749670344	0.10303734584524227	2.7185805754362984	0.13759843368451796	0.07721777761386504	0.20653440102902323	988.2159474048586	119.0	8.304335692477803	-369.12108936427614
2.0	598.0	490.0	1.8350232670641087	0.09257179612528492	72.07120889858827	1.033254103168822	10.907503388083821	0.8388619737229132	0.07721777761386504	0.20653440102902323	988.2159474048586	119.0	8.304335692477803	-369.12108936427614
2.0	608.0	490.0	2.4512092301494754	0.16156897627010083	58.587104394444644	0.1478806132212561	2.394323258677795	0.18967064741854206	0.06893528228712296	0.13453295306163576	478.80563296269594	119.0	4.02357674758568	-488.0622985582327
2.0	608.0	490.0	2.993653690040909	0.09959405504261168	65.06879055484497	0.3556720460905843	8.081510681540435	0.22305028622061818	0.06893528228712296	0.13453295306163576	478.80563296269594	119.0	4.02357674758568	-488.0622985582327
1.0	618.0	490.0	4.003606189945468	0.07728184419738404	62.376455704617044	0.1599762548053733	7.1770649876622095	0.15997621313032717	0.09015778458280475	0.1488649991033291	380.11731227856984	122.0	3.1157156744145067	-456.5277223666724
2.0	628.0	490.0	4.180851237345708	0.08732008575294874	62.412376850926414	0.1752197115962587	7.265477362124573	0.17521971000173164	0.0678380594551505	0.17390195433125435	846.3427388742183	119.0	7.112123856085868	-420.8697751332017
2.0	628.0	490.0	0.31287434869836594	0.13547616150385655	113.87837772225362	1.5085572203900064	3.020965572197439	1.5086222221800312	0.0678380594551505	0.17390195433125435	846.3427388742183	119.0	7.112123856085868	-420.8697751332017
1.0	638.0	490.0	3.4834025458556037	0.06446952630533763	62.53434342037339	0.19832238925317724	9.280885791429014	0.19832248627439053	0.0772176197917698	0.1487444578995549	466.2875411658803	122.0	3.822029025949839	-469.720809629598
2.0	648.0	490.0	2.9237656536829477	0.06330442198967103	58.44399369985887	0.278427619020308	7.641567688631701	0.29575410237036937	0.095775417300474	0.12472886113336432	216.16561712975445	119.0	1.81651779100634	-505.25905310230314
2.0	648.0	490.0	1.6047809325781948	0.11058593350371368	73.84432299048727	0.2827574022513444	3.427192898229575	0.29018701097966115	0.095775417300474	0.12472886113336432	216.16561712975445	119.0	1.81651779100634	-505.25905310230314
3.0	658.0	490.0	2.636047120620194	0.06548302333196113	57.28271357883911	0.20618720300824145	5.904507731363334	0.22656724586290314	0.06830231323071632	0.11381043604611855	347.0890164167342	116.0	2.9921466932477085	-523.7292510331041
3.0	658.0	490.0	1.8007138354785803	0.08213820000206319	72.65557172878215	0.237277356563851	3.640656345704685	0.23363957320250908	0.06830231323071632	0.11381043604611855	347.0890164167342	116.0	2.9921466932477085	-523.7292510331041
3.0	658.0	490.0	0.33076712887918125	0.07058764924196484	108.05704917507575	1.1687146074143433	4.739824004532341	1.1687020657076106	0.06830231323071632	0.11381043604611855	347.0890164167342	116.0	2.9921466932477085	-523.7292510331041
3.0	668.0	490.0	2.2627352346982668	0.058423559400164214	56.66665911375841	0.18695708630722013	5.572039417090867	0.20640456303067117	0.07444842765139223	0.09781810616650158	221.09708579858673	116.0	1.9060093603326442	-558.5609212578205
3.0	668.0	490.0	1.634365823537021	0.07074381434724625	72.38801463270923	0.21152552075587644	3.60167868330457	0.2138096236499329	0.07444842765139223	0.09781810616650158	221.09708579858673	116.0	1.9060093603326442	-558.5609212578205
3.0	668.0	490.0	0.4936934837890502	0.05485613144182374	107.82877286210355	0.7624929289268771	5.9401720192263054	0.7624888116116469	0.07444842765139223	0.09781810616650158	221.09708579858673	116.0	1.9060093603326442	-558.5609212578205
3.0	678.0	490.0	2.206352112223298	0.06336809342350826	57.21304637359988	0.3201456342553872	6.945068951960558	0.3428708902293575	0.0802384701401226	0.11249880344353393	274.9413946655809	116.0	2.370184436772249	-512.5923045805708
3.0	678.0	490.0	1.2025904478115437	0.09302148725143422	72.88666609443028	0.3984988547395918	3.726765138579662	0.38530424310071004	0.0802384701401226	0.11249880344353393	274.9413946655809	116.0	2.370184436772249	-512.5923045805708
3.0	678.0	490.0	0.5630217393867518	0.05198420618240258	108.05741403316075	1.0205846487351355	9.577002126542624	1.0241132820853436	0.0802384701401226	0.11249880344353393	274.9413946655809	116.0	2.370184436772249	-512.5923045805708
3.0	688.0	490.0	2.416928693526153	0.069223056712671	61.34633757132259	0.30182860925593746	9.132015882410215	0.3040176882205686	0.06585563794234298	0.15080110063718047	688.6463427982891	116.0	5.936606403433527	-447.20557781386856
3.0	688.0	490.0	0.49928537450052823	0.13055925977043004	96.81006355729099	1.9345592519043617	4.959201142602599	1.6500215827239342	0.06585563794234298	0.15080110063718047	688.6463427982891	116.0	5.936606403433527	-447.20557781386856
3.0	688.0	490.0	0.4044661468008136	0.07794653860967954	113.60917098724453	3.441905735611357	7.75791145581093	3.203511436173924	0.06585563794234298	0.15080110063718047	688.6463427982891	116.0	5.936606403433527	-447.20557781386856
3.0	698.0	490.0	2.7909528327997966	0.1549451227964792	60.1296439659759	0.12641480826335888	2.181004334571767	0.15173241565439513	0.06215641610564025	0.14461045241410606	707.5202153883336	116.0	6.099312201623565	-458.27853214522423
3.0	698.0	490.0	1.3813545820726563	0.0971934172565788	64.03250394582867	0.6456832489438449	11.407275608057041	0.6524594589109683	0.06215641610564025	0.14461045241410606	707.5202153883336	116.0	6.099312201623565	-458.27853214522423
3.0	698.0	490.0	0.44638945635879657	0.09886089315660551	119.94762849236338	1.0435907990746414	4.080851411184776	1.0435921992007426	0.06215641610564025	0.14461045241410606	707.5202153883336	116.0	6.099312201623565	-458.27853214522423
3.0	708.0	490.0	3.577508901177475	0.10277485633171088	60.31117953691551	0.08699831075673486	2.7344984943981796	0.09728966509744347	0.06478479954808088	0.11807454592016191	419.3580446079947	116.0	3.6151555569654716	-513.3044346800621
3.0	708.0	490.0	0.5862009682234913	0.04197581599316689	74.96009999105502	1.7063208791517295	19.0739973585957	1.4730773254405358	0.06478479954808088	0.11807454592016191	419.3580446079947	116.0	3.6151555569654716	-513.3044346800621
3.0	708.0	490.0	0.5046132105141472	0.090487984959158	121.02620496524695	0.657030827309793	3.1747147848881685	0.6683851833087512	0.06478479954808088	0.11807454592016191	419.3580446079947	116.0	3.6151555569654716	-513.3044346800621
3.0	718.0	490.0	3.2448956841429744	0.09740152845618447	59.631697537065136	0.08994847889088002	2.9260096748883173	0.11019574978475229	0.060586844551843134	0.10787829156236098	396.9466258276847	116.0	3.4219536709283167	-536.9181453044597
3.0	718.0	490.0	0.6401343440435179	0.0396461467982915	80.8677647973214	1.3427274687155162	14.31274616296645	1.4234431422999392	0.060586844551843134	0.10787829156236098	396.9466258276847	116.0	3.4219536709283167	-536.9181453044597
3.0	718.0	490.0	0.503258957917298	0.0754444903066174	120.61065858338951	0.6555135482851043	3.7510551574698434	0.6615093168977786	0.060586844551843134	0.10787829156236098	396.9466258276847	116.0	3.4219536709283167	-536.9181453044597
3.0	728.0	490.0	2.4792766368426746	0.0909541476287395	58.47469023764361	0.12906464564832532	3.2273390703785827	0.14833376233185971	0.05341929740679624	0.10893370046677969	538.4470565929479	116.0	4.641784970628861	-530.2836587662993
3.0	728.0	490.0	0.5875343528778677	0.04192885166445703	72.56230104806698	1.654024932861078	18.428954606155305	1.342650962998651	0.05341929740679624	0.10893370046677969	538.4470565929479	116.0	4.641784970628861	-530.2836587662993
3.0	728.0	490.0	0.491312593854717	0.07840740134404317	121.06199701594322	0.6779566290612095	3.6685673152075227	0.6844854827432595	0.05341929740679624	0.10893370046677969	538.4470565929479	116.0	4.641784970628861	-530.2836587662993
3.0	738.0	490.0	1.7588233854741526	0.08068658647397492	56.745028295450325	0.17480563575925473	3.802958338945195	0.21585000889092623	0.07104819734641099	0.0893326108704413	209.36698238090906	116.0	1.8048877791457678	-577.0621227741611
3.0	738.0	490.0	0.8099905620168544	0.056541567072966474	65.09370236813969	0.9842742995337921	14.579949555144163	0.7459839413804594	0.07104819734641099	0.0893326108704413	209.36698238090906	116.0	1.8048877791457678	-577.0621227741611
3.0	738.0	490.0	0.4067888796226612	0.06944013664428693	120.63478778701219	0.6305263790446946	3.1969583645555195	0.6305603886965899	0.07104819734641099	0.0893326108704413	209.36698238090906	116.0	1.8048877791457678	-577.0621227741611
3.0	748.0	490.0	2.2636649280992063	0.05372869074142631	55.92563143574715	0.20427149985817644	4.8758222323804965	0.19755605371712864	0.06337741155304265	0.08479647765812805	232.54667651983377	116.0	2.0047127286192565	-592.4995706775343
3.0	748.0	490.0	1.2732787669120815	0.05161950540900841	71.40593986255278	0.37808833647963225	5.284373823157858	0.3770522228905943	0.06337741155304265	0.08479647765812805	232.54667651983377	116.0	2.0047127286192565	-592.4995706775343
3.0	748.0	490.0	0.3048034893908716	0.07142807571937933	119.9197729914201	0.7226946050549539	2.6724472746909926	0.7227031703636164	0.06337741155304265	0.08479647765812805	232.54667651983377	116.0	2.0047127286192565	-592.4995706775343
2.0	758.0	490.0	2.418047491626789	0.06377716289212514	56.50697613797648	0.18139641432430192	4.108556915798319	0.16214348789661584	0.07455521682535511	0.08525904219170154	167.69651691421754	119.0	1.4092144278505676	-599.6116810678814
2.0	758.0	490.0	1.2655532361401978	0.04874239870735167	70.86135524478823	0.43508996053242854	5.908877891301505	0.4342929728282161	0.07455521682535511	0.08525904219170154	167.69651691421754	119.0	1.4092144278505676	-599.6116810678814
3.0	768.0	490.0	2.1783521876299874	0.0970877297276552	57.494006696863295	0.23956895552493365	3.888325438459174	0.2023751121548279	0.08147146172323139	0.08733913484268706	150.70587549246457	116.0	1.2991885818315911	-583.933358902162
3.0	768.0	490.0	1.1463430614085794	0.05118792048237383	70.3208093801435	0.7004978297302471	6.188835704874103	0.6248090046084162	0.08147146172323139	0.08733913484268706	150.70587549246457	116.0	1.2991885818315911	-583.933358902162
3.0	768.0	490.0	0.21498675882216545	0.09307049429558396	44.32825818124936	0.8414190759741431	1.6162900163341423	0.7992875965457961	0.08147146172323139	0.08733913484268706	150.70587549246457	116.0	1.2991885818315911	-583.933358902162
2.0	158.0	500.0	0.9039964452668746	0.04755412699087952	22.78840592333737	0.38218328882034897	6.291935290794677	0.3821966812595006	0.05542877577679412	0.0853648322940865	325.59754130236746	119.0	2.7361137924568695	-590.783692835414
2.0	158.0	500.0	1.2828467997460804	0.049678083333727	60.61410731366177	0.257816243725571	5.764794473804556	0.2578243789620352	0.05542877577679412	0.0853648322940865	325.59754130236746	119.0	2.7361137924568695	-590.783692835414
2.0	168.0	500.0	1.4068086925766288	0.052488397663055776	21.12417012087645	0.2773352141116365	6.4373682362822455	0.2773386589088355	0.05575826811704879	0.09978202732899681	401.06415502900666	119.0	3.370287017050476	-563.2445706433408
2.0	168.0	500.0	1.2426861075017435	0.05571240791244029	60.53498667062711	0.2958108478488229	5.713243081989237	0.2958136961344148	0.05575826811704879	0.09978202732899681	401.06415502900666	119.0	3.370287017050476	-563.2445706433408
2.0	178.0	500.0	1.4867184369814954	0.056889315173239544	23.576200800209346	0.34483164145900613	7.791068328737273	0.3492412230651192	0.06142157923643977	0.11863740806534637	466.9286437699054	119.0	3.923770115713491	-520.0538096930752
2.0	178.0	500.0	0.8459030173748184	0.056208941826663965	60.57793631956624	0.6133582728871435	7.984075514938159	0.6214063510439473	0.06142157923643977	0.11863740806534637	466.9286437699054	119.0	3.923770115713491	-520.0538096930752
3.0	188.0	500.0	0.2009611942869065	0.09925374675503076	-6.372569736173241	1.142028016731118	1.9990497920395742	1.1379891353544453	0.04579529769541017	0.09519122090090577	645.2672095756229	116.0	5.562648358410542	-546.1594019789494
3.0	188.0	500.0	1.6685285646805277	0.04991253874869607	28.713024122100514	0.27423841520316944	7.94296521459807	0.2752472183260067	0.04579529769541017	0.09519122090090577	645.2672095756229	116.0	5.562648358410542	-546.1594019789494
3.0	188.0	500.0	0.9460440856785175	0.07419880122755816	58.8217572715768	0.32536514345531736	3.587174330156536	0.32587125533809774	0.04579529769541017	0.09519122090090577	645.2672095756229	116.0	5.562648358410542	-546.1594019789494
2.0	198.0	500.0	1.6041796123403347	0.056101511318767255	30.49309809397559	0.3218848353138403	7.974599998448763	0.3230269822028214	0.08765635860011732	0.10164423088998274	229.18845896292632	119.0	1.9259534366632465	-520.0920552285232
2.0	198.0	500.0	1.1760219454832377	0.10371465782239456	57.71965248411126	0.2373990707820491	2.328289920715458	0.23753388677709228	0.08765635860011732	0.10164423088998274	229.18845896292632	119.0	1.9259534366632465	-520.0920552285232
2.0	208.0	500.0	2.0219068227976704	0.07545899008370635	32.13234776915032	0.2740161264206896	6.358770927497013	0.27409440777664157	0.06258292974560942	0.13312021178441055	649.8513181832661	119.0	5.460935446918203	-474.05008478051377
2.0	208.0	500.0	1.343562594494904	0.1361744621445152	57.391021106735494	0.22873622113101474	1.9590093671247821	0.22971911489039717	0.06258292974560942	0.13312021178441055	649.8513181832661	119.0	5.460935446918203	-474.05008478051377
2.0	218.0	500.0	2.863057513842233	0.07719808062949284	34.927284964873785	0.17051093819493468	5.476466835639278	0.17051090526425106	0.06327327613265767	0.12618200037074945	573.1620846082093	119.0	4.816488105951339	-487.0043386385984
2.0	218.0	500.0	0.2999869015276352	0.07682810468440268	89.24149292939346	1.6351425491550609	5.529613540385394	1.6351438935792912	0.06327327613265767	0.12618200037074945	573.1620846082093	119.0	4.816488105951339	-487.0043386385984
1.0	228.0	500.0	3.0935256464216563	0.054530290805790985	37.54179460017348	0.12368768820809194	6.0762708926288935	0.12368756983959188	0.06254302372248514	0.10117084259394729	332.96028355624753	122.0	2.7291826521003895	-564.5114602554852
1.0	238.0	500.0	2.8390125913848148	0.05377318420583748	38.34233162136892	0.17624610229444945	8.05825718203039	0.17624607082844435	0.06022253627951383	0.11577991475299924	463.10035875817124	122.0	3.79590457998501	-532.7234036206519
2.0	248.0	500.0	3.092862803406307	0.05522966696196028	40.53844007399805	0.15391229588777033	7.464403429604857	0.15391784899865255	0.060770878540492	0.11093944461849056	433.4510953827682	119.0	3.6424461796871275	-532.0161247330578
2.0	248.0	500.0	0.4195507788996471	0.06010508512649112	83.75915070522521	1.0427679970133563	6.300315917350095	1.0427964943469352	0.060770878540492	0.11093944461849056	433.4510953827682	119.0	3.6424461796871275	-532.0161247330578
2.0	258.0	500.0	2.8165173323096933	0.08363510559219556	43.494170613825204	0.21032678655473952	5.817469007173931	0.2179393976022537	0.06807663496650927	0.13327409007065702	492.65295814651734	119.0	4.13994082476065	-487.6320352359605
2.0	258.0	500.0	0.3523170019030081	0.05039890684726905	72.6343783874459	2.9246433773358183	13.920500100241318	3.223097201558585	0.06807663496650927	0.13327409007065702	492.65295814651734	119.0	4.13994082476065	-487.6320352359605
2.0	268.0	500.0	3.36603806020531	0.06562882837476576	46.959876797447855	0.10714293475005314	4.7619539273726605	0.10824354020414867	0.0685884360592365	0.10708090652647703	304.7592084322224	119.0	2.561001751531281	-545.7949369805734
2.0	268.0	500.0	0.6763443586900826	0.08952764271753526	64.66697213669067	0.3907898740870195	2.5482707144235843	0.3927250354042375	0.0685884360592365	0.10708090652647703	304.7592084322224	119.0	2.561001751531281	-545.7949369805734
1.0	278.0	500.0	3.158517571803383	0.07863169773197422	48.78852239450089	0.17540332851902754	6.101605422821046	0.17540328045885673	0.06297464059872762	0.1474566600989519	685.6906083185005	122.0	5.6204148222827905	-472.49169340080147
1.0	288.0	500.0	2.285212503468735	0.05323493508442374	54.42369016566458	0.22092239687604037	8.213519036525085	0.22092250113311485	0.06722254348390415	0.11436555673423286	371.267534453549	122.0	3.043176511914336	-532.8605069810615
1.0	298.0	500.0	3.0768032750342504	0.06065932608665538	58.840246847036575	0.132561327727108	5.822962885751981	0.13256130683050668	0.06901935886659219	0.11106449143554807	324.2011335592567	122.0	2.6573863406496447	-543.2107665535476
1.0	308.0	500.0	4.255366255167076	0.07561734234355176	58.128173089641706	0.1403838299398879	6.8413086244747054	0.1403837551554093	0.09408372329855653	0.14401496292399552	318.553606125261	122.0	2.611095132174271	-467.9579259801911
1.0	318.0	500.0	4.667582880026949	0.08451019901123838	56.87371317799924	0.1722327147745265	8.23860534074274	0.1722327835753003	0.1363628082005528	0.16974268226949538	228.074769751156	122.0	1.8694653258291476	-416.9390875514661
1.0	328.0	500.0	4.507532426181022	0.08457393002218544	57.67612374652452	0.18751134899715546	8.655187105128846	0.187511395198872	0.08648454272176155	0.17124936928357415	596.5892071362198	122.0	4.8900754683296705	-410.5830139683221
1.0	338.0	500.0	5.151351548717992	0.12994934146070358	58.42160282439096	0.22489492037284267	7.721119396463971	0.224895015885553	0.11109983555104018	0.269116405057631	761.3771914225115	122.0	6.240796651004192	-317.479621869885
1.0	348.0	500.0	5.2617960902489935	0.1421905873199735	57.98100413172269	0.2499163163611381	8.008490032236711	0.2499161543050622	0.09214725126731899	0.30552776933286746	1374.568087079688	122.0	11.266951533440066	-290.3942179309015
2.0	358.0	500.0	5.455074827513593	0.2241067907679004	53.36069660034897	0.2602634135861739	4.3465818776844225	0.17348266725695724	0.05857148739008045	0.13852421688437522	789.6884372293225	119.0	6.636037287641366	-466.2493582334973
2.0	358.0	500.0	3.28245341786976	0.11543438312637373	65.1287014905257	0.595324027275614	5.729037341039257	0.43203664396894853	0.05857148739008045	0.13852421688437522	789.6884372293225	119.0	6.636037287641366	-466.2493582334973
2.0	368.0	500.0	3.946266213604514	0.15245684813501928	53.55114051112951	0.1040039556585665	3.2010903786354845	0.13849866761956126	0.06400411857419226	0.12694999495950893	493.0351732329041	119.0	4.143152716242892	-502.95674939910464
2.0	368.0	500.0	3.647758597062056	0.135932737344331	57.834531547639074	0.25928644328557343	10.07523877060692	0.22138229909498763	0.06400411857419226	0.12694999495950893	493.0351732329041	119.0	4.143152716242892	-502.95674939910464
1.0	378.0	500.0	6.3011719575097525	0.11679719699915561	54.55014440048329	0.17028141040508044	7.955574060055046	0.17028136489075416	0.07689984528030214	0.2434144896831075	1322.845482111061	122.0	10.842995755008698	-340.40952530494224
1.0	388.0	500.0	4.718415363118644	0.08742775170223505	54.29697851863842	0.21767095346608537	10.173419366051052	0.21767092871664767	0.36105376468786626	0.1780233296687646	42.997447778986036	122.0	0.3524380965490659	-382.07872193972895
2.0	398.0	500.0	0.8468651126081487	0.16117956367001834	48.19765003549075	0.5846621172481906	3.078693473151053	0.7272565962837985	0.11018783709070507	0.13005648386751467	292.7057698774616	119.0	2.459712351911442	-432.3235543889019
2.0	398.0	500.0	3.2692665414104143	0.09140142662233078	57.77014935978444	0.4432736399849659	11.845063475261817	0.29903348068769486	0.11018783709070507	0.13005648386751467	292.7057698774616	119.0	2.459712351911442	-432.3235543889019
2.0	408.0	500.0	3.42103328102917	0.03946132209268609	60.048066756770325	0.1377297969006988	10.340562644290912	0.13772979666821267	0.05586395853272263	0.09120224684067672	362.76442120298395	119.0	3.0484405143107893	-575.3171109149258
2.0	408.0	500.0	0.19934477761297714	0.049512280670199776	193.07672933743726	2.570977938968971	7.186506314826248	2.850304296029576	0.05586395853272263	0.09120224684067672	362.76442120298395	119.0	3.0484405143107893	-575.3171109149258
1.0	418.0	500.0	3.229576125723321	0.0429506606157325	61.02766657851448	0.14289285065776205	9.304901816898301	0.14289284237200664	0.0629959129175126	0.09936928530162242	311.77665881643463	122.0	2.5555463837412673	-570.9246876242282
2.0	428.0	500.0	2.700509846922228	0.06522044983829804	63.548813940065166	0.23213142313432683	8.560004794647073	0.2507365620125354	0.06145946053178705	0.13874707080162701	637.0605400919326	119.0	5.35344991673893	-481.063641417173
2.0	428.0	500.0	11786.271555689444	28302381.66539881	7739.240091245488	1558982.7498668204	1564.1352299518057	159396.22097979902	0.06145946053178705	0.13874707080162701	637.0605400919326	119.0	5.35344991673893	-481.063641417173
2.0	438.0	500.0	2.530800265625251	0.6118935615157991	60.70197217286353	0.34606515936641247	3.6401354921210602	0.5133604813700766	0.36105376468786626	0.12473921804426769	27.515941338978145	119.0	0.23122639780653903	-431.1637623055965
2.0	438.0	500.0	1.9678912557910058	0.1994605829753168	70.17909380179238	2.0957613404890654	7.08852306661635	1.2686249164208345	0.36105376468786626	0.12473921804426769	27.515941338978145	119.0	0.23122639780653903	-431.1637623055965
1.0	448.0	500.0	7.249515254675453	0.22795393011673246	62.71740663652476	0.18741710203520212	5.161386470108915	0.18741686926976023	0.07203094729588605	0.376997600800127	3726.1418171940313	122.0	30.54214604257403	-227.31299785907314
1.0	458.0	500.0	12.372285056542408	0.24229515927778947	62.940655206127126	0.11554646283766894	5.109804425257428	0.11554651025732725	0.08481983401553313	0.40789414158477083	3005.415702563951	122.0	24.63455493904878	-213.32428832763625
1.0	468.0	500.0	14.753859988483121	0.17213585110681281	62.0454845137867	0.07134414920756157	5.29557440214759	0.0713441253254255	0.10855811627206928	0.2777028342165255	959.735318257953	122.0	7.866682936540599	-294.3244290149942
2.0	478.0	500.0	14.565970731805164	0.1682702718229581	60.71547156637032	0.07368891154721208	5.524223837314585	0.07368892614778925	0.07178574040957558	0.2807182931526811	2134.057075763884	119.0	17.93325273751163	-291.1221866271757
2.0	478.0	500.0	0.37063931615862394	0.20568235134599544	122.11426334756193	2.3691416419773828	3.6975227725320154	2.369146373226744	0.07178574040957558	0.2807182931526811	2134.057075763884	119.0	17.93325273751163	-291.1221866271757
2.0	488.0	500.0	12.659352876082627	0.0852485029900071	59.64462485126652	0.09214745113154253	5.953347910518409	0.08409732363245204	0.062248155358714335	0.14804372467077348	726.6212518524145	119.0	6.106060939936256	-461.43327600914085
2.0	488.0	500.0	2.737348860150501	0.11200644505535659	74.1562362331328	0.35809870633932894	4.648033578819109	0.2981842036117158	0.062248155358714335	0.14804372467077348	726.6212518524145	119.0	6.106060939936256	-461.43327600914085
2.0	498.0	500.0	11.071550628256281	0.39279464960127136	57.061029737421286	0.17380593494980942	4.965568726908375	0.1024044157677274	0.08190079666188899	0.12554465732825393	379.8840770392942	119.0	3.19230316839743	-473.90572476612505
2.0	498.0	500.0	5.426081545310187	0.17873410129787776	69.12040260758282	0.5980722993101987	6.808784739730252	0.3651415417391724	0.08190079666188899	0.12554465732825393	379.8840770392942	119.0	3.19230316839743	-473.90572476612505
2.0	508.0	500.0	11.96922984812664	0.10124267031735418	57.70023566412627	0.11161771865689327	5.960889887572989	0.10413901772703464	0.2151921931702005	0.14298022231583452	86.84181881421581	119.0	0.7297631833127379	-416.8722487142068
2.0	508.0	500.0	5.015550328752412	0.13437412253809386	72.14298638251542	0.2195294998722676	4.501193080733569	0.18561957723133932	0.2151921931702005	0.14298022231583452	86.84181881421581	119.0	0.7297631833127379	-416.8722487142068
3.0	518.0	500.0	11.333166077527794	0.10095119396865242	56.658267668426056	0.08260056071880457	6.843514439502539	0.09164533199075045	0.06336809622993084	0.18756923938942893	1105.8383868931242	116.0	9.533089542182104	-397.6278083997904
3.0	518.0	500.0	4.6927573704713765	0.13731058702474738	73.59252903240518	0.14380147318721245	3.635257336141133	0.14292673877225875	0.06336809622993084	0.18756923938942893	1105.8383868931242	116.0	9.533089542182104	-397.6278083997904
3.0	518.0	500.0	0.36999951384471824	0.11366275475100761	192.06270598081773	1.8853816238182277	5.233380259738954	2.0281404604695776	0.06336809622993084	0.18756923938942893	1105.8383868931242	116.0	9.533089542182104	-397.6278083997904
2.0	528.0	500.0	10.320335616861724	0.14189648795699059	55.769634289400585	0.12469537914980247	5.945820679428367	0.13204261602259448	0.23148644980127484	0.23551871923425874	150.17280089936276	119.0	1.2619563100786786	-330.16250796193384
2.0	528.0	500.0	4.129530890898264	0.15333696203552374	73.2388380171357	0.2864589182688583	4.95098365430427	0.28607022052035475	0.23148644980127484	0.23551871923425874	150.17280089936276	119.0	1.2619563100786786	-330.16250796193384
2.0	538.0	500.0	7.974465893714356	0.09966493008391614	56.039049173659585	0.12298345020620607	5.26132502512483	0.11417864547591561	0.1366232929244548	0.13450545367845768	184.39358889557604	119.0	1.549525957105681	-436.32524165581646
2.0	538.0	500.0	4.134954905372041	0.0926310598854173	72.59813158979014	0.2532266408584133	5.9361990679497865	0.24655495296628005	0.1366232929244548	0.13450545367845768	184.39358889557604	119.0	1.549525957105681	-436.32524165581646
3.0	548.0	500.0	5.951742207185387	0.08054092461420867	55.898192546147314	0.12842188500100601	5.192389746347983	0.11390146146277581	0.08595593979623295	0.12266362939892954	254.56279868003773	116.0	2.194506885172739	-505.0106654231329
3.0	548.0	500.0	4.659471977659819	0.06877782747585448	72.83720469295945	0.18872082588025524	6.616297335047659	0.18726680081360653	0.08595593979623295	0.12266362939892954	254.56279868003773	116.0	2.194506885172739	-505.0106654231329
3.0	548.0	500.0	0.16657199306108245	0.02408338045708031	106.68720618128185	16.956882928508698	90.2723479676619	20.98952328152876	0.08595593979623295	0.12266362939892954	254.56279868003773	116.0	2.194506885172739	-505.0106654231329
2.0	558.0	500.0	5.678370920703051	0.1787148044602018	57.07996445084035	0.2143762196974979	5.3281984486246365	0.17300772089350067	0.0831259037485825	0.15449548084914994	512.2115284303595	119.0	4.304298558238315	-432.8348695832613
2.0	558.0	500.0	4.299113901709687	0.08360002803968511	73.9904619420686	0.4574635746366744	8.479979046496295	0.38859161136287346	0.0831259037485825	0.15449548084914994	512.2115284303595	119.0	4.304298558238315	-432.8348695832613
3.0	568.0	500.0	7.0454013834833455	0.14645962182284838	60.01841554098325	0.10414359578559564	4.824997809024915	0.12157368667605914	0.11851412877124631	0.14176887783308417	226.65127482216144	116.0	1.9538903001910468	-439.22819836577884
3.0	568.0	500.0	2.820815417562259	0.15831506756176414	78.24423390901653	0.2971701255938691	6.425534298428091	0.3994453066804114	0.11851412877124631	0.14176887783308417	226.65127482216144	116.0	1.9538903001910468	-439.22819836577884
3.0	568.0	500.0	0.5860280541508861	0.10831670235508639	89.29164518434247	5.161698303136264	22.487335425179108	2.953756326844922	0.11851412877124631	0.14176887783308417	226.65127482216144	116.0	1.9538903001910468	-439.22819836577884
3.0	578.0	500.0	6.745151543528244	0.21680203116366545	60.39920916721472	0.1146125989277162	3.6361306607903146	0.1287000311562526	0.27499399728176716	0.19244317073215	69.03916864726615	116.0	0.5951652469591909	-377.3912515398877
3.0	578.0	500.0	1.85876947524733	0.6266699330728951	77.50917289375337	1.0936115156970871	9.650095521692803	2.148639893298588	0.27499399728176716	0.19244317073215	69.03916864726615	116.0	0.5951652469591909	-377.3912515398877
3.0	578.0	500.0	0.6231378858641863	0.23912506688850552	100.57243629506979	17.169237080766404	18.117745520411734	9.295696798150084	0.27499399728176716	0.19244317073215	69.03916864726615	116.0	0.5951652469591909	-377.3912515398877
2.0	588.0	500.0	5.43454980532638	0.26137169150959416	59.860659360625576	0.14279801207844248	3.2868693581088513	0.19297976030906383	0.3507052999713169	0.25194441418185454	74.05263570690167	119.0	0.6222910563605182	-314.68258839460145
2.0	588.0	500.0	1.8271815695860785	0.10342872009967459	77.08357923193493	1.3761559385510052	12.641028884971842	1.2488928441142204	0.3507052999713169	0.25194441418185454	74.05263570690167	119.0	0.6222910563605182	-314.68258839460145
2.0	598.0	500.0	4.975700072187751	0.2965945133701235	59.080362969112926	0.14559361187547637	2.9699551413139798	0.20401869820912197	0.32378111813088656	0.23975642343267287	78.90022960088157	119.0	0.6630271395032065	-326.72622372422944
2.0	598.0	500.0	2.2687885112589665	0.1138373321060865	72.99880310458325	1.0445941295557524	9.613734918874806	0.9548165291251218	0.32378111813088656	0.23975642343267287	78.90022960088157	119.0	0.6630271395032065	-326.72622372422944
4.0	608.0	500.0	3.4137585853833285	0.5172014779923166	57.90042184705457	0.2141687965797722	2.7062965417501355	0.17961601635610053	0.07859397806277532	0.08597367636166052	152.6923339328586	113.0	1.351259592326182	-584.0654263029132
4.0	608.0	500.0	2.7414032752447213	0.49852699752114643	65.02109782879515	0.6502190388753466	4.592929855543639	0.8661855448604018	0.07859397806277532	0.08597367636166052	152.6923339328586	113.0	1.351259592326182	-584.0654263029132
4.0	608.0	500.0	1.3378124416356083	0.17566028993099142	76.49944706116823	2.630639364591007	8.213482161530418	1.403688055361676	0.07859397806277532	0.08597367636166052	152.6923339328586	113.0	1.351259592326182	-584.0654263029132
4.0	608.0	500.0	0.6430568462332863	0.06834022833400717	121.3912162017451	0.3711982905458575	3.024917128273567	0.37119847624352087	0.07859397806277532	0.08597367636166052	152.6923339328586	113.0	1.351259592326182	-584.0654263029132
2.0	618.0	500.0	4.008659867442766	0.07247830193098678	63.03124648226267	0.15772298593927947	7.554183740005374	0.15772289976007864	0.071315550851145	0.14937899540558583	548.5992827050487	119.0	4.6100780059247795	-462.56653659054945
2.0	618.0	500.0	0.5865109935995291	0.13375037241582027	119.02075715334435	0.5843512629862398	2.220866798705704	0.585180128335678	0.071315550851145	0.14937899540558583	548.5992827050487	119.0	4.6100780059247795	-462.56653659054945
2.0	628.0	500.0	4.02776206371779	0.08145714965080027	63.05726055089311	0.17437723616343603	7.467177856560378	0.1743772414538478	0.06231386046400848	0.1668419718340756	897.1091026095245	119.0	7.538731954701887	-434.82301674747515
2.0	628.0	500.0	0.6863311425478422	0.1418811892563684	118.8044632051975	0.587646314334453	2.4606173958141593	0.5876971350735268	0.06231386046400848	0.1668419718340756	897.1091026095245	119.0	7.538731954701887	-434.82301674747515
1.0	638.0	500.0	3.70211610364081	0.07817294334294363	63.15427144856352	0.21146536106411115	8.673686382884906	0.2114654877941897	0.07620371850698786	0.17450884050822144	657.8864963696283	122.0	5.392512265324822	-429.9964193908402
2.0	648.0	500.0	3.4226950062589174	0.09784642744503215	58.40218724725875	0.47811380926568997	6.1186033155511055	0.3372823119103277	0.09819035268529613	0.10753476677288461	181.48309964703355	119.0	1.5250680642607861	-520.893863431789
2.0	648.0	500.0	2.1186337429117925	0.14605290709238408	71.91808257195635	0.6524732573867947	5.231727957109667	0.4291334908407452	0.09819035268529613	0.10753476677288461	181.48309964703355	119.0	1.5250680642607861	-520.893863431789
2.0	658.0	500.0	3.0256551608114965	0.10866986444452072	57.97811737871915	0.5511532025732797	5.750970381290598	0.39124583532345186	0.11511201846033718	0.11545726546410828	156.82696940450433	119.0	1.3178736924748262	-499.39685405921546
2.0	658.0	500.0	2.191448951180604	0.14781051541198004	71.058489546068	0.6712749351607656	5.0936812804966785	0.4500884436733162	0.11511201846033718	0.11545726546410828	156.82696940450433	119.0	1.3178736924748262	-499.39685405921546
2.0	668.0	500.0	2.636144533149377	0.05962878636333871	62.49533009374318	0.2497460586126852	9.556044978247645	0.25224801198659597	0.10222734043282576	0.1299212362019467	227.40481502340646	119.0	1.910964832129466	-482.6249128580853
2.0	668.0	500.0	0.3327789950910736	0.0614856995954629	106.97180623080769	1.918144779670934	8.988028981520962	1.9362331613777923	0.10222734043282576	0.1299212362019467	227.40481502340646	119.0	1.910964832129466	-482.6249128580853
3.0	678.0	500.0	2.690647581244688	0.04023194767881035	62.109352855444136	0.15930460153959344	9.20498323394417	0.16203465557169153	0.06110644558071198	0.08997906764506843	271.1193663993088	116.0	2.3372359172354207	-582.4385824936551
3.0	678.0	500.0	0.5750747717834535	0.041615729418556555	104.61088385788283	1.1790256581635623	8.929866165378124	1.1420757197187625	0.06110644558071198	0.08997906764506843	271.1193663993088	116.0	2.3372359172354207	-582.4385824936551
3.0	678.0	500.0	0.3833833640415581	0.10339377172517798	117.2537544992516	0.5659740422298244	2.2627502184243293	0.7513284678681987	0.06110644558071198	0.08997906764506843	271.1193663993088	116.0	2.3372359172354207	-582.4385824936551
3.0	688.0	500.0	3.1275167754562	0.0705899345751724	62.84139369373576	0.20257565980649658	7.773768167809079	0.2026799957597568	0.05692289394003759	0.1456831004682639	819.0457501124451	116.0	7.060739225107286	-461.97092307135864
3.0	688.0	500.0	0.6760934786662851	0.08769470274968212	100.33300517127927	0.8341316596307363	5.2632236991227535	0.9052857931532995	0.05692289394003759	0.1456831004682639	819.0457501124451	116.0	7.060739225107286	-461.97092307135864
3.0	688.0	500.0	0.6156585934277142	0.09912944156625851	117.55236919730666	0.8081019887264776	3.984935819021999	0.8408074784096573	0.05692289394003759	0.1456831004682639	819.0457501124451	116.0	7.060739225107286	-461.97092307135864
3.0	698.0	500.0	3.629165204626017	0.12617179519857769	61.85100230934169	0.21047804725368138	5.2436635081396865	0.21047847526857943	0.06729686079109522	0.2128425627339965	1263.1243492424437	116.0	10.889003010710722	-365.9664752576698
3.0	698.0	500.0	0.61237127398292	0.13589738960288072	97.04579173419438	1.1585299968436038	4.521486784207089	1.15935729144507	0.06729686079109522	0.2128425627339965	1263.1243492424437	116.0	10.889003010710722	-365.9664752576698
3.0	698.0	500.0	0.6958618673049568	0.15487536105321734	119.4921986110219	0.8945972268598276	3.480917564346388	0.8951327887656955	0.06729686079109522	0.2128425627339965	1263.1243492424437	116.0	10.889003010710722	-365.9664752576698
4.0	708.0	500.0	4.042989357569473	0.1208903487974948	60.60591563895088	0.08252477698266668	2.6095063673569228	0.0983238906148242	0.08177211420878253	0.11999075375809888	282.0233458162658	113.0	2.4957818213828835	-497.4595200120454
4.0	708.0	500.0	0.8189197273062012	0.07002528451845819	68.90771932283691	1.2234971479963725	12.029558306412333	1.0009232895485822	0.08177211420878253	0.11999075375809888	282.0233458162658	113.0	2.4957818213828835	-497.4595200120454
4.0	708.0	500.0	0.6069007002698541	0.10288880918045118	95.20929138421926	0.5499020110140036	2.8121585946739094	0.5785411800796856	0.08177211420878253	0.11999075375809888	282.0233458162658	113.0	2.4957818213828835	-497.4595200120454
4.0	708.0	500.0	0.5497139441701748	0.08691259060369703	119.83395591829995	0.6827340471775066	3.739041455969889	0.6827586093268516	0.08177211420878253	0.11999075375809888	282.0233458162658	113.0	2.4957818213828835	-497.4595200120454
3.0	718.0	500.0	4.005443005071418	0.09588688909383773	60.487509950844114	0.09437289495868807	3.1327532931131126	0.0968664643000787	0.08863924748350674	0.1253566553011051	250.27484326975681	116.0	2.1575417523254896	-499.4491752874733
3.0	718.0	500.0	1.0569710979963824	0.08045902727318067	75.96807000202767	0.4890092729528003	4.983964165860076	0.6168554802468179	0.08863924748350674	0.1253566553011051	250.27484326975681	116.0	2.1575417523254896	-499.4491752874733
3.0	718.0	500.0	0.536770038664098	0.08379581222289474	91.87163871269455	0.8969357422716567	4.14660863279565	0.9318242012122536	0.08863924748350674	0.1253566553011051	250.27484326975681	116.0	2.1575417523254896	-499.4491752874733
4.0	728.0	500.0	3.0487049639986967	0.05725440026629307	59.641155272932295	0.0889035301289452	3.9105614716248756	0.0937551257105422	0.05359694868140676	0.0817582369316752	291.2336005501611	113.0	2.5772885004439035	-599.0535758836145
4.0	728.0	500.0	1.0532018970728712	0.056698494663781365	75.9496809125493	0.3056366053044903	4.289111849147682	0.37213782215494207	0.05359694868140676	0.0817582369316752	291.2336005501611	113.0	2.5772885004439035	-599.0535758836145
4.0	728.0	500.0	0.7309831122059768	0.06016127565158858	89.31929073706982	0.40696238391922396	3.505511384983633	0.41966772652219336	0.05359694868140676	0.0817582369316752	291.2336005501611	113.0	2.5772885004439035	-599.0535758836145
4.0	728.0	500.0	0.44723299783776976	0.055018052453161416	118.1959772346663	0.588037990611708	4.1400722110640045	0.5880392539018641	0.05359694868140676	0.0817582369316752	291.2336005501611	113.0	2.5772885004439035	-599.0535758836145
4.0	738.0	500.0	1.8102782190404054	0.08295061208274572	57.866121885307265	0.17697104046398363	4.136834737133956	0.22583930102122382	0.06634832959639815	0.08631555465566945	211.79183478298552	113.0	1.8742640246281905	-585.5121913068341
4.0	738.0	500.0	0.8009109277583846	0.059099043985584195	67.68491269826843	1.2476416732626832	14.029062718470907	0.8585026612890064	0.06634832959639815	0.08631555465566945	211.79183478298552	113.0	1.8742640246281905	-585.5121913068341
4.0	738.0	500.0	0.2535263767072381	0.09149077833535012	90.57315307087028	0.74056116713857	1.8778571617741031	0.8442477867297682	0.06634832959639815	0.08631555465566945	211.79183478298552	113.0	1.8742640246281905	-585.5121913068341
4.0	738.0	500.0	0.2975955835438217	0.06223218105670382	119.06245509814083	0.8714593552584525	3.6037106224277773	0.8718192534754005	0.06634832959639815	0.08631555465566945	211.79183478298552	113.0	1.8742640246281905	-585.5121913068341
3.0	748.0	500.0	2.2085508644340672	0.09230078119195806	56.49439761920866	0.3030243839866665	4.814034305981224	0.24023050686317002	0.05242434425957311	0.08829518961187326	404.57948896044627	116.0	3.487754215176261	-570.7140237755195
3.0	748.0	500.0	1.2348332970331386	0.05107971457972936	71.65414143393417	0.7707918498926412	7.094301954861036	0.6690200446534447	0.05242434425957311	0.08829518961187326	404.57948896044627	116.0	3.487754215176261	-570.7140237755195
3.0	748.0	500.0	0.242991610594955	0.06305162990767385	118.63639171369262	1.222974392867136	4.079542539988569	1.2229603564477376	0.05242434425957311	0.08829518961187326	404.57948896044627	116.0	3.487754215176261	-570.7140237755195
3.0	758.0	500.0	1.7251596945659764	0.11259561391987212	55.54599221358692	0.1536006550134498	3.0430266825348005	0.22380678455669403	0.049926692571080955	0.08619516256300966	405.6999415447038	116.0	3.497413289178481	-582.5721460005368
3.0	758.0	500.0	1.747048931616763	0.047513387613980745	66.48412349952325	0.5503628723949263	9.753349921765931	0.39150116962481457	0.049926692571080955	0.08619516256300966	405.6999415447038	116.0	3.497413289178481	-582.5721460005368
3.0	758.0	500.0	0.15614068475988474	0.030947434099409116	124.29806136960626	3.5720196443450005	15.604041056449418	3.653203810209996	0.049926692571080955	0.08619516256300966	405.6999415447038	116.0	3.497413289178481	-582.5721460005368
3.0	768.0	500.0	1.7090462441491845	0.11744763597629074	55.77716402857868	0.14157493037568156	3.047994335113299	0.21012268811505105	0.06511998381766042	0.0761129664295317	179.40879712549065	116.0	1.5466275614266436	-618.1465781189762
3.0	768.0	500.0	1.7595375602678833	0.03928609659119186	67.6049460390145	0.49969808535411187	8.217447343138629	0.4179975499359477	0.06511998381766042	0.0761129664295317	179.40879712549065	116.0	1.5466275614266436	-618.1465781189762
3.0	768.0	500.0	0.2827590486495936	0.0388938802676312	116.15181604499566	1.1656047725418637	7.3386657836996765	1.165708704628641	0.06511998381766042	0.0761129664295317	179.40879712549065	116.0	1.5466275614266436	-618.1465781189762
3.0	138.0	510.0	1.3168363520138269	0.0638440170712043	29.16019358822606	0.3053198844687918	5.428365521901016	0.31735277105130116	0.06108840146616359	0.10747984024904363	397.8709269384482	116.0	3.4299217839521394	-534.5663585896932
3.0	138.0	510.0	0.5847013065882724	0.08076807211942881	48.13021148115666	0.6536900028006921	3.401359931974408	0.675562350796156	0.06108840146616359	0.10747984024904363	397.8709269384482	116.0	3.4299217839521394	-534.5663585896932
3.0	138.0	510.0	0.6827067949429936	0.06475736553840643	62.964460317212996	0.7048100743688062	5.525931624151029	0.778822420628913	0.06108840146616359	0.10747984024904363	397.8709269384482	116.0	3.4299217839521394	-534.5663585896932
3.0	148.0	510.0	1.4734348736033143	0.053158039948760345	26.75100345883483	0.2505258464143086	5.6426125250285795	0.25617929077772983	0.067023497729823	0.08997983917077798	242.76618861041217	116.0	2.0928119707794153	-573.1396527750666
3.0	148.0	510.0	0.5752918926173543	0.06000779555161107	57.32363227278863	1.0231693866151939	9.949206825222568	0.9729981297518591	0.067023497729823	0.08997983917077798	242.76618861041217	116.0	2.0928119707794153	-573.1396527750666
3.0	148.0	510.0	0.8066520337608447	0.10480793769240546	62.297691422657905	0.252892957142467	1.8111622862316406	0.2900132585165309	0.067023497729823	0.08997983917077798	242.76618861041217	116.0	2.0928119707794153	-573.1396527750666
3.0	158.0	510.0	0.2522481636522254	0.09282254985769717	0.008146941625594432	0.7599409974225786	1.7415365374160725	0.7206959726651533	0.05588849462863302	0.09056332869131921	342.4756776686358	116.0	2.9523765316261708	-575.548104787661
3.0	158.0	510.0	1.2022567450450357	0.052426906499271696	24.6445060099153	0.28606837666964907	5.681263466499368	0.2863064985166278	0.05588849462863302	0.09056332869131921	342.4756776686358	116.0	2.9523765316261708	-575.548104787661
3.0	158.0	510.0	1.0989094482537558	0.04747290643427065	59.55149580372955	0.34562724739689327	6.929457811799328	0.3459440490228428	0.05588849462863302	0.09056332869131921	342.4756776686358	116.0	2.9523765316261708	-575.548104787661
2.0	168.0	510.0	1.1230068633094277	0.04521074577925796	23.026714542164974	0.32262229779443047	6.9406943952005955	0.3231397619855154	0.06459131605592006	0.08840136557165826	238.86761606203632	119.0	2.007290891277616	-591.25749231093
2.0	168.0	510.0	1.0978514967664041	0.04678349690515207	59.067545429442895	0.3189029518895145	6.482142728084951	0.3193904008786467	0.06459131605592006	0.08840136557165826	238.86761606203632	119.0	2.007290891277616	-591.25749231093
4.0	178.0	510.0	0.859526033967694	0.061620318312290846	19.19676074696949	0.6984750140860064	4.575725657003544	0.5288982891066117	0.061138419056372004	0.06897801010899415	160.93497029553203	113.0	1.4242032769516109	-640.2821615084471
4.0	178.0	510.0	0.8132131852120584	0.04867858775475464	31.835604772797844	0.8175251366645642	5.187200721890515	0.6608194721161997	0.061138419056372004	0.06897801010899415	160.93497029553203	113.0	1.4242032769516109	-640.2821615084471
4.0	178.0	510.0	1.0969706694727397	0.0446173033081771	57.2617063568197	0.23456591333527085	4.740030754555142	0.2560325379123459	0.061138419056372004	0.06897801010899415	160.93497029553203	113.0	1.4242032769516109	-640.2821615084471
4.0	178.0	510.0	0.3493371421881105	0.04951709178063825	73.14531843353576	0.6606644836756037	3.7269056981168163	0.689915487873518	0.061138419056372004	0.06897801010899415	160.93497029553203	113.0	1.4242032769516109	-640.2821615084471
4.0	198.0	510.0	0.1255304923564981	0.09532463580288884	-45.41452960502267	1.2874288307149273	1.526151055393862	1.4068346424012765	0.04486369489513175	0.08250017535864265	422.6975260887567	113.0	3.740686071581918	-596.9529930763218
4.0	198.0	510.0	0.11384817365609866	0.0146053638991608	69.2182385011692	22.927121797208873	131.25700485069615	47.50489223051057	0.04486369489513175	0.08250017535864265	422.6975260887567	113.0	3.740686071581918	-596.9529930763218
4.0	198.0	510.0	1.632163347264854	0.052963639162512316	36.76734266992271	0.17349762695640697	4.7069779053075225	0.18131408824316173	0.04486369489513175	0.08250017535864265	422.6975260887567	113.0	3.740686071581918	-596.9529930763218
4.0	198.0	510.0	1.1694231331596037	0.08085691476246495	56.316359522848465	0.15674114284604643	1.9737634970198177	0.1591934877646642	0.04486369489513175	0.08250017535864265	422.6975260887567	113.0	3.740686071581918	-596.9529930763218
3.0	208.0	510.0	0.1948406183264899	0.0430546573376051	17.192676056989825	6.604925016712554	10.868441019275735	5.793822498008362	0.06367897222473233	0.09473833314469222	302.9670141892421	116.0	2.611784605079673	-558.2462271471278
3.0	208.0	510.0	1.8873727818850168	0.11611244104423847	35.84818609628334	0.28124586993456197	5.216553975418501	0.30021335457329495	0.06367897222473233	0.09473833314469222	302.9670141892421	116.0	2.611784605079673	-558.2462271471278
3.0	208.0	510.0	1.228105218538375	0.10459825461552211	56.89196399319536	0.16388205306759668	1.7224339621834561	0.17413367779660172	0.06367897222473233	0.09473833314469222	302.9670141892421	116.0	2.611784605079673	-558.2462271471278
3.0	218.0	510.0	0.3427668801529381	0.07929752343405864	14.239539205947093	0.861679255423404	3.220630361801959	0.8636197761038629	0.05618881659552749	0.1009347792990518	439.4568034384881	116.0	3.7884207192973114	-543.0409551576796
3.0	218.0	510.0	2.0039725702134086	0.06303465174926474	35.88675357624545	0.18535600566058225	5.105108878712201	0.1859946698243607	0.05618881659552749	0.1009347792990518	439.4568034384881	116.0	3.7884207192973114	-543.0409551576796
3.0	218.0	510.0	0.276227178537976	0.07092852808046154	90.33567284726135	1.1932286532676877	4.023349045261525	1.1932218721630452	0.05618881659552749	0.1009347792990518	439.4568034384881	116.0	3.7884207192973114	-543.0409551576796
3.0	228.0	510.0	0.3507542611965684	0.04356606289173579	23.701498002780724	4.274314282888483	10.47813017466821	3.2349547196131496	0.07373470067906104	0.07943326859341805	167.78220855082483	116.0	1.4463983495760762	-595.4610931088723
3.0	228.0	510.0	2.5398734603643485	0.14856669463673977	39.08191939444461	0.15876727280646408	4.716717994511424	0.22127722713559164	0.07373470067906104	0.07943326859341805	167.78220855082483	116.0	1.4463983495760762	-595.4610931088723
3.0	228.0	510.0	0.3509105615685363	0.059344773149120754	89.43648476712805	0.7380033197907382	3.7794931269913192	0.7380045833023041	0.07373470067906104	0.07943326859341805	167.78220855082483	116.0	1.4463983495760762	-595.4610931088723
2.0	238.0	510.0	2.533130306175218	0.06257369530008146	36.71701810604427	0.234339284792668	8.216222092255503	0.23433940017475524	0.06033865933937395	0.13451177930646643	621.2188661783819	119.0	5.220326606541024	-488.81248607138633
2.0	238.0	510.0	0.33361935809369403	0.09548089889945753	88.20967377499953	1.1661092736599328	3.5285611760116806	1.1661087674208683	0.06033865933937395	0.13451177930646643	621.2188661783819	119.0	5.220326606541024	-488.81248607138633
3.0	248.0	510.0	2.8771862032980438	0.06510932450832364	37.79831613194362	0.19772822549190217	7.5685879198554655	0.19797890409045232	0.0586325791025832	0.1325788173500571	639.1554757764413	116.0	5.50996099807277	-485.5717276654917
3.0	248.0	510.0	0.4454862400336196	0.11493372667714628	65.89568249933926	0.7257472971290579	2.428024448155896	0.7279482931359704	0.0586325791025832	0.1325788173500571	639.1554757764413	116.0	5.50996099807277	-485.5717276654917
3.0	248.0	510.0	0.32904951421118617	0.07752975148020223	85.29656849644554	1.4562241850438549	5.356029136991268	1.4667750456414983	0.0586325791025832	0.1325788173500571	639.1554757764413	116.0	5.50996099807277	-485.5717276654917
