ncomps	x	y	amplitude	err amplitude	shift	err shift	width	err width	rms	residual	chisq	dof	redchisq	aic
3.0	258.0	510.0	3.2331240161379324	0.06480297217613185	42.19752833308498	0.13454329616634503	5.814908860360071	0.13484084717496259	0.06667533093002546	0.11371938848128593	375.9715606961685	116.0	3.2411341439324874	-519.7648731602167
3.0	258.0	510.0	0.6962507064138361	0.08490393191584654	66.78515032009678	0.47686967201019154	3.385665850865106	0.4775301365697684	0.06667533093002546	0.11371938848128593	375.9715606961685	116.0	3.2411341439324874	-519.7648731602167
3.0	258.0	510.0	0.16103658858674075	0.09657602684937282	145.2242884303768	1.8107808442873892	2.6146818987074325	1.8108101365130411	0.06667533093002546	0.11371938848128593	375.9715606961685	116.0	3.2411341439324874	-519.7648731602167
2.0	268.0	510.0	4.285491052330724	0.06543487532047684	45.82898600617624	0.0904651255944175	5.132798654702634	0.09133503483828904	0.06702832356671518	0.10982916276715843	342.0917918130425	119.0	2.874720939605399	-537.1024677651069
2.0	268.0	510.0	0.7267459038119626	0.07958702800448367	66.67511135788627	0.438521185424195	3.4610713393740413	0.4413143527858177	0.06702832356671518	0.10982916276715843	342.0917918130425	119.0	2.874720939605399	-537.1024677651069
2.0	278.0	510.0	3.8097140705357284	0.07318102069609587	47.366269618903075	0.13516880640205803	5.927920514317375	0.14422063084294806	0.06788632293413967	0.13042688957790402	468.0452954482278	119.0	3.9331537432624186	-494.73689177063403
2.0	278.0	510.0	0.6583598548201431	0.08276189871734801	67.93117977122006	0.6910823662395331	4.532524774803393	0.7177664826273507	0.06788632293413967	0.13042688957790402	468.0452954482278	119.0	3.9331537432624186	-494.73689177063403
2.0	288.0	510.0	0.28187815797466925	0.09619436873695986	17.475277428935893	1.0263969729186488	2.6051296198787015	1.026546366782339	0.07424825847558449	0.10590816567061968	307.3691535821466	119.0	2.582934063715518	-524.9064068828558
2.0	288.0	510.0	1.96283700584439	0.0512116210184652	52.617785550555666	0.2769025964158012	9.192346251337815	0.2770302556344979	0.07424825847558449	0.10590816567061968	307.3691535821466	119.0	2.582934063715518	-524.9064068828558
2.0	298.0	510.0	0.21934300565973436	0.07562344102748486	19.85453229826523	1.858726196739733	4.668881551229027	1.8588393783239372	0.04676308176913668	0.11084142284181557	858.4334117487548	119.0	7.2137261491492	-512.1040231384019
2.0	298.0	510.0	2.6450913576494948	0.060719200924257144	56.612930088297695	0.19196805047595372	7.242370027326476	0.19198313628776748	0.04676308176913668	0.11084142284181557	858.4334117487548	119.0	7.2137261491492	-512.1040231384019
1.0	308.0	510.0	4.582942044498907	0.07056755163622418	55.34021633737976	0.13867273590719917	7.79898727765319	0.13867267807977962	0.07241160165062396	0.14937609025160403	533.9009836907004	122.0	4.376237571235249	-468.86010457567215
1.0	318.0	510.0	6.555909179525093	0.09945755442130144	53.9989389878852	0.14029363198163236	8.008540716543784	0.14029360704377775	0.08744707847659655	0.21105312284056277	746.7216575986996	122.0	6.120669324579505	-379.7580259091264
1.0	328.0	510.0	6.307702792128738	0.09853209094287087	55.13291104442014	0.1516762272970403	8.408692850946258	0.1516761960007877	0.09752725428389765	0.2146897239837005	618.6630707476419	122.0	5.071008776620015	-375.9999678570288
1.0	338.0	510.0	5.373924427359549	0.12904336681013068	57.12703938591632	0.2347395484991267	8.466698429209254	0.23473969846242654	0.1015613271870909	0.2807165822574402	985.1779570933509	122.0	8.075229156502877	-307.7095442238602
2.0	348.0	510.0	4.910349051163746	0.12637773630110108	51.3502902888336	0.11149727134281089	3.3491868314689768	0.10262449544308844	0.10925257383685785	0.12384809175567349	163.25595516773296	119.0	1.3718987829221256	-507.43566850095306
2.0	348.0	510.0	4.238820277467326	0.07011188008657372	63.790374146085746	0.21187726852940014	6.065937970122916	0.20634040853058214	0.10925257383685785	0.12384809175567349	163.25595516773296	119.0	1.3718987829221256	-507.43566850095306
2.0	358.0	510.0	3.68137061762234	0.16355680502829223	52.16382630370852	0.22415454639071672	4.074793945381951	0.1680530903221998	0.07121088384022534	0.11217882665909484	311.23817664403566	119.0	2.6154468625549216	-533.784947540071
2.0	358.0	510.0	4.138111501056472	0.07141592880506933	64.2345910262456	0.32152689250680466	6.17196854413215	0.2532245631097703	0.07121088384022534	0.11217882665909484	311.23817664403566	119.0	2.6154468625549216	-533.784947540071
1.0	368.0	510.0	4.4595335872766	0.07201966835794232	57.66965838095746	0.1621486380488476	8.694905940000826	0.16214859552954822	0.07876866401590972	0.15862969877930866	523.9444590844488	122.0	4.294626713806958	-450.1760130842417
1.0	378.0	510.0	4.420797886510459	0.08509373283071942	55.32574075419659	0.19456953800797627	8.753771872220312	0.194569500030347	0.06484522963906889	0.18839355797286897	1086.5675033696773	122.0	8.906291011226863	-407.62983400447
2.0	388.0	510.0	2.257845104336481	0.1745484473005224	50.420688084318265	0.2595756060727111	3.7242270720670607	0.33867884910239443	0.36105376468786626	0.14718058403426568	29.368944534074927	119.0	0.2467978532275204	-423.0172265656997
2.0	388.0	510.0	2.8084567027508314	0.14712992124252103	55.7420827374604	0.4855526000315914	12.937331727139595	0.43418107771385006	0.36105376468786626	0.14718058403426568	29.368944534074927	119.0	0.2467978532275204	-423.0172265656997
2.0	398.0	510.0	4.187933082616708	0.11466291944141771	48.49380584443773	0.3305852299846287	6.366093382848011	0.32280314022238044	0.14900288456411898	0.1481248765509256	254.73959149384385	119.0	2.1406688360827215	-374.2445294968005
2.0	398.0	510.0	2.838302207770668	0.12391755623598333	66.19901718914261	0.4549307163334046	5.5959920209622585	0.42235704476260566	0.14900288456411898	0.1481248765509256	254.73959149384385	119.0	2.1406688360827215	-374.2445294968005
2.0	408.0	510.0	2.1243384430229537	0.11909096040325526	46.422369449438946	0.3877499052821722	5.2538141560575236	0.333313027530267	0.07101693315780834	0.10755081073308445	424.52130001617536	119.0	3.5674058824888686	-495.66631390383446
2.0	408.0	510.0	3.0299944428884804	0.061632765530780766	64.32037581731426	0.43566955947034064	8.77921447197293	0.3973285775848721	0.07101693315780834	0.10755081073308445	424.52130001617536	119.0	3.5674058824888686	-495.66631390383446
1.0	418.0	510.0	2.8449039008080965	0.05653991191939832	62.469986635356804	0.24296071718667675	10.586220491608218	0.2429606182006073	0.06803117861951082	0.1350948446636852	527.0771000789493	122.0	4.320304099007782	-486.06815488239977
3.0	428.0	510.0	2.851420733260417	0.3247571919551162	60.32668366502043	0.6840097157065459	4.226945175037061	0.3751685273343368	0.06904652468828983	0.08865343281335959	356.1711670336592	116.0	3.0704410951177517	-517.7912547641143
3.0	428.0	510.0	0.8804674594582169	0.6652849768639191	70.87812995392805	0.47454025256118376	2.286044226523316	0.9830298512182065	0.06904652468828983	0.08865343281335959	356.1711670336592	116.0	3.0704410951177517	-517.7912547641143
3.0	428.0	510.0	1.4473857277705449	0.402612072986328	74.54566742518806	3.39041100062444	6.265060491526443	1.5511663334764407	0.06904652468828983	0.08865343281335959	356.1711670336592	116.0	3.0704410951177517	-517.7912547641143
1.0	438.0	510.0	2.7170249481903013	0.11142016360803728	68.01382912387925	0.39712920259050877	8.385305073289434	0.3971287443964267	0.06900627381523719	0.22553641555146123	1575.9112532916758	122.0	12.917305354849802	-345.6050608940919
4.0	448.0	510.0	0.21195962318936404	0.13307201152997414	36.04948054637916	2.873611412260646	3.962295944173147	2.8745413122403165	0.04057834875666103	0.19123803868232633	2844.9863596181012	113.0	25.17687043909824	-383.71946799110583
4.0	448.0	510.0	5.114682267613638	1.3298621427602924	61.982841354558026	0.3698367837106647	3.9251838179819636	0.4087437415565855	0.04057834875666103	0.19123803868232633	2844.9863596181012	113.0	25.17687043909824	-383.71946799110583
4.0	448.0	510.0	2.9430313672772983	0.5457900400460144	70.45943276538206	2.731181785139162	6.510311365347202	1.3840367763098407	0.04057834875666103	0.19123803868232633	2844.9863596181012	113.0	25.17687043909824	-383.71946799110583
4.0	448.0	510.0	0.24354074401253734	0.1526017837640663	196.71643207223823	2.616650824123271	3.2736266016161464	2.9562741497947043	0.04057834875666103	0.19123803868232633	2844.9863596181012	113.0	25.17687043909824	-383.71946799110583
1.0	458.0	510.0	12.979256352935705	0.18097643862969484	64.28781382835713	0.08536964801746671	5.302429108587469	0.08536968600482803	0.05918180472368897	0.3134041491923411	3573.9411793624445	122.0	29.294599830839708	-281.6464716996632
4.0	468.0	510.0	12.24068616208517	10.546664715058354	61.03093266699298	0.9355265319372869	4.021059946930505	0.5443464279279722	0.0522935070681965	0.21825776119992216	2179.6004124990063	113.0	19.288499225654924	-353.61216349511886
4.0	468.0	510.0	0.17993779301405866	0.05671584965524734	123.58518632778575	11.810490921032718	29.94772136462136	13.337524234830914	0.0522935070681965	0.21825776119992216	2179.6004124990063	113.0	19.288499225654924	-353.61216349511886
4.0	468.0	510.0	7.621628044486324	6.96290971590751	66.5070261388068	5.564792100594906	5.184710497868386	1.7609563831156232	0.0522935070681965	0.21825776119992216	2179.6004124990063	113.0	19.288499225654924	-353.61216349511886
4.0	468.0	510.0	0.28904492056540954	0.2156574601889259	197.97505010304698	1.8427892857272072	2.062931972724825	2.0634115663482877	0.0522935070681965	0.21825776119992216	2179.6004124990063	113.0	19.288499225654924	-353.61216349511886
2.0	478.0	510.0	17.88044635372452	0.15983493522815706	60.88688886761098	0.05249000196227133	5.085268215862062	0.05249000163658116	0.06238966958267227	0.2640793472790932	2346.5648616308486	119.0	19.7190324506794	-314.32777288453053
2.0	478.0	510.0	0.3082009110466964	0.17279758897950329	123.39624889545303	2.8184753404546328	4.345754250515736	2.818376572517009	0.06238966958267227	0.2640793472790932	2346.5648616308486	119.0	19.7190324506794	-314.32777288453053
1.0	488.0	510.0	15.144657020378185	0.12186043291047775	59.93011863899105	0.05787238650537714	6.228921448372955	0.05787240798734256	0.06502383559858996	0.22565711913274117	1576.87483087919	122.0	12.92520353179664	-360.3895343417747
1.0	498.0	510.0	12.099822704514054	0.16601349423248493	59.51401680473377	0.12341898388659232	7.790102447106699	0.12341897325367542	0.14157833277813045	0.3516074320030669	772.0638892061453	122.0	6.328392534476601	-255.13133571644863
1.0	508.0	510.0	10.519319977144134	0.1785045550843835	58.78564382658262	0.18335775438040436	9.357507694524719	0.18335773464477342	0.2452405339609834	0.40361327668832153	357.3495120315165	122.0	2.92909436091407	-214.07887084219973
3.0	518.0	510.0	10.564023877403935	0.2641777522895812	52.989900513684425	0.21972640005306976	6.181555530164285	0.13665087724929534	0.07606702683573867	0.1567595860914186	630.7330251992328	116.0	5.437353665510627	-422.1487642178987
3.0	518.0	510.0	4.915009713364129	0.14193890657401192	68.85557743073282	0.6386484170731996	7.849552147006424	0.431828540582391	0.07606702683573867	0.1567595860914186	630.7330251992328	116.0	5.437353665510627	-422.1487642178987
3.0	518.0	510.0	0.3603637162121654	0.10172768071695257	192.060376879621	1.794838884046669	5.392309575666878	1.9437228116641527	0.07606702683573867	0.1567595860914186	630.7330251992328	116.0	5.437353665510627	-422.1487642178987
3.0	528.0	510.0	9.624028913755179	0.15894366281512903	53.14321263551014	0.15314866313193098	5.508462611840041	0.12108698449576723	0.08881046382110527	0.18010655890090832	576.0585951884018	116.0	4.966022372313809	-394.7605268872439
3.0	528.0	510.0	4.486552818188585	0.09930882588709297	70.21281846033918	0.43011550342543003	7.601625760309473	0.3755312027910513	0.08881046382110527	0.18010655890090832	576.0585951884018	116.0	4.966022372313809	-394.7605268872439
3.0	528.0	510.0	0.43224846183877125	0.10242559891493318	190.11567617327376	1.8572836212448613	6.63155786932469	2.0151881372940315	0.08881046382110527	0.18010655890090832	576.0585951884018	116.0	4.966022372313809	-394.7605268872439
2.0	538.0	510.0	7.2402267305062535	0.18692155552389778	53.897464191699925	0.16678170290511193	4.457445840471292	0.14969106765307003	0.36105376468786626	0.1460272302807735	52.367534548856334	119.0	0.4400633155366078	-350.723598822812
2.0	538.0	510.0	4.807328192291351	0.11815786210651828	70.18652433687434	0.36746185471077397	7.4444038122576774	0.36326472183699243	0.36105376468786626	0.1460272302807735	52.367534548856334	119.0	0.4400633155366078	-350.723598822812
2.0	548.0	510.0	5.67341561712523	0.12686008247593067	53.82239999945887	0.17745304769324194	4.886765517637349	0.16469553036611032	0.36105376468786626	0.13046663335286368	37.37639259001576	119.0	0.3140873326892081	-392.87954115854023
2.0	548.0	510.0	5.589008721434942	0.10187294969235322	71.63803497591412	0.2221203102528258	7.083652358223349	0.2302437662277096	0.36105376468786626	0.13046663335286368	37.37639259001576	119.0	0.3140873326892081	-392.87954115854023
2.0	558.0	510.0	4.909149422629156	0.18288756660560623	54.31872820499361	0.2558041147617898	5.41860695810024	0.21199125150459916	0.36105376468786626	0.14539436589928542	31.37222709288021	119.0	0.2636321604443715	-414.7690757727645
2.0	558.0	510.0	5.302521099572815	0.08668861264732716	71.9404322432988	0.38814261407777856	8.843950854809144	0.33698347547442353	0.36105376468786626	0.14539436589928542	31.37222709288021	119.0	0.2636321604443715	-414.7690757727645
2.0	568.0	510.0	6.027179047575045	0.202431867793647	59.66596477667573	0.427467329008765	6.430823897860121	0.3129835649671531	0.36105376468786626	0.19218436667878627	59.07287762183299	119.0	0.49641073631792426	-335.6629655790719
2.0	568.0	510.0	3.747574947285155	0.14414300191331386	77.4439613773727	0.7983066836383435	7.602564729717027	0.6278106420882117	0.36105376468786626	0.19218436667878627	59.07287762183299	119.0	0.49641073631792426	-335.6629655790719
2.0	578.0	510.0	5.161815698505098	0.6500473116129336	61.188321910753174	0.3007980011045891	4.306322777938968	0.4325176499674559	0.5408273700428576	0.31639572321253506	53.53811824314941	119.0	0.4499001533037766	-246.9419027270254
2.0	578.0	510.0	3.249495241588628	0.19002999138905727	75.11223574174083	1.8486800381261064	9.62920843317612	1.3798413663306086	0.5408273700428576	0.31639572321253506	53.53811824314941	119.0	0.4499001533037766	-246.9419027270254
2.0	588.0	510.0	4.925601998059635	0.8987092520262231	61.022613124780584	0.39788118656186844	3.895628294840387	0.5580859860916967	0.46326119417454154	0.4158712328092262	121.63521013948797	119.0	1.0221446230209073	-183.0651045885654
2.0	588.0	510.0	3.2150064979806205	0.2618503391936807	73.51957867598308	2.309877329319359	8.577026988265331	1.7213969660786825	0.46326119417454154	0.4158712328092262	121.63521013948797	119.0	1.0221446230209073	-183.0651045885654
3.0	598.0	510.0	4.628968697840179	0.39970431972793524	60.17253820208857	0.19510460137876554	3.5187018072013503	0.28907772097305773	0.33884535982981656	0.24578131332423608	74.06876737603658	116.0	0.6385238566899705	-316.40261629565583
3.0	598.0	510.0	2.815031542587836	0.1282150540148618	73.18950820844367	1.185141452829537	8.994422451039496	0.9679016593320033	0.33884535982981656	0.24578131332423608	74.06876737603658	116.0	0.6385238566899705	-316.40261629565583
3.0	598.0	510.0	1.755909836150671	0.15471322356916464	124.64400508086933	0.5274319670257436	5.184082148594327	0.5274324480371076	0.33884535982981656	0.24578131332423608	74.06876737603658	116.0	0.6385238566899705	-316.40261629565583
3.0	608.0	510.0	4.294665460892033	0.3609034160065866	61.230774321061936	0.25668131501027003	4.588518919467571	0.26651586289298923	0.08545464297132192	0.17037210848240408	514.452547150419	116.0	4.434935751296716	-418.52846860976786
3.0	608.0	510.0	1.9569611864432461	0.10931439288487421	74.85748152433496	1.623885319145269	8.64810220342916	1.179573500080769	0.08545464297132192	0.17037210848240408	514.452547150419	116.0	4.434935751296716	-418.52846860976786
3.0	608.0	510.0	1.3840348812099093	0.12067598017858856	123.87029831619418	0.3789714647178053	3.7641186600279086	0.37897149334610886	0.08545464297132192	0.17037210848240408	514.452547150419	116.0	4.434935751296716	-418.52846860976786
2.0	618.0	510.0	4.585942338498065	0.12827391151460338	63.25673843112272	0.22970563477585879	7.112781113578972	0.22970585856690928	0.05933593558858023	0.2549084179123165	2336.9525739180194	119.0	19.638256923680835	-327.3870126824678
2.0	618.0	510.0	0.9346775431978863	0.16885330404554	122.05163405067196	0.856215020469952	4.104551569570361	0.8562150114533933	0.05933593558858023	0.2549084179123165	2336.9525739180194	119.0	19.638256923680835	-327.3870126824678
3.0	628.0	510.0	0.30327085025546063	0.24989743836896441	11.43371258163954	1.9778185537563977	2.073562190418059	1.9795762208580525	0.055668095424421055	0.26538856340880296	2867.1590485813094	116.0	24.716888349838875	-310.9264045908022
3.0	628.0	510.0	4.2331585871008555	0.1320983791550238	63.15499774034084	0.26770991358209645	7.42932408238689	0.2677098493752494	0.055668095424421055	0.26538856340880296	2867.1590485813094	116.0	24.716888349838875	-310.9264045908022
3.0	628.0	510.0	0.7501591064374304	0.17542159182621989	119.91061623743667	1.1376198135549254	4.212733657791497	1.1376179731712324	0.055668095424421055	0.26538856340880296	2867.1590485813094	116.0	24.716888349838875	-310.9264045908022
3.0	638.0	510.0	0.3860068488377967	0.17018985011215446	11.610346241483521	1.4403268597112007	2.828365471345635	1.4403118670183075	0.05093740151380755	0.2117478905719096	2164.3095387154576	116.0	18.657840850995324	-368.28137140891084
3.0	638.0	510.0	3.8676985509156623	0.09735328299679658	63.61280695074085	0.2512766405425084	8.645123882847644	0.2512768097123101	0.05093740151380755	0.2117478905719096	2164.3095387154576	116.0	18.657840850995324	-368.28137140891084
3.0	638.0	510.0	0.3524624915063824	0.10253194286797729	120.94000131257113	2.6172768171055734	7.798692646741479	2.6172971242005265	0.05093740151380755	0.2117478905719096	2164.3095387154576	116.0	18.657840850995324	-368.28137140891084
1.0	648.0	510.0	3.7958586099957072	0.0892349503242348	63.089992867025025	0.25005145765865555	9.210915377251792	0.2500513460588842	0.08768626902681112	0.204965602449898	687.6138341435877	122.0	5.636178968390063	-389.3832829167715
2.0	658.0	510.0	3.4669355519341587	0.09745618871150312	62.73702089490598	0.287356042134306	8.852988650012747	0.28736074686300045	0.041009616805753234	0.18133382538847598	3515.061454270662	119.0	29.53833154849296	-368.7129877012508
2.0	658.0	510.0	0.3441410833005234	0.20657653554247865	100.23965027109915	1.36382632816253	1.952980131908519	1.3512368165204836	0.041009616805753234	0.18133382538847598	3515.061454270662	119.0	29.53833154849296	-368.7129877012508
1.0	668.0	510.0	3.277596780108719	0.10489197202992144	62.9704039097237	0.3184194720484317	8.616240763188546	0.31841934969820185	0.13967971188153716	0.22573947632106509	350.24044481503194	122.0	2.8708233181559994	-357.31254158660363
3.0	678.0	510.0	3.559118826710107	0.09907895080535602	63.804369349689	0.24874455739977966	7.740697265361991	0.2492086581907209	0.06371718034672247	0.2039979341107528	1281.2943481035902	116.0	11.045640931927501	-377.846004240909
3.0	678.0	510.0	0.7287401072722086	0.12778146075757715	98.56742920142825	1.5810704863237102	5.007072367922086	1.469734003304388	0.06371718034672247	0.2039979341107528	1281.2943481035902	116.0	11.045640931927501	-377.846004240909
3.0	678.0	510.0	0.5649065405684751	0.11441572055435456	115.00768914069785	2.259286824051835	6.048480371132144	2.248765967443056	0.06371718034672247	0.2039979341107528	1281.2943481035902	116.0	11.045640931927501	-377.846004240909
3.0	688.0	510.0	3.825721597320024	0.09832509404964858	64.40497239466463	0.18162008717276912	6.120640532304514	0.18162647956086828	0.06376331094236182	0.1799821239721042	997.3623060371734	116.0	8.597950914113564	-408.97906666038097
3.0	688.0	510.0	0.8887495667784493	0.1094609728754973	99.88564447714036	0.7503049711621818	5.107853799905874	0.800892649510865	0.06376331094236182	0.1799821239721042	997.3623060371734	116.0	8.597950914113564	-408.97906666038097
3.0	688.0	510.0	0.7313033717106683	0.12035476980268663	117.97677767216874	0.8286793175218544	4.147436993087654	0.8649164285287579	0.06376331094236182	0.1799821239721042	997.3623060371734	116.0	8.597950914113564	-408.97906666038097
3.0	698.0	510.0	3.678454338110145	0.1076328049847502	63.553615620928525	0.17191973586092035	5.088723150187149	0.17191993015930396	0.09360063412205163	0.1796369223275997	461.1381654482437	116.0	3.9753290124848593	-409.4413166718298
3.0	698.0	510.0	0.7946488824834098	0.12429893675606685	98.42161671626359	0.6891388459014623	3.8154582337061385	0.6891508153846997	0.09360063412205163	0.1796369223275997	461.1381654482437	116.0	3.9753290124848593	-409.4413166718298
3.0	698.0	510.0	0.7974253617217761	0.1446230336076296	119.83334072145665	0.590230507447307	2.818415695412503	0.5902382036513473	0.09360063412205163	0.1796369223275997	461.1381654482437	116.0	3.9753290124848593	-409.4413166718298
1.0	708.0	510.0	4.027928470303484	0.15393007481840124	62.55870882742137	0.17528893187906075	3.9719616252677596	0.17528858613493742	0.26988760722323607	0.23262167478320614	93.1376328173874	122.0	0.7634232198146508	-358.216845971376
1.0	718.0	510.0	3.507445838033716	0.14830142985209124	62.29987753319721	0.2104511440549918	4.309863293979445	0.2104505261355028	0.17908182712104762	0.23364617100964885	213.06266520030454	122.0	1.7464152885270863	-357.31903721576
3.0	728.0	510.0	1.9646327423731675	0.06741157207338401	60.446795530204085	0.11942144301043654	3.3995753011619563	0.14566774131315888	0.05469188113337009	0.07486715289077459	235.44639304695085	116.0	2.0297102848875075	-627.7985941051397
3.0	728.0	510.0	0.9772622231952428	0.04274644250350123	69.38042517555056	0.653803783821472	13.574038523504274	0.47291060022767295	0.05469188113337009	0.07486715289077459	235.44639304695085	116.0	2.0297102848875075	-627.7985941051397
3.0	728.0	510.0	0.42710790345922756	0.04758937517984945	119.09847619436215	0.5842282313681265	4.538440847085828	0.5846236278072777	0.05469188113337009	0.07486715289077459	235.44639304695085	116.0	2.0297102848875075	-627.7985941051397
3.0	738.0	510.0	1.430893722473151	0.0941626543888607	58.4103680513547	0.2512468439379908	4.658576967850828	0.3313983077608592	0.06365763948886266	0.08455975281691883	225.7202697579288	116.0	1.9458643944649034	-595.1209231938669
3.0	738.0	510.0	1.0038343366580416	0.07342757939727346	67.27902166513213	0.9884788868793054	12.91283453770279	0.5655917674691677	0.06365763948886266	0.08455975281691883	225.7202697579288	116.0	1.9458643944649034	-595.1209231938669
3.0	738.0	510.0	0.26140736776064455	0.05010791520515548	121.5137621677343	1.1770156072802924	5.313181147695539	1.1772621851041483	0.06365763948886266	0.08455975281691883	225.7202697579288	116.0	1.9458643944649034	-595.1209231938669
2.0	748.0	510.0	1.0904649916105147	0.1088853583764744	55.06282163740991	0.2546614361478009	2.4795807561301846	0.31092625732666695	0.07439584503889267	0.1055007692306834	264.5164168437889	119.0	2.2228270323007466	-543.1782343901829
2.0	748.0	510.0	1.8383844186396694	0.055018814023120886	64.29370079878223	0.45312493524511727	10.749243899092164	0.3236056421020129	0.07439584503889267	0.1055007692306834	264.5164168437889	119.0	2.2228270323007466	-543.1782343901829
3.0	758.0	510.0	1.4746356531323423	0.09645265935684771	54.61545547236337	0.15536820148803102	2.3923473501755064	0.1961577110983967	0.05490133578431919	0.09110500378913584	350.45023698314566	116.0	3.0211227326133248	-577.1260597591707
3.0	758.0	510.0	2.047165775237151	0.04062868124962744	66.33560364924584	0.35956763313349227	10.765431359225031	0.2839664463882278	0.05490133578431919	0.09110500378913584	350.45023698314566	116.0	3.0211227326133248	-577.1260597591707
3.0	758.0	510.0	0.3030587701099772	0.05165698673824704	119.13310051187683	1.1365493480988225	5.779047999541347	1.136596586749152	0.05490133578431919	0.09110500378913584	350.45023698314566	116.0	3.0211227326133248	-577.1260597591707
3.0	768.0	510.0	1.757176586755677	0.07590989238864235	54.693938751920186	0.1536037461944968	3.107174171149337	0.16423941537331352	0.05961168358892156	0.08252499662929094	239.61951411625276	116.0	2.06568546651942	-604.0683840239677
3.0	768.0	510.0	1.8873668957236984	0.041874233992703964	69.80982834238232	0.2750960048356416	7.715318213644331	0.29674786928733105	0.05961168358892156	0.08252499662929094	239.61951411625276	116.0	2.06568546651942	-604.0683840239677
3.0	768.0	510.0	0.37380814672793206	0.04604860808355855	118.25365419845997	0.8334475658240483	5.859207915538168	0.8334480950571028	0.05961168358892156	0.08252499662929094	239.61951411625276	116.0	2.06568546651942	-604.0683840239677
2.0	128.0	520.0	1.4312814304381791	0.06508138102444497	32.92001406408075	0.14630838317457145	2.915199564944221	0.16447976158971453	0.053825804563018075	0.07795815509426501	264.0559334889964	119.0	2.2189574242772805	-624.3078060299146
2.0	128.0	520.0	0.5251306042429763	0.029724818532499767	43.675508416547615	1.1890748661567645	20.013025562852704	1.0627950778252	0.053825804563018075	0.07795815509426501	264.0559334889964	119.0	2.2189574242772805	-624.3078060299146
1.0	138.0	520.0	1.973769484765552	0.10131009909945571	30.69397966914724	0.34125453344789713	5.7569032583351705	0.34125389498675507	0.06107270488510599	0.17710329237403116	1141.9738509064268	122.0	9.36044140087235	-416.39759091620505
2.0	148.0	520.0	2.196739984789516	0.06565576159657507	28.154848168664106	0.18984902453415697	5.482302351947689	0.1914904107566203	0.06650258027226849	0.11471796853080439	374.378544879724	119.0	3.1460381922665883	-527.7975558002389
2.0	148.0	520.0	0.6775618802913062	0.054843144324832095	59.84222072174311	0.7369056075917088	7.885302020276404	0.7464314921809769	0.06650258027226849	0.11471796853080439	374.378544879724	119.0	3.1460381922665883	-527.7975558002389
2.0	158.0	520.0	1.5622225373286358	0.06545043424028862	26.08313604330915	0.26840165958415113	5.547388492079638	0.2684287438293366	0.07204721963511357	0.11324841488822436	321.8816808152599	119.0	2.7048880740778145	-526.662736029818
2.0	158.0	520.0	1.0404835295566937	0.06466571315181921	59.980355639726604	0.40785891161347604	5.683409376095306	0.40790142045045114	0.07204721963511357	0.11324841488822436	321.8816808152599	119.0	2.7048880740778145	-526.662736029818
2.0	168.0	520.0	1.068032127357037	0.0558915829662835	25.25520875387777	0.43641844499135807	7.22220746895009	0.4369141224271053	0.0965684407176652	0.09590390989558917	170.00039463950003	119.0	1.4285747448697481	-533.2280808957677
2.0	168.0	520.0	1.2064543920925923	0.06694884013369728	58.982145486981985	0.32252034708983907	5.032897020074993	0.32280134987858067	0.0965684407176652	0.09590390989558917	170.00039463950003	119.0	1.4285747448697481	-533.2280808957677
2.0	178.0	520.0	0.9115810268411786	0.03311718463082545	26.564080963451072	0.36567133270932406	8.723256582493832	0.3701651094605397	0.04932598256928511	0.0724821544293209	274.5421709946296	119.0	2.3070770671817615	-641.2653198032917
2.0	178.0	520.0	1.3029971847134407	0.04803067798020605	57.269758259872766	0.1763447051084647	4.121333916805333	0.17716832107028774	0.04932598256928511	0.0724821544293209	274.5421709946296	119.0	2.3070770671817615	-641.2653198032917
3.0	238.0	520.0	1.2781240769640614	0.06910636052893315	35.46528416092273	0.5026720859904145	8.051898820337371	0.5028428974732387	0.06711380678014066	0.14419777819831833	584.9671745125631	116.0	5.042820469935889	-462.87090604145317
3.0	238.0	520.0	0.4216530473794997	0.12818648516979902	66.85429924067127	0.8215844578978536	2.3397425576706268	0.8219889018173919	0.06711380678014066	0.14419777819831833	584.9671745125631	116.0	5.042820469935889	-462.87090604145317
3.0	238.0	520.0	0.2765897906185866	0.09618451452744649	89.84692887725488	1.6686751195501923	4.155599859536054	1.6686770392565413	0.06711380678014066	0.14419777819831833	584.9671745125631	116.0	5.042820469935889	-462.87090604145317
3.0	248.0	520.0	1.3218263007280568	0.11447104694972052	28.84071791494418	0.5042520447969756	3.5110982284566514	0.4452668173898904	0.06404808509109314	0.13695055931274183	573.7084883312157	116.0	4.945762830441515	-476.9891109086015
3.0	248.0	520.0	1.792859911694778	0.08427460844316301	41.04381371809307	0.4766459356412132	5.1300206471404115	0.47029757976162356	0.06404808509109314	0.13695055931274183	573.7084883312157	116.0	4.945762830441515	-476.9891109086015
3.0	248.0	520.0	0.45959630974562576	0.10603253439027696	67.02620842369765	0.8137706903619359	3.053023994538494	0.8137996324731488	0.06404808509109314	0.13695055931274183	573.7084883312157	116.0	4.945762830441515	-476.9891109086015
2.0	258.0	520.0	2.8606671507816985	0.07564105577745908	42.637822942439065	0.20425294851132755	6.694033289771402	0.20636699590090338	0.059357753184147155	0.14630481217917068	759.8094786993537	119.0	6.384953602515577	-467.73702114225523
2.0	258.0	520.0	0.6741740605421976	0.1034686400983319	67.46839137571902	0.6335681489539624	3.5598873892989147	0.636661476362096	0.059357753184147155	0.14630481217917068	759.8094786993537	119.0	6.384953602515577	-467.73702114225523
2.0	268.0	520.0	4.462033766236728	0.07821641008541022	44.81237686420084	0.12533044345966798	6.191549968175014	0.12769427595126442	0.056883924087854434	0.1451642481662337	814.5407133315529	119.0	6.8448799439626296	-469.68492794274994
2.0	268.0	520.0	0.9447074380887819	0.10075592473797343	67.574324385006	0.45938141335050625	3.704561946665458	0.4638489863088394	0.056883924087854434	0.1451642481662337	814.5407133315529	119.0	6.8448799439626296	-469.68492794274994
2.0	278.0	520.0	3.665223413582396	0.06097157467792469	46.449451402026924	0.13358487231454227	6.741620830849364	0.14377905437198052	0.0655870529028153	0.11586280261095475	393.42873892975786	119.0	3.306123856552587	-525.05909995777
2.0	278.0	520.0	0.9665090250835184	0.0732762751403576	68.11752146206193	0.4204420006460431	4.511950875717423	0.43307343916186297	0.0655870529028153	0.11586280261095475	393.42873892975786	119.0	3.306123856552587	-525.05909995777
2.0	288.0	520.0	1.2185410949333793	0.09086175582589773	52.352358616063704	0.2329437066272715	3.5885213700977214	0.31316340824871997	0.058095452153962626	0.08521631596620365	289.68369003481445	119.0	2.434316722981634	-593.6456258866339
2.0	288.0	520.0	1.0627279713150977	0.0787246464279893	56.167506316188536	0.5832299427074991	13.021972125701117	0.6276139729862971	0.058095452153962626	0.08521631596620365	289.68369003481445	119.0	2.434316722981634	-593.6456258866339
1.0	298.0	520.0	2.837180625674031	0.08223680413111195	55.92730042318152	0.22242864088112124	6.645206733436441	0.222428465962763	0.07520727029917366	0.12985958560946645	572.7395893925327	122.0	4.694586798299448	-450.61216738027116
2.0	308.0	520.0	5.014704356959259	0.06552256576865327	54.88697274547601	0.11611151616765185	7.205385683601415	0.12188694640327666	0.06357013398968889	0.12791087160783454	528.6389831282124	119.0	4.4423443960353985	-495.94201191133885
2.0	308.0	520.0	0.3942519633591064	0.060697757870904284	84.90238945140419	1.5959183977938256	8.556292589382366	1.7142535663788498	0.06357013398968889	0.12791087160783454	528.6389831282124	119.0	4.4423443960353985	-495.94201191133885
2.0	318.0	520.0	6.818481170312448	0.07083736075129612	54.01233392861071	0.08672855199106852	7.1918077015523245	0.08878914351497538	0.08881629882136818	0.13394841442010783	317.9559073359105	119.0	2.671898380974038	-475.8845382674182
2.0	318.0	520.0	0.4063596706059139	0.07124351783026685	85.76787823750944	1.4473339361333182	7.104228054170404	1.4812086502253754	0.08881629882136818	0.13394841442010783	317.9559073359105	119.0	2.671898380974038	-475.8845382674182
2.0	328.0	520.0	6.513089141630215	0.07972489196623052	54.545157979510435	0.10722627681556682	7.16399942522013	0.11256370498081635	0.07665654377922825	0.15360335040291928	534.7733648984254	119.0	4.493893822675844	-447.70204901618035
2.0	328.0	520.0	0.5587221958481777	0.07432897318044947	84.47057741897859	1.341624318136474	8.37456365448264	1.435713605977407	0.07665654377922825	0.15360335040291928	534.7733648984254	119.0	4.493893822675844	-447.70204901618035
2.0	338.0	520.0	4.851025336395338	0.2012079457533391	55.865640138190095	0.39431868878718246	7.405279566635752	0.3292967680879215	0.08536626119506052	0.23616380039069906	988.417387221237	119.0	8.306028464044008	-344.01530065629464
2.0	338.0	520.0	0.5850399782936454	0.09760161262304379	80.18813178966667	5.315524948482292	12.129660086830755	4.6696411446501624	0.08536626119506052	0.23616380039069906	988.417387221237	119.0	8.306028464044008	-344.01530065629464
1.0	348.0	520.0	3.649959383842978	0.09585002149842604	60.14097020319569	0.2759817185669048	9.101886382199856	0.2759818116799392	0.07542798611288656	0.21948382332490407	1059.3704566439958	122.0	8.683364398721277	-373.0046804891221
1.0	358.0	520.0	4.068228121725156	0.06350815213218568	62.599987404353755	0.13346608124611622	7.403666599873064	0.13346600219350682	0.09852761796465144	0.12866014903717687	221.7294357365102	122.0	1.8174543912828705	-501.7115782520921
1.0	368.0	520.0	3.850697034236354	0.05477622146851557	61.65287856021928	0.11898945914666739	7.244170102897476	0.11898946351046365	0.07098204626827592	0.11141960345268587	310.9480020383124	122.0	2.5487541150681343	-541.4180802346702
1.0	378.0	520.0	3.3477547945023547	0.07105519418313029	60.47156099760803	0.19276729330172498	7.8652613785694445	0.19276726451455983	0.056199436112164956	0.14370429153715417	906.2753612780632	122.0	7.4284865678529775	-466.08345726435397
5.0	388.0	520.0	2.5408327032114264	0.07898309944834983	60.32567220906214	0.31942213506427564	10.166366044458808	0.3961260176382979	0.02428449185787998	0.15290448320498193	4955.598427554755	110.0	45.050894795952324	-435.08072782562095
5.0	388.0	520.0	0.12743612483777098	0.05443405324893717	58.76680932818851	24.110032989347857	63.84045397388411	38.24050709344032	0.02428449185787998	0.15290448320498193	4955.598427554755	110.0	45.050894795952324	-435.08072782562095
5.0	388.0	520.0	-0.21282471766852437	17800.816546499354	154.74737717642896	12435.578206319897	0.5248726352436497	12918.824112761456	0.02428449185787998	0.15290448320498193	4955.598427554755	110.0	45.050894795952324	-435.08072782562095
5.0	388.0	520.0	0.10093898899159896	0.06583559620654908	177.3108145560579	17.100458072049666	22.293945803959765	22.631118875852376	0.02428449185787998	0.15290448320498193	4955.598427554755	110.0	45.050894795952324	-435.08072782562095
5.0	388.0	520.0	0.09951567438499587	0.22266572786268646	183.42580865821736	3.119945945325518	1.2510020499402166	3.6530568752552486	0.02428449185787998	0.15290448320498193	4955.598427554755	110.0	45.050894795952324	-435.08072782562095
2.0	398.0	520.0	2.142062340360836	0.11041322799547086	48.59561741698679	0.7410768041195994	6.986161277037291	0.7049383726151754	0.09765804191088888	0.16966687023510119	596.6008137693258	119.0	5.013452216548957	-373.49214089764297
2.0	398.0	520.0	3.1376902641316837	0.1273931791497506	66.9344904899204	0.45305110702073303	5.816420205318072	0.40110933378596725	0.09765804191088888	0.16966687023510119	596.6008137693258	119.0	5.013452216548957	-373.49214089764297
2.0	408.0	520.0	1.5465461159553084	0.08800223139893655	44.809785025088495	0.38284421901094756	4.975466234029809	0.3909454169730161	0.06852195354915717	0.12565878412324266	573.2934352742298	119.0	4.817591893060754	-467.05291544379344
2.0	408.0	520.0	3.65369409331713	0.07567824251822283	65.72009526980243	0.18994169068007985	7.07775989977568	0.20884745841709101	0.06852195354915717	0.12565878412324266	573.2934352742298	119.0	4.817591893060754	-467.05291544379344
1.0	418.0	520.0	2.991872734097854	0.06979780006593865	64.36104191822423	0.24265322217251245	9.007233852054771	0.242653130980477	0.06411660726417694	0.15688470513560301	769.4228863983012	122.0	6.306744970477879	-453.59709143844447
2.0	428.0	520.0	1.4104586283736276	0.12410925916442687	58.35514093900261	0.22947237774217252	2.8063930847280445	0.2998312004545011	0.07215563188881978	0.11481264234971766	321.72627853714425	119.0	2.703582172581044	-526.3471977716363
2.0	428.0	520.0	1.9660388483404196	0.06252836100105474	68.03125102924149	0.5223983305079353	10.177185429006052	0.3505192408391685	0.07215563188881978	0.11481264234971766	321.72627853714425	119.0	2.703582172581044	-526.3471977716363
2.0	438.0	520.0	0.4323841884368099	0.062417564663922176	38.52660904935875	0.9970416024779128	5.710522222730039	1.0145191757356524	0.08615738497861965	0.10011680276540504	210.42696692921422	119.0	1.768293839741296	-535.0799217860932
2.0	438.0	520.0	2.033034409950723	0.046664741935265736	70.74025871109427	0.2845661103849363	10.571894040105404	0.3032329130557226	0.08615738497861965	0.10011680276540504	210.42696692921422	119.0	1.768293839741296	-535.0799217860932
1.0	448.0	520.0	3.0185156193514264	0.13904475809697486	69.96049161600371	0.45917881828039564	8.63175462207511	0.45917845916837025	0.36105376468786626	0.22221877259738276	92.28112489632814	122.0	0.7564026630846569	-286.61636402595684
1.0	458.0	520.0	8.51232055090767	0.20889392975435409	66.68345430994604	0.14574503956013468	5.143850348533901	0.14574525197393784	0.45605908022370095	0.32477925724650997	77.7827699186283	122.0	0.6375636878576091	-249.58245361487002
2.0	468.0	520.0	0.9642605959389408	0.5883855898515007	37.793801367559965	1.4952847905518278	2.119508491648979	1.4912075748982854	0.19127039225833867	0.6184704850419143	1412.9998472031893	119.0	11.873948295825121	-97.66036488056666
2.0	468.0	520.0	6.46612970016571	0.39574512485626273	66.52910765852867	0.33177705555873094	4.694678106498747	0.33177705812707053	0.19127039225833867	0.6184704850419143	1412.9998472031893	119.0	11.873948295825121	-97.66036488056666
1.0	478.0	520.0	11.523153264895013	0.22384358318253336	60.19263471842951	0.12826403228965366	5.717880321354615	0.12826392994583197	0.18179339679281262	0.3991651118562196	624.8845131107236	122.0	5.122004205825603	-219.06446525032354
2.0	488.0	520.0	13.63135263089188	0.0982843372103467	58.13697009745676	0.05685892747858114	6.829438317125229	0.05685905370474626	0.058620851116124924	0.19070937017210743	1349.7361310918168	119.0	11.342320429342998	-399.03550966987365
2.0	488.0	520.0	1.1762120320714544	0.19424403506764135	89.57767894283143	0.3327077739897129	1.730575842879937	0.3281003164175441	0.058620851116124924	0.19070937017210743	1349.7361310918168	119.0	11.342320429342998	-399.03550966987365
2.0	498.0	520.0	11.39150494898647	0.2019212698926446	56.899485691942786	0.17257402652944567	8.43246983960516	0.1726913588854486	0.1419438647725828	0.43155806955285864	1199.2534141960966	119.0	10.077759783160475	-192.72644635159196
2.0	498.0	520.0	1.807243337168828	0.3744186124143745	88.65311657585106	0.5866166203654375	2.4516280990257333	0.5867697352310384	0.1419438647725828	0.43155806955285864	1199.2534141960966	119.0	10.077759783160475	-192.72644635159196
2.0	508.0	520.0	8.071262278536869	0.9183531017490093	51.09167652297365	0.18046233789958294	4.113564001211211	0.3376653107909089	0.23062948022980917	0.36511851445493043	321.14057146205937	119.0	2.6986602643870534	-236.078194157401
2.0	508.0	520.0	6.755528652101663	0.33272526909820843	62.08677431961907	1.1662007559318772	9.126010234642337	0.6897591113079486	0.23062948022980917	0.36511851445493043	321.14057146205937	119.0	2.6986602643870534	-236.078194157401
3.0	518.0	520.0	8.713129196979637	0.3067532202220272	50.87567950907927	0.09595066970097343	3.7311687488581793	0.14192355466071957	0.032063174746962624	0.222437721305904	7534.482035800575	116.0	64.95243134310842	-328.08010670519
3.0	518.0	520.0	5.829606321764172	0.13950726002278926	62.71173623985053	0.5291565437176676	11.143245571224224	0.3389373158053586	0.032063174746962624	0.222437721305904	7534.482035800575	116.0	64.95243134310842	-328.08010670519
3.0	518.0	520.0	0.25669925312462927	0.1448706802498413	193.72817990844953	4.362176083162727	5.855608239962357	4.8934647490718275	0.032063174746962624	0.222437721305904	7534.482035800575	116.0	64.95243134310842	-328.08010670519
2.0	528.0	520.0	9.419818815628595	0.23948882137342428	51.42155128476709	0.1061399354295806	4.427136263168081	0.11157239504230075	0.06500893420545775	0.20731693222534417	1312.0143722315274	119.0	11.025330859088466	-376.72012957417263
2.0	528.0	520.0	4.929463897068827	0.09650816120771064	67.80785532901963	0.461497263178337	9.28307257752542	0.41997300755433575	0.06500893420545775	0.20731693222534417	1312.0143722315274	119.0	11.025330859088466	-376.72012957417263
2.0	538.0	520.0	7.98509979930719	0.22292588500959826	51.6396295226811	0.18060164028820558	4.462373135261301	0.17720569364490846	0.36105376468786626	0.2635786915317096	114.8474022296758	119.0	0.9651042204174436	-252.55891376865438
2.0	538.0	520.0	5.335322393572429	0.17966973432032665	70.0862277682132	0.33980076198886733	7.062348456502212	0.3719625229263524	0.36105376468786626	0.2635786915317096	114.8474022296758	119.0	0.9651042204174436	-252.55891376865438
2.0	548.0	520.0	6.075797578723533	0.19979250730015002	50.56422299788191	0.2479371461609832	5.630689611518859	0.26288519090654056	0.18604471552687818	0.30485740566287406	444.86499712246655	119.0	3.7383613203568618	-249.04805242120122
2.0	548.0	520.0	6.008023981305823	0.19558466106680344	70.8084024258498	0.25645177662148555	5.9314646044186015	0.27527709439004905	0.18604471552687818	0.30485740566287406	444.86499712246655	119.0	3.7383613203568618	-249.04805242120122
2.0	558.0	520.0	4.264786614860382	0.1754937259826289	50.16106493146835	0.5621953609841839	6.812623437540978	0.47946688647804053	0.36105376468786626	0.2863829014424733	89.14750131971954	119.0	0.749138666552265	-284.22291301545476
2.0	558.0	520.0	5.5722632769251685	0.14867684996195712	70.88340506018339	0.47994737983984725	8.051462731982511	0.4380984269822049	0.36105376468786626	0.2863829014424733	89.14750131971954	119.0	0.749138666552265	-284.22291301545476
2.0	568.0	520.0	5.241217242117377	0.10768440617501022	65.54348867159221	0.2654314876458351	12.071855990881128	0.3115792067581119	0.36105376468786626	0.2574802031032024	63.570320474624005	119.0	0.5342043737363362	-326.4911147494765
2.0	568.0	520.0	0.2200173770041	0.056727174936974184	88.12068816408477	35.57686612166925	127.0724361713072	76.46198464481313	0.36105376468786626	0.2574802031032024	63.570320474624005	119.0	0.5342043737363362	-326.4911147494765
1.0	578.0	520.0	5.929187845875638	0.20358614784887508	66.02380099244037	0.3692500725483845	9.313398472411649	0.3692501251281552	0.36105376468786626	0.4224669967414368	213.43602728850215	122.0	1.7494756335123127	-181.80417321219076
3.0	588.0	520.0	6.588567812928553	0.18933407313738007	65.33900807025653	0.2411172139253226	7.104788814532618	0.2549947965638447	0.10518259713707097	0.33960655769415504	1305.7125314460245	116.0	11.256142512465729	-250.17533299309488
3.0	588.0	520.0	0.951624717999713	0.1139250948436667	105.20664180457219	3.9053374023637852	19.08646087119194	3.9798834506435288	0.10518259713707097	0.33960655769415504	1305.7125314460245	116.0	11.256142512465729	-250.17533299309488
3.0	588.0	520.0	2.0583989471025355	0.2723484194558502	126.74842458876152	0.5229454505916536	3.8386565006223554	0.6388352268157311	0.10518259713707097	0.33960655769415504	1305.7125314460245	116.0	11.256142512465729	-250.17533299309488
2.0	598.0	520.0	5.891766894194333	0.18504791920217012	65.84367456965614	0.2682782817209936	7.397372549564702	0.2682782844586597	0.06650255800008928	0.375567796269375	4026.8908192421695	119.0	33.839418649093865	-230.86233819164153
2.0	598.0	520.0	2.069325252023447	0.18463811354142184	124.51805000590932	0.7654625366465473	7.431657632006823	0.7654643565448729	0.06650255800008928	0.375567796269375	4026.8908192421695	119.0	33.839418649093865	-230.86233819164153
2.0	608.0	520.0	5.184634269454517	0.16819993799496608	65.2753112467772	0.26685476177794826	7.124128844966915	0.2668549505735653	0.06329368670089622	0.336417528996743	3537.045901733686	119.0	29.723074804484757	-259.43887965936597
2.0	608.0	520.0	1.6503936955358833	0.18317963918638805	123.82610599651952	0.7697737753153262	6.006356530021916	0.7697739274810476	0.06329368670089622	0.336417528996743	3537.045901733686	119.0	29.723074804484757	-259.43887965936597
2.0	618.0	520.0	5.131346057850183	0.17050820463546587	63.928053284962054	0.24408600598394672	6.362048288318309	0.2440862331315651	0.09836022996068629	0.3221961902839116	1344.0769872807423	119.0	11.294764598997835	-270.17418347223673
2.0	618.0	520.0	1.2325514188874904	0.17924934356776945	123.65408940500798	0.9666501399532103	5.756352985166987	0.9666501389860175	0.09836022996068629	0.3221961902839116	1344.0769872807423	119.0	11.294764598997835	-270.17418347223673
2.0	628.0	520.0	4.732252771707002	0.17409576600766377	63.300125704069735	0.2715825593166263	6.393790689200012	0.2715828688601697	0.07324930420488003	0.33012678724357075	2539.2044754961726	119.0	21.337852735261954	-264.3482212243867
2.0	628.0	520.0	0.7283719435299114	0.17595894277275606	121.56736720462379	1.7458554870937262	6.258676115251189	1.7458555522771262	0.07324930420488003	0.33012678724357075	2539.2044754961726	119.0	21.337852735261954	-264.3482212243867
3.0	638.0	520.0	0.37506118965164487	0.17026422500141275	10.475146583666326	1.4955915472372134	2.8531350760533156	1.4955913563796144	0.055118200134555755	0.21262892061261968	1865.9104351756287	116.0	16.0854347859968	-367.10477862482526
3.0	638.0	520.0	4.102951713762249	0.102691398859285	63.8268380668465	0.22667288922265913	7.843651909576108	0.22667310554166734	0.055118200134555755	0.21262892061261968	1865.9104351756287	116.0	16.0854347859968	-367.10477862482526
3.0	638.0	520.0	0.4369405904539478	0.10076300524975175	120.33613161312194	2.16870610425525	8.150725875470165	2.1687194833236756	0.055118200134555755	0.21262892061261968	1865.9104351756287	116.0	16.0854347859968	-367.10477862482526
3.0	648.0	520.0	0.32228459074441407	0.13841283625731132	10.380951717927129	1.3047095410257123	2.6309115470926776	1.3046995374251331	0.05948115084764348	0.166141537891816	976.3697344969523	116.0	8.416980469801313	-429.0177844199307
3.0	648.0	520.0	3.7672241789136294	0.07451355256194556	63.0340537478677	0.20747709244598825	9.084306788520296	0.20774830169637556	0.05948115084764348	0.166141537891816	976.3697344969523	116.0	8.416980469801313	-429.0177844199307
3.0	648.0	520.0	0.2572862347209538	0.07047471996197412	115.07531037026875	3.2108740058103478	10.163581120627486	3.21543411524992	0.05948115084764348	0.166141537891816	976.3697344969523	116.0	8.416980469801313	-429.0177844199307
1.0	658.0	520.0	3.378517526139099	0.08376872740416952	61.83631738029853	0.259939385264895	9.078659269314208	0.2599392943201118	0.10472840520112126	0.18907616332832405	418.68453660018815	122.0	3.4318404639359685	-406.99572386905663
1.0	668.0	520.0	3.1570342381885372	0.09639525558917611	61.83341878513131	0.3190725363811566	9.04884025655968	0.3190723151392313	0.1579520754191652	0.2176606116756444	242.94102527021735	122.0	1.9913198792640767	-372.302780246728
3.0	678.0	520.0	3.313910851612122	0.10606742223207559	63.616043928503586	0.32174413979662864	8.708055661925655	0.32208566188691556	0.05676310653953434	0.23147066446829134	2082.3794874043087	116.0	17.95154730520956	-346.0328611367448
3.0	678.0	520.0	0.571387634251987	0.18815941089147767	98.58954373260161	1.6276181666385463	3.6796164079010154	1.5787959859532097	0.05676310653953434	0.23147066446829134	2082.3794874043087	116.0	17.95154730520956	-346.0328611367448
3.0	678.0	520.0	0.7163749822652679	0.12215546161605391	114.0929662676211	2.0010519830526587	7.091460986173928	2.1265162002665425	0.05676310653953434	0.23147066446829134	2082.3794874043087	116.0	17.95154730520956	-346.0328611367448
3.0	688.0	520.0	3.6213664721190666	0.11278630408569013	65.28931196057833	0.22846884655621025	6.348844280227628	0.22907575104349218	0.05679099450311924	0.20859024420016875	1714.2227118398557	116.0	14.777781998619446	-370.2289996462196
3.0	688.0	520.0	0.5879208734571331	0.22835326262008723	97.93772873163553	0.8168985330627397	2.0706405874816323	1.0073858262791204	0.05679099450311924	0.20859024420016875	1714.2227118398557	116.0	14.777781998619446	-370.2289996462196
3.0	688.0	520.0	0.7485400558365604	0.08973920441114343	110.63810127549016	2.0531089539648724	10.40505727161859	1.8126293751867077	0.05679099450311924	0.20859024420016875	1714.2227118398557	116.0	14.777781998619446	-370.2289996462196
3.0	698.0	520.0	3.500680596401948	0.10480413736309235	64.8130212749039	0.17491817413767594	5.060512950604406	0.17491860426088848	0.09900233831422259	0.1737517771179002	388.6292171537826	116.0	3.350251872015367	-416.79873724504927
3.0	698.0	520.0	0.7358413459823218	0.10938741402370812	99.16437572359385	0.7983912845896696	4.652510522696352	0.8006639690434142	0.09900233831422259	0.1737517771179002	388.6292171537826	116.0	3.350251872015367	-416.79873724504927
3.0	698.0	520.0	0.47442584384866376	0.13107558854327417	119.85347751597133	1.0334366486486155	3.2379930199425964	1.0356071722078288	0.09900233831422259	0.1737517771179002	388.6292171537826	116.0	3.350251872015367	-416.79873724504927
1.0	708.0	520.0	3.2276825738089467	0.12394152307834905	64.08131063042279	0.23140710704447753	5.218045622536142	0.2314065250080071	0.13016807326665003	0.21490264913165355	341.0319339194782	122.0	2.7953437206514606	-378.27440013898376
1.0	718.0	520.0	2.516211109743607	0.09680985539475509	64.64564949134495	0.3100563075556288	6.978234236240652	0.3100559547091754	0.1030715161984751	0.1942024723121267	443.7683298493466	122.0	3.637445326633989	-403.7094362492353
1.0	728.0	520.0	1.7937406895163226	0.06106957113830358	64.34570666763226	0.36365396109786424	9.249372569024487	0.36365375984939013	0.08760080587300413	0.14102133511843595	324.03130233752245	122.0	2.655994281455102	-483.6754721576194
1.0	738.0	520.0	1.8150799323759603	0.04933939731699401	63.33181573513423	0.3192422261455767	10.169562611492907	0.31924204313754684	0.0677043600261432	0.11706617346816994	389.31748073311945	122.0	3.1911268912550774	-525.1409973330224
3.0	748.0	520.0	0.8478683066312519	0.09303066267885081	55.25965116868667	0.2298470952013017	1.9931939175173508	0.27713358233469865	0.07329356143474083	0.08170887151923693	173.33572948065353	116.0	1.4942735300056338	-592.8908345519864
3.0	748.0	520.0	2.1113716519801455	0.03903782973941376	65.66088893232302	0.29167630362688163	10.457357895982785	0.2309890449729674	0.07329356143474083	0.08170887151923693	173.33572948065353	116.0	1.4942735300056338	-592.8908345519864
3.0	748.0	520.0	0.3288439579815292	0.05422352061525689	124.31756925025985	0.8798322319935691	4.620964665550251	0.8798322679071274	0.07329356143474083	0.08170887151923693	173.33572948065353	116.0	1.4942735300056338	-592.8908345519864
3.0	758.0	520.0	1.7687891404022753	0.0698960545225794	54.753402224064644	0.24716598524957567	4.382708139793823	0.225461495236524	0.06139071938634954	0.08356759902098433	252.2967705528369	116.0	2.174972159938249	-590.2723941575997
3.0	758.0	520.0	2.267247165279089	0.044486856812796065	71.17503552058184	0.28514182613998373	7.512491513486278	0.286221923975772	0.06139071938634954	0.08356759902098433	252.2967705528369	116.0	2.174972159938249	-590.2723941575997
3.0	758.0	520.0	0.28970908622713	0.0469691807778832	122.24999329865757	1.1772745847876607	6.28960783671479	1.1772767312977028	0.06139071938634954	0.08356759902098433	252.2967705528369	116.0	2.174972159938249	-590.2723941575997
2.0	768.0	520.0	1.7996314589083875	0.06865765895667239	54.912910846119026	0.24211235711561432	4.473734716873191	0.244329119906193	0.07611865448550752	0.1070912243680799	253.35609207182145	119.0	2.129042790519508	-542.8433337778222
2.0	768.0	520.0	2.2456813765209427	0.059603607726836434	72.8387695295845	0.22571025736397288	6.2340279745592655	0.24721341746673484	0.07611865448550752	0.1070912243680799	253.35609207182145	119.0	2.129042790519508	-542.8433337778222
2.0	108.0	530.0	1.6754418668206144	0.039382499851492336	35.7099043961889	0.2935856319145196	10.755978422473067	0.3083758979117675	0.07676667501860417	0.09478468177978568	193.57366482612227	119.0	1.626669452320355	-574.3662486629307
2.0	108.0	530.0	0.7843274658835105	0.06210455866122509	66.31150679960884	0.39564406760541415	4.213224701389749	0.3996957126362752	0.07676667501860417	0.09478468177978568	193.57366482612227	119.0	1.626669452320355	-574.3662486629307
2.0	118.0	530.0	2.183225170965475	0.13699968028448417	30.527780383969976	0.222466941590856	5.305012174676483	0.3413042292979182	0.08463108534925404	0.11825656751782532	268.7122411746654	119.0	2.2580860602913058	-508.9856289896363
2.0	118.0	530.0	0.6672131345980412	0.046384142856918636	51.10775131678941	2.763757058331135	14.909274425681517	2.2493578969535	0.08463108534925404	0.11825656751782532	268.7122411746654	119.0	2.2580860602913058	-508.9856289896363
2.0	128.0	530.0	2.1657280124542853	0.06503510984582567	30.391820757224615	0.1418517798142069	4.588995277965557	0.17305413315468776	0.06005980553466378	0.08774715593352192	269.2725199900861	119.0	2.2627942856309757	-594.4654722965668
2.0	128.0	530.0	0.4231802700449283	0.03256635943612199	47.71659229084285	2.1830934677966676	20.03794498090493	1.5650019687804024	0.06005980553466378	0.08774715593352192	269.2725199900861	119.0	2.2627942856309757	-594.4654722965668
3.0	138.0	530.0	2.6016821631056977	0.059188084484483566	28.888778037176678	0.14597739318862288	5.5510792636846915	0.14922902830061335	0.05351484888843826	0.10234081626641445	459.8296486112154	116.0	3.964048694924271	-549.566016866257
3.0	138.0	530.0	0.39738813889532504	0.10587896772553348	50.740480943778714	1.2781938016253125	4.0043440936692285	1.212348541021188	0.05351484888843826	0.10234081626641445	459.8296486112154	116.0	3.964048694924271	-549.566016866257
3.0	138.0	530.0	0.33278532772473557	0.052936824461779955	65.34447719553079	2.7077930416239298	7.428760742196991	2.5544918195190607	0.05351484888843826	0.10234081626641445	459.8296486112154	116.0	3.964048694924271	-549.566016866257
2.0	148.0	530.0	2.854891189153067	0.0625713330625039	27.790803418496253	0.14124054050835114	5.567609136782668	0.14231088709353415	0.06046131687781872	0.11046515434488192	417.89889373851634	119.0	3.511755409567364	-537.8602896966627
2.0	148.0	530.0	0.5788378171870516	0.05355095728039067	59.5283516848524	0.8139042463952294	7.621506531460026	0.8224511522995157	0.06046131687781872	0.11046515434488192	417.89889373851634	119.0	3.511755409567364	-537.8602896966627
2.0	158.0	530.0	1.9507615792970872	0.06461698780424707	27.060647376101215	0.22457471404499685	5.871213266369797	0.22463929035794802	0.05632610218246628	0.1166427524351571	543.1935478528228	119.0	4.564651662628763	-522.7934466361469
2.0	158.0	530.0	1.0097479599313532	0.06664585495869596	60.13240915720421	0.4206426685768749	5.519448685457289	0.42075973893292634	0.05632610218246628	0.1166427524351571	543.1935478528228	119.0	4.564651662628763	-522.7934466361469
2.0	168.0	530.0	1.0108115326950087	0.05187497054427617	27.444918359333403	0.39442510024135097	6.6564746165344815	0.3944979120819275	0.07250373709881405	0.0960189930782661	239.53939309668277	119.0	2.0129360764427124	-562.016910333837
2.0	168.0	530.0	1.372897081689729	0.06472253028345225	60.12159935515385	0.23276558704914138	4.275546644199785	0.23279763791963123	0.07250373709881405	0.0960189930782661	239.53939309668277	119.0	2.0129360764427124	-562.016910333837
2.0	248.0	530.0	1.5235537182766938	0.07529415831202592	37.892958710030435	0.4448696385328837	7.799051199415354	0.44611490050171854	0.06242669873300509	0.15459615525482792	796.3414703685024	119.0	6.691945129147079	-449.2644008653429
2.0	248.0	530.0	0.5789263453404172	0.11410320830691748	67.63917039345658	0.7726303033275749	3.390027695797901	0.7735179225180184	0.06242669873300509	0.15459615525482792	796.3414703685024	119.0	6.691945129147079	-449.2644008653429
2.0	258.0	530.0	2.7371246116364993	0.0804663398284821	40.50226848894636	0.27162008017689176	8.00729311908688	0.27434260030654667	0.05896925489180596	0.17018677987767394	1042.2983141135956	119.0	8.758809362299122	-429.8641874531431
2.0	258.0	530.0	0.6500242912287466	0.12284287591929091	68.2936192287022	0.7487570344209248	3.4190651991182186	0.7512916576262799	0.05896925489180596	0.17018677987767394	1042.2983141135956	119.0	8.758809362299122	-429.8641874531431
2.0	268.0	530.0	4.109176905941238	0.0917369223870499	41.97145065672655	0.19455016232838002	7.550431683088114	0.19777856905316257	0.06760710675108772	0.1869224233298704	968.3948855727575	119.0	8.137772147670232	-404.8829027906132
2.0	268.0	530.0	0.9231074728599143	0.1292654216541546	68.33861601228227	0.6142614344594196	3.773565768527809	0.6182705541596749	0.06760710675108772	0.1869224233298704	968.3948855727575	119.0	8.137772147670232	-404.8829027906132
2.0	278.0	530.0	3.2403699559721892	0.062706398138598	44.625528221434	0.18430602873047194	7.935381527795734	0.1999797638203925	0.05970454393442386	0.129375305311369	587.7985319504169	119.0	4.939483461768209	-498.3661078687523
2.0	278.0	530.0	1.092238529817865	0.07800594606973174	68.7959529980242	0.4376040580853796	4.914671181872047	0.4481931492873748	0.05970454393442386	0.129375305311369	587.7985319504169	119.0	4.939483461768209	-498.3661078687523
2.0	288.0	530.0	1.7253985034610126	0.0864444627465357	51.52526114650949	0.1972432578088631	4.270936196800155	0.2518872937053538	0.06395682253887332	0.09170005044990917	258.6306910874315	119.0	2.173367151995223	-583.7889779141
2.0	288.0	530.0	1.0070109712482456	0.06808190251234	59.54865302992551	0.8622540051725195	13.838910291858435	0.6024319340525905	0.06395682253887332	0.09170005044990917	258.6306910874315	119.0	2.173367151995223	-583.7889779141
2.0	298.0	530.0	3.5715098780839853	0.1138486303553064	54.50121695966263	0.10951954820855948	3.8787771429259355	0.14388413573526773	0.0585514748107394	0.10959197852409731	456.8730673178715	119.0	3.8392694732594244	-534.7389028078811
2.0	298.0	530.0	1.0864424205735972	0.0708707253201989	64.57033646255208	1.0856062197699026	12.206651041824975	0.6499993231995269	0.0585514748107394	0.10959197852409731	456.8730673178715	119.0	3.8392694732594244	-534.7389028078811
2.0	308.0	530.0	3.9758933391811118	0.24240307439383638	53.728506949054214	0.15052810500220706	2.8782165202788463	0.19589732163786813	0.06922248311618995	0.18361953044108256	920.6552796276014	119.0	7.736598988467239	-405.29903528573266
2.0	308.0	530.0	3.318818239438439	0.19719155170989963	58.90813806074382	0.4697859233955329	8.402611441447476	0.2971621706163596	0.06922248311618995	0.18361953044108256	920.6552796276014	119.0	7.736598988467239	-405.29903528573266
2.0	318.0	530.0	6.48965940241805	0.26722486372443965	55.00814474751104	0.13247258274603743	5.6661820699924	0.20918092038908298	0.09557002330762178	0.19116952344291083	531.389243885831	119.0	4.46545583097337	-393.36452170789494
2.0	318.0	530.0	0.8127815586689565	0.08246915643853588	74.53765580111076	4.344396025058402	14.109744337170667	3.3063177031190376	0.09557002330762178	0.19116952344291083	531.389243885831	119.0	4.46545583097337	-393.36452170789494
2.0	328.0	530.0	5.51236459017546	0.06968014456130187	56.527491701283594	0.09476511821964836	6.493275145286207	0.09485529235463638	0.09121878619404443	0.12950697388905616	266.2397278790344	119.0	2.2373086376389444	-491.4013143493084
2.0	328.0	530.0	1.1605704285144034	0.0826175361813446	87.35066335380102	0.3796598157329799	4.617110762452039	0.3799408740226422	0.09121878619404443	0.12950697388905616	266.2397278790344	119.0	2.2373086376389444	-491.4013143493084
2.0	338.0	530.0	4.102470481930341	0.07431380389765316	58.91401549279035	0.13962351333744388	6.611534044933915	0.1441028509694242	0.08995508482993864	0.13161581382903584	312.4202205639874	119.0	2.62538000473939	-474.8949076243977
2.0	338.0	530.0	0.8615063852206368	0.07485970290814944	87.11624476398347	0.6600568196603962	6.511189594085072	0.6807845331836393	0.08995508482993864	0.13161581382903584	312.4202205639874	119.0	2.62538000473939	-474.8949076243977
1.0	348.0	530.0	3.3229734259519415	0.09268003953384524	61.1892582797282	0.21101599868584975	6.551463628902084	0.21101575735859593	0.08238071065623617	0.17987804970898205	597.7304925460725	122.0	4.899430266771086	-422.4977116496899
1.0	358.0	530.0	3.5507294312133952	0.0817046607621806	62.801822857088716	0.17525722362032994	6.59585900833888	0.1752571989036554	0.1504130189385825	0.15223922150759003	140.28513155749184	122.0	1.1498781275204248	-453.1721687651278
1.0	368.0	530.0	3.9126076274934825	0.0733889569266972	63.224250573159615	0.1467150895322005	6.7740483048762865	0.14671511362148507	0.06409711601823494	0.14450027656731373	640.090515377624	122.0	5.246643568669049	-476.6769945796433
1.0	378.0	530.0	3.7921535396727863	0.09793160497439067	63.246097270689866	0.20462142362808386	6.862140988499123	0.20462149149090011	0.0933900109158294	0.17344385758247086	543.8863080034348	122.0	4.458084491831433	-402.93941036018055
1.0	388.0	530.0	3.259121557623732	0.07894355221010424	64.67573218374092	0.21292189883545243	7.612169945496703	0.21292179687260346	0.08631241052821706	0.14486625823609195	459.01450761515247	122.0	3.762413996845512	-443.84946119607145
1.0	398.0	530.0	3.141767044604626	0.07364828630133194	66.98197770962827	0.2311643237037057	8.539658057671126	0.2311642475948045	0.36105376468786626	0.13106061269114244	25.61240621691202	122.0	0.20993775587632804	-446.83671044105876
2.0	408.0	530.0	0.4433802702808397	0.06643524314715463	38.940499861127144	0.820194596822383	4.708067249210476	0.8279136750686729	0.07100925094418173	0.09577907519872374	288.97890064606224	119.0	2.428394123076153	-543.7694219532465
2.0	408.0	530.0	3.5013175068534568	0.05217963928149093	67.65699261045573	0.1322409727260246	7.6851818372438245	0.1345398270147176	0.07100925094418173	0.09577907519872374	288.97890064606224	119.0	2.428394123076153	-543.7694219532465
1.0	418.0	530.0	3.1065155026068236	0.06553627774164024	66.56802920561259	0.204225511125654	8.384248687772118	0.20422561396960792	0.06886020533639552	0.14374459703822992	547.3730131942448	122.0	4.486664042575777	-478.31711501964844
2.0	428.0	530.0	1.6443229007464402	0.18277954280332837	56.737571553897276	0.6947340580812271	5.371122689459806	0.4259170678450825	0.07262025972170122	0.08941204314776971	192.3445210127163	119.0	1.6163405127119017	-589.0441688537651
2.0	428.0	530.0	2.190679977807128	0.08549163607805918	70.38263905546893	0.801782667566684	7.247263641936714	0.5242465517014694	0.07262025972170122	0.08941204314776971	192.3445210127163	119.0	1.6163405127119017	-589.0441688537651
1.0	468.0	530.0	1.2828503133287419	0.9868469626428544	37.46375494540733	2.124288571225672	2.389863257040338	2.1242557382230665	0.15036140397626982	1.1262600460851073	7425.144517553308	122.0	60.861840307814	42.860830503393224
1.0	478.0	530.0	8.197924409324493	0.3156612595875352	55.940200669715225	0.1749583042188342	3.9345465265288606	0.17495781466048516	0.1325950219504059	0.4736802105590069	1607.4288222572034	122.0	13.175646084075437	-179.85425603486652
2.0	488.0	530.0	11.175480959090859	0.2104542614564034	56.41463814457159	0.13564731181455245	6.238082435200881	0.13564731573869282	0.07141627421977774	0.3929308612907872	3808.6607628305082	119.0	32.0055526288278	-220.00561653228237
2.0	488.0	530.0	0.843314493814478	0.38622682873525555	89.7125752952026	0.9751223679101988	1.8241043562285353	0.9562144608990092	0.07141627421977774	0.3929308612907872	3808.6607628305082	119.0	32.0055526288278	-220.00561653228237
2.0	498.0	530.0	10.75758463220488	0.2703391124078253	56.38713334844595	0.21838494637258962	7.526048708613523	0.21839348249631577	0.21937536294376878	0.5475197130246015	803.5197975444438	119.0	6.75226720625583	-133.94488233467294
2.0	498.0	530.0	1.6640828575433542	0.4841235253990011	88.93798846718293	0.7883021552606695	2.3482450380154547	0.7886625372974191	0.21937536294376878	0.5475197130246015	803.5197975444438	119.0	6.75226720625583	-133.94488233467294
2.0	508.0	530.0	11.30250019296294	0.2896933330959016	53.0823821268115	0.22766594532474305	4.206222844073492	0.18864212781873285	0.21475223692803902	0.3826926442343552	398.01632308636516	119.0	3.344674983919035	-227.0833010389609
2.0	508.0	530.0	7.26432065213686	0.24844427685079934	65.34854560114506	0.38680854005624893	4.7741894606294535	0.3383512867107173	0.21475223692803902	0.3826926442343552	398.01632308636516	119.0	3.344674983919035	-227.0833010389609
2.0	518.0	530.0	8.356304001978476	0.4185492446302213	52.15554294042131	0.12061913251973982	3.0347385814755965	0.17396124324639736	0.23028670886735225	0.3391095250310522	288.3734143546112	119.0	2.4233060029799263	-249.90287203468264
2.0	518.0	530.0	5.773727013886159	0.1763482774949719	63.37950809247452	0.6262508275964923	9.971611560242001	0.44468667810313334	0.23028670886735225	0.3391095250310522	288.3734143546112	119.0	2.4233060029799263	-249.90287203468264
3.0	528.0	530.0	9.599187566286487	0.19754360824789033	52.37260827404246	0.057752582877284714	3.004256277478415	0.0761984179267275	0.06116542589598529	0.196084082655799	1289.0592290470659	116.0	11.112579560750568	-387.30880219496953
3.0	528.0	530.0	5.110737737980123	0.08401471671877435	65.70591749869943	0.35749704321603193	12.00422099866982	0.2741982351004336	0.06116542589598529	0.196084082655799	1289.0592290470659	116.0	11.112579560750568	-387.30880219496953
3.0	528.0	530.0	0.32989370855243827	0.11594196959261184	191.30447558639733	2.222789047237038	5.430472755630069	2.3661493308902295	0.06116542589598529	0.196084082655799	1289.0592290470659	116.0	11.112579560750568	-387.30880219496953
2.0	538.0	530.0	11.342479598312773	0.2430345711647721	51.40305371459414	0.1125427819733959	3.9223889502279254	0.11188003758786651	0.36105376468786626	0.2828223258546015	114.61308390024126	119.0	0.9631351588255569	-252.8142065369594
2.0	538.0	530.0	5.409020624388657	0.17233303268696903	69.83089972639688	0.3404593309397187	7.7244409562672445	0.3773484782346626	0.36105376468786626	0.2828223258546015	114.61308390024126	119.0	0.9631351588255569	-252.8142065369594
2.0	548.0	530.0	9.306178631730115	0.23233073254995606	49.78239740188389	0.15818182711870013	5.194572660499639	0.16736206570490839	0.030825772288114943	0.33963930953744376	20245.139213707153	119.0	170.1272202832534	-221.2196462176055
2.0	548.0	530.0	5.675060276533879	0.22653818776498183	70.31706579241855	0.2661161822470786	5.495806829426988	0.28360799213025073	0.030825772288114943	0.33963930953744376	20245.139213707153	119.0	170.1272202832534	-221.2196462176055
2.0	558.0	530.0	5.775279327540268	0.20900233947423566	48.36183974221135	0.3685208984538564	6.707073288213241	0.3783513357141998	0.11126145805593257	0.37433992962758367	1630.9620918545727	119.0	13.70556379709725	-215.17977511565107
2.0	558.0	530.0	4.923376451719514	0.20304317863003124	71.02930789399215	0.44628983044094706	7.204339437353337	0.46880724663809964	0.11126145805593257	0.37433992962758367	1630.9620918545727	119.0	13.70556379709725	-215.17977511565107
2.0	568.0	530.0	3.1584376252888604	0.5135166201420667	51.05357549681898	1.6721316415880758	7.481213778731346	1.02933300003484	0.36105376468786626	0.3252476389928958	118.67225879697492	119.0	0.9972458722434867	-248.46375680642186
2.0	568.0	530.0	4.09338911490204	0.27070425981023116	70.14193027030264	1.7745550581795193	9.562623438235065	1.1864904205573739	0.36105376468786626	0.3252476389928958	118.67225879697492	119.0	0.9972458722434867	-248.46375680642186
1.0	578.0	530.0	5.065485692273959	0.14532234551665366	63.775592631300206	0.3606875450288189	10.887781975663543	0.3606875049003665	0.36105376468786626	0.32629201513479544	127.13974332713956	122.0	1.0421290436650783	-246.5604640984071
2.0	588.0	530.0	5.936627621751221	0.1532671184809836	64.63734197076563	0.23483752612832884	7.877509552543177	0.23483752265626642	0.36105376468786626	0.2987720002439878	99.80305058773335	119.0	0.8386810973759106	-270.10960879461976
2.0	588.0	530.0	1.5840164694665346	0.1675008882258909	126.79996854506538	0.8052342194366362	6.597315935254801	0.805237475949257	0.36105376468786626	0.2987720002439878	99.80305058773335	119.0	0.8386810973759106	-270.10960879461976
3.0	598.0	530.0	0.8247074204478463	0.19785586447416628	116.44321794069482	6.409458562418482	8.1833097850205	4.320904136379961	0.05936023805217011	0.25495950490381514	2308.386084200669	116.0	19.89988003621266	-321.9686804150846
3.0	598.0	530.0	5.937180181604408	0.13202480995901614	65.29327066924728	0.17483294582128361	6.808929942015654	0.17483438909728452	0.05936023805217011	0.25495950490381514	2308.386084200669	116.0	19.89988003621266	-321.9686804150846
3.0	598.0	530.0	1.3712377289460593	0.6696134927615778	127.98411042924766	0.9446042257239775	4.016067125111327	1.3068413462506185	0.05936023805217011	0.25495950490381514	2308.386084200669	116.0	19.89988003621266	-321.9686804150846
2.0	608.0	530.0	5.302025785803748	0.1554323440242057	64.84306464167338	0.2193561598325432	6.47944661640198	0.21935593006434034	0.07531752672575308	0.2951982827530197	1940.25094813445	119.0	16.304629816255883	-291.0163811105362
2.0	608.0	530.0	1.393519752630223	0.14448286991703516	122.48176012348615	0.8978224323818061	7.499187383530467	0.8978223684691294	0.07531752672575308	0.2951982827530197	1940.25094813445	119.0	16.304629816255883	-291.0163811105362
2.0	618.0	530.0	5.097924479354769	0.17434136826355662	64.06403925590355	0.22973421403678537	5.817059532542676	0.22973390876092825	0.09416252120279422	0.3116828174097901	1402.1012854043388	119.0	11.782363742893603	-275.7946993583171
2.0	618.0	530.0	1.2904934672834245	0.15739192706425972	123.55663847912665	1.0052312515608048	7.137893220932845	1.005231240982854	0.09416252120279422	0.3116828174097901	1402.1012854043388	119.0	11.782363742893603	-275.7946993583171
2.0	628.0	530.0	4.893634806218289	0.17115643297158412	63.4767111951474	0.2291883460246059	5.6757140317707835	0.2291887530438323	0.1567459205607952	0.2960673335485729	475.74667535408923	119.0	3.9978712214629346	-283.4989442491573
2.0	628.0	530.0	0.795934722241972	0.16556758682078243	121.71314617097487	1.4567438027018973	6.064835450723454	1.456743926768889	0.1567459205607952	0.2960673335485729	475.74667535408923	119.0	3.9978712214629346	-283.4989442491573
