ncomps	x	y	amplitude	err amplitude	shift	err shift	width	err width	rms	residual	chisq	dof	redchisq	aic
3.0	308.0	640.0	0.649894747848047	0.10414834970618456	46.34356279222496	6.706529276515396	14.38437108795457	4.009933562374106	0.10189346757450601	0.10665918289666954	159.8475505126349	116.0	1.3779961251089217	-520.6532925668732
3.0	308.0	640.0	2.4133980651029385	0.28534072599034993	56.74867034302038	0.18250757353360167	3.957720832978886	0.3482051867294904	0.10189346757450601	0.10665918289666954	159.8475505126349	116.0	1.3779961251089217	-520.6532925668732
3.0	308.0	640.0	0.4934645643858526	0.20618338966364796	74.47915798730169	1.7760353934499307	5.597085520500895	1.7477866260148236	0.10189346757450601	0.10665918289666954	159.8475505126349	116.0	1.3779961251089217	-520.6532925668732
2.0	318.0	640.0	0.6354311954980684	0.08642288232165994	52.960550828386666	1.383685698206974	15.176514355350488	1.4246009449318642	0.06770782169216749	0.11421383611543054	378.78017333817365	119.0	3.1830266667073417	-521.8462431375965
2.0	318.0	640.0	2.8643741880808653	0.10714296853765165	57.86420042202644	0.13484842952614298	3.868246372329301	0.17514783479159257	0.06770782169216749	0.11421383611543054	378.78017333817365	119.0	3.1830266667073417	-521.8462431375965
2.0	328.0	640.0	0.3352417474024784	0.0490179282850968	32.86142361422535	1.9196817606082908	10.383202078963558	2.1318853795321977	0.060416209051765736	0.1140928411727725	449.57713817466265	119.0	3.777959144324896	-528.9133838170741
2.0	328.0	640.0	3.4613339723112366	0.06773097432657504	59.464967964298246	0.132242852379676	5.216317450314569	0.13319107293409685	0.060416209051765736	0.1140928411727725	449.57713817466265	119.0	3.777959144324896	-528.9133838170741
2.0	338.0	640.0	0.24463680654369002	0.05346536625877587	33.5366679905513	2.252522582743928	8.776146741599586	2.4036512839908237	0.061282577273371955	0.11661032089269541	452.6784608333774	119.0	3.804020679272079	-524.4945177848692
2.0	338.0	640.0	3.023170861522733	0.06858406744530772	61.01922984810053	0.1417754272504077	5.154755982212585	0.1448141201708194	0.061282577273371955	0.11661032089269541	452.6784608333774	119.0	3.804020679272079	-524.4945177848692
1.0	348.0	640.0	2.7945581080756066	0.05656055916317018	61.6646020200618	0.1297392893433004	5.550888725089837	0.12973913346434718	0.05956953734227069	0.1011837331579809	360.7289203415284	122.0	2.956794429028921	-566.6761102770765
1.0	358.0	640.0	3.159863893518969	0.04387818347993956	62.35029236205455	0.1099718304321897	6.85903457540332	0.10997190678220523	0.058029554516008615	0.08701820486540289	282.65359811392074	122.0	2.3168327714255796	-603.712162441056
1.0	368.0	640.0	3.6484324842763027	0.059941610968273655	63.52307158153959	0.16335527913778206	8.610702646911978	0.16335527187052903	0.08639654194963999	0.12108374917710767	298.7571328535885	122.0	2.448828957816299	-497.28725176116075
1.0	378.0	640.0	4.221841463489173	0.06086824002280294	64.31828250102366	0.16193017951147246	9.726392262458313	0.16193014489126825	0.06298134637675838	0.13609487616491475	654.8393412824271	122.0	5.367535584282189	-478.21964795263057
2.0	388.0	640.0	4.326982164529466	0.040332596742396976	65.25896765615389	0.15986290670798184	10.901559998335918	0.17289488022166924	0.06296141554225787	0.09482223138819282	289.7031374696264	119.0	2.4344801468035833	-573.5285588898778
2.0	388.0	640.0	0.9556233448488275	0.0648422135043537	88.44620145959675	0.4393968598569245	5.104368322125403	0.44122351211318944	0.06296141554225787	0.09482223138819282	289.7031374696264	119.0	2.4344801468035833	-573.5285588898778
3.0	398.0	640.0	0.10220774462071935	0.024659924957932917	22.28900067018279	23.66352750108457	38.00669364657553	20.29229735650179	0.04861269089574621	0.09892404701877815	527.8766326685311	116.0	4.550660626452855	-556.3338371573765
3.0	398.0	640.0	1.5678690373170387	0.23671713029238836	55.891067893580704	0.42075717105043103	5.8529473653618505	0.5548152469994186	0.04861269089574621	0.09892404701877815	527.8766326685311	116.0	4.550660626452855	-556.3338371573765
3.0	398.0	640.0	3.7372958605824436	0.10129054897774944	72.75149221273985	0.7320980634379345	12.032972067154768	0.5859548973873291	0.04861269089574621	0.09892404701877815	527.8766326685311	116.0	4.550660626452855	-556.3338371573765
2.0	408.0	640.0	2.036473575495886	0.33633458826895374	55.65038724764483	1.2461639163452942	7.054869551007167	0.7048290943989514	0.037528703876066764	0.11768824902251115	1913.861151553983	119.0	16.08286681978137	-466.8799000600168
2.0	408.0	640.0	3.478172074743767	0.16582228303773666	72.52052321604259	1.138704797186029	9.292144928181557	0.6853799744208458	0.037528703876066764	0.11768824902251115	1913.861151553983	119.0	16.08286681978137	-466.8799000600168
2.0	418.0	640.0	3.8135360707298496	0.0670963090230146	62.08146733328016	0.3284946194084493	8.048330981594097	0.31091536544800014	0.10109767964681426	0.13615002389875983	230.82935408957636	119.0	1.9397424713409779	-483.5345399978418
2.0	418.0	640.0	1.6620835256104256	0.1639111020137245	75.81977491263969	0.30064709417915286	3.3850290202028015	0.35009266869962136	0.10109767964681426	0.13615002389875983	230.82935408957636	119.0	1.9397424713409779	-483.5345399978418
1.0	428.0	640.0	3.9130222709158486	0.12015562562342891	62.4475302635987	0.2785529072093354	7.855431780904787	0.27855272963401484	0.060095286700157007	0.25220792082458765	2263.681314909756	122.0	18.554764876309477	-334.9017249332357
2.0	438.0	640.0	3.1539830180621165	0.1349291369381399	60.886068192804366	0.2292898040097477	4.740796445137489	0.24300091189780873	0.36105376468786626	0.2155402431727728	44.552102488632485	119.0	0.3743874158708612	-370.9270341883315
2.0	438.0	640.0	0.6012134227645821	0.03923589201173639	66.09883591833346	6.345927418250094	91.06203946790772	9.517344427001595	0.36105376468786626	0.2155402431727728	44.552102488632485	119.0	0.3743874158708612	-370.9270341883315
2.0	458.0	640.0	3.2632969826801244	0.08589291335574002	61.08900528761901	0.3018245795067714	10.4315107221334	0.33981275277126954	0.36105376468786626	0.19730873534512716	37.33007685760832	119.0	0.3136981248538514	-393.03453355305413
2.0	458.0	640.0	0.22187484616143094	0.03194070945325499	-13.6150296687859	753.7087636302073	434.2829581752118	1807.274485174789	0.36105376468786626	0.19730873534512716	37.33007685760832	119.0	0.3136981248538514	-393.03453355305413
2.0	468.0	640.0	4.709607316337914	1.5775051224045205	50.91162829739804	3.2685075480596204	5.078901583192788	3.0305393450692173	0.36105376468786626	1.3024262070841746	6396.489323594404	119.0	53.752011122642045	249.9286194294952
2.0	468.0	640.0	7.330708808780561	1.502321610170578	66.43272322450501	2.19054272907888	5.48156522961999	2.0953994976825285	0.36105376468786626	1.3024262070841746	6396.489323594404	119.0	53.752011122642045	249.9286194294952
1.0	478.0	640.0	9.257261074835808	1.878571184516647	66.57035425657094	1.9503399553795262	8.328830969744308	1.9503489536563545	0.36105376468786626	2.109280915889794	16244.893935311125	122.0	133.15486832222234	359.72042294279464
1.0	488.0	640.0	9.971510273655928	0.838340739364501	70.17633073126721	0.8060493387393327	8.300537056588157	0.8060477115466189	0.36105376468786626	0.9181862941160962	3226.2726432147647	122.0	26.444857731268563	157.66402924586612
2.0	498.0	640.0	6.470130253105161	0.342077990598447	70.85783390520103	0.10807233153983874	5.236240554700194	0.19571841879529042	0.060155531244738006	0.14083930401505676	794.3380517622159	119.0	6.675109678674083	-458.8441825080919
2.0	498.0	640.0	3.275047518435304	0.35567884727444843	69.04826761923249	0.36669047347652994	12.388097079613507	0.5730815931419971	0.060155531244738006	0.14083930401505676	794.3380517622159	119.0	6.675109678674083	-458.8441825080919
1.0	508.0	640.0	10.712814318196274	0.1530688144244783	70.76284550891609	0.09573644984648817	5.802471885912478	0.09573641588565658	0.062247373057215026	0.2617162642961104	2529.0987289600944	122.0	20.730317450492578	-312.2466676854156
1.0	518.0	640.0	10.649051834211775	0.13417421122466344	70.61211658349441	0.08410393638073206	5.780503738236011	0.08410387968739719	0.05231255235302805	0.23493272574277155	2741.074992510333	122.0	22.467827807461745	-345.6557677182657
1.0	528.0	640.0	8.012922633774933	0.15481884348296332	70.07135832267994	0.1543838839673327	6.919721842564933	0.1543838483133743	0.36105376468786626	0.2392043775779881	91.70931064155847	122.0	0.751715660996381	-287.39332845634436
1.0	538.0	640.0	5.7019675579207725	0.1367359919827276	68.85860242537191	0.23537092008835842	8.499879635391672	0.23537087574158122	0.36105376468786626	0.2462077090994194	87.87323183030476	122.0	0.7202723920516784	-292.73441337042806
1.0	548.0	640.0	5.163265810430891	0.08285718567586196	68.63544319988158	0.1817636537814686	9.809355005626989	0.18176367112124853	0.11213561664543834	0.18156572200745896	386.03039914752367	122.0	3.164183599569866	-400.06127140492447
1.0	558.0	640.0	5.389157652888608	0.08546262494824242	68.41673945721617	0.18772930990562825	10.252823371516271	0.1877293843348705	0.04827963087328424	0.20411526316683815	2315.567664290548	122.0	18.98006282205367	-386.79933076633284
2.0	568.0	640.0	4.127368575461141	0.11964975102285978	58.175398794570334	0.3193039701088579	5.613357608234291	0.2182656289580854	0.061962915479270526	0.11365312894204452	433.4486703741665	119.0	3.642425801463584	-527.1604826158746
2.0	568.0	640.0	4.992198007686975	0.08671583203529515	72.8234976795816	0.3011981572894724	6.402859680637497	0.21873914148335505	0.061962915479270526	0.11365312894204452	433.4486703741665	119.0	3.642425801463584	-527.1604826158746
2.0	578.0	640.0	4.590704298282652	0.16937866970816576	58.81687493257948	0.4619135268879221	6.061672136209483	0.31407263377736344	0.15711246739137666	0.13277608620610956	148.32824821883628	119.0	1.2464558673851789	-428.59723317122086
2.0	578.0	640.0	5.017188642610299	0.13429835238258314	74.26232096847109	0.4637219181305675	6.646288940309934	0.3296680432856017	0.15711246739137666	0.13277608620610956	148.32824821883628	119.0	1.2464558673851789	-428.59723317122086
2.0	588.0	640.0	4.5710380582468995	0.1270311251475265	60.47589415459394	0.4639414957053448	6.444913023031165	0.33152815683317727	0.11711038310050931	0.11990325090020572	237.22353640448773	119.0	1.9934750958360314	-443.36157764373365
2.0	588.0	640.0	5.562743211955154	0.15605957759301556	75.59651787459599	0.3512802467818025	5.934397704944048	0.2411517935514449	0.11711038310050931	0.11990325090020572	237.22353640448773	119.0	1.9934750958360314	-443.36157764373365
2.0	598.0	640.0	4.266128125842143	0.094263291017584	61.199263594195195	0.41777257930732753	6.7333737913052065	0.3358914935957017	0.07612517042502343	0.14713768507337374	545.0063575819349	119.0	4.579885357831386	-447.0717488211685
2.0	598.0	640.0	5.142333182123726	0.15643506191704357	76.13740919212903	0.27158143528278883	5.187513267527448	0.19927525527131787	0.07612517042502343	0.14713768507337374	545.0063575819349	119.0	4.579885357831386	-447.0717488211685
2.0	608.0	640.0	4.27536873687251	0.10417264446595478	60.2556281209594	0.2758406982018154	5.3020609742185405	0.24603092808014607	0.0733808165676972	0.16496122288959342	677.4228609189593	119.0	5.692629083352599	-429.06357482091505
2.0	608.0	640.0	3.8704425196149277	0.10355758462856927	75.32167175467139	0.3059459551101534	5.338244868651225	0.27367122381574394	0.0733808165676972	0.16496122288959342	677.4228609189593	119.0	5.692629083352599	-429.06357482091505
1.0	618.0	640.0	3.668543652088366	0.09972415344685177	65.61485938236945	0.3052197698270222	9.722981265622018	0.30521963190867935	0.10261557308080857	0.23175938739997615	661.929755553352	122.0	5.425653734043869	-354.83568039146957
1.0	628.0	640.0	3.4489558821120307	0.07974171445318763	65.6458337179348	0.23112854740843053	8.657566014821432	0.23112857995344452	0.07245335455368251	0.17804363322450484	755.8874198440267	122.0	6.195798523311694	-425.2557383825532
1.0	638.0	640.0	2.9303679075788276	0.05863549075103918	66.91299138030769	0.16726233148377068	7.239759291544708	0.16726244700487705	0.0955333988686274	0.1168486086520065	196.5738713570102	122.0	1.6112612406312312	-524.4792716881017
1.0	648.0	640.0	2.604764797117571	0.07749133983740739	68.86890447654328	0.19636286849213305	5.7161289189726725	0.1963628502948813	0.0894057990151974	0.13981790836801386	309.5228472363056	122.0	2.537072518330374	-484.3026617506028
2.0	658.0	640.0	2.8342173204864616	0.061390980740606706	70.69320409439509	0.16172820852487646	6.466482455812613	0.16175867021564191	0.06162360586137785	0.11698017280817187	451.15838257433455	119.0	3.791246912389366	-523.5276128686468
2.0	658.0	640.0	1.2331367787695524	0.07680374221010419	102.3504451318634	0.2971298261913695	4.131055578974125	0.2971713673193115	0.06162360586137785	0.11698017280817187	451.15838257433455	119.0	3.791246912389366	-523.5276128686468
2.0	668.0	640.0	3.3651279861603403	0.0835305394111771	72.55054043327036	0.20008730814843223	6.900973703345468	0.20420798557468167	0.05849257012268468	0.16243841716768778	981.6287712615556	119.0	8.248981271105508	-439.3895871281347
2.0	668.0	640.0	1.1319613369666708	0.07289341442833729	107.6728091042727	0.6816811556317467	9.13449764088835	0.7023226552466622	0.05849257012268468	0.16243841716768778	981.6287712615556	119.0	8.248981271105508	-439.3895871281347
2.0	678.0	640.0	2.9120027934929094	0.07107237665137824	72.96153217024029	0.2166354058770674	7.686737390777722	0.21711774988939966	0.06549415262400218	0.1446669887842556	635.6754387451798	119.0	5.34181040962336	-465.43994148575894
2.0	678.0	640.0	1.3898895312236401	0.06955802215332588	114.33179281721348	0.46376760093513947	8.025396906866584	0.4648343626913725	0.06549415262400218	0.1446669887842556	635.6754387451798	119.0	5.34181040962336	-465.43994148575894
3.0	688.0	640.0	1.21531744370252	0.09422032007324745	55.73008762631647	0.2116631325882242	2.322805740568516	0.22048638370987794	0.36105376468786626	0.0925552878390682	10.278139102961	116.0	0.08860464743931896	-547.4036967267996
3.0	688.0	640.0	2.3926844267519507	0.05156307295317347	73.16452919229184	0.20404973229075146	7.809306956654705	0.2252735627839227	0.36105376468786626	0.0925552878390682	10.278139102961	116.0	0.08860464743931896	-547.4036967267996
3.0	688.0	640.0	1.0407447545121782	0.05500992934439702	117.83246200370918	0.39431184859120927	6.460638023930345	0.39432978529131435	0.36105376468786626	0.0925552878390682	10.278139102961	116.0	0.08860464743931896	-547.4036967267996
2.0	698.0	640.0	1.4382185446322977	0.08549542681789483	55.53131054939076	0.41352850526423407	4.598242188425606	0.3923561546981773	0.07015556658062845	0.10677492668719937	425.7498318924176	119.0	3.577729679768215	-498.3558929301408
2.0	698.0	640.0	2.5891090966938632	0.06587776541910799	73.59692735828588	0.298575975393639	7.353245128869315	0.3183850894579375	0.07015556658062845	0.10677492668719937	425.7498318924176	119.0	3.577729679768215	-498.3558929301408
2.0	708.0	640.0	1.7581775323260342	0.09708475019988762	57.22843473449815	1.0167950700919204	7.643724232366521	0.6806226674209054	0.053717305404438975	0.10737789281016791	528.6496588222403	119.0	4.442434107749919	-538.041627178624
2.0	708.0	640.0	2.264363359614374	0.11072255816879857	74.92882616269918	0.7492241459970842	7.284563490970106	0.489125973199346	0.053717305404438975	0.10737789281016791	528.6496588222403	119.0	4.442434107749919	-538.041627178624
2.0	718.0	640.0	1.9486522897054894	0.0717794918563792	58.08184337466733	1.2925795141871876	10.91705981505266	0.9743113835941211	0.09128650230475192	0.12893385476884292	291.4395426820818	119.0	2.4490717872443852	-479.9113651271385
2.0	718.0	640.0	1.5651455792765052	0.2036000108498513	77.27143448258975	0.7790958785966486	6.503231376584034	0.6395920685150775	0.09128650230475192	0.12893385476884292	291.4395426820818	119.0	2.4490717872443852	-479.9113651271385
2.0	728.0	640.0	1.9880083870988536	0.09973292599661313	49.1440401974399	0.21955424053942288	4.101498975648603	0.24569722087418205	0.08782191823982177	0.11158997036150417	232.15562611704556	119.0	1.9508876144289542	-518.0124019372325
2.0	728.0	640.0	1.929063572384446	0.050626364875341945	69.12448433385542	0.4837130039179715	10.797456147722702	0.5124102357933316	0.08782191823982177	0.11158997036150417	232.15562611704556	119.0	1.9508876144289542	-518.0124019372325
2.0	738.0	640.0	1.731599655067079	0.10642468176007856	49.00946232307561	0.15250919573205954	2.516615247096395	0.19255920152891992	0.05711941376112792	0.10407820478759658	428.52473709584405	119.0	3.601048210889446	-548.936600592841
2.0	738.0	640.0	2.100663642132176	0.044045109911364996	64.92996139260633	0.3698622629503788	10.67151140084724	0.3706690318380472	0.05711941376112792	0.10407820478759658	428.52473709584405	119.0	3.601048210889446	-548.936600592841
2.0	748.0	640.0	1.4192611058878477	0.15841438714156236	48.69554754401539	0.27527594324950116	2.2516295177329395	0.311215496704782	0.06989913752702691	0.16006325647474473	668.1767248268662	119.0	5.614930460729968	-442.9337577939964
2.0	748.0	640.0	2.56140049662986	0.07736908026485055	64.19706389524836	0.34736819356711723	8.379088665718493	0.3852222343258463	0.06989913752702691	0.16006325647474473	668.1767248268662	119.0	5.614930460729968	-442.9337577939964
2.0	758.0	640.0	1.1351136426680062	0.17486808475985802	47.877322970962695	0.32456862531793174	1.9549613609628387	0.3702043082323457	0.08722265025690461	0.1669155164465114	468.2425851025714	119.0	3.934811639517407	-432.02684730951205
2.0	758.0	640.0	2.447676666945182	0.07219941825611839	64.57963551189685	0.4136512363604709	10.21261259237984	0.44235275142533087	0.08722265025690461	0.1669155164465114	468.2425851025714	119.0	3.934811639517407	-432.02684730951205
3.0	768.0	640.0	1.5300648471631058	0.07374476814973382	48.42122048925067	0.3344328305393664	3.73529229712456	0.3321874337778575	0.07132119681742896	0.1001483812027912	260.4835230882895	116.0	2.2455476128300815	-548.7969750541733
3.0	768.0	640.0	1.918116408179205	0.17100266478910844	58.89981032348199	0.2616142224467178	3.2114460652572454	0.33907910786982254	0.07132119681742896	0.1001483812027912	260.4835230882895	116.0	2.2455476128300815	-548.7969750541733
3.0	768.0	640.0	2.2669849399627755	0.057889868521057736	70.33014312839396	0.5168092159018969	6.941629434674245	0.43490848808194044	0.07132119681742896	0.1001483812027912	260.4835230882895	116.0	2.2455476128300815	-548.7969750541733
2.0	778.0	640.0	1.9402513476064325	0.060262577461002324	56.82579065663991	0.8483683133875844	8.503051435376472	0.6456652179525273	0.0656351783057355	0.10346824142671927	322.0105278852604	119.0	2.7059708225652135	-549.9151907439467
2.0	778.0	640.0	2.308987676844862	0.17217613272645457	71.72637672415391	0.33955406773222807	4.99379671306656	0.2846847850942592	0.0656351783057355	0.10346824142671927	322.0105278852604	119.0	2.7059708225652135	-549.9151907439467
2.0	788.0	640.0	1.8489945697039072	0.04936616735348158	53.806772730947166	0.43989100515922	7.41552089472426	0.4107828417184444	0.06513207760725058	0.0959435163505411	280.13542371270546	119.0	2.354079190863071	-569.2527368464688
2.0	788.0	640.0	3.140622701142042	0.06734059250978448	71.53202879419399	0.2094734642338724	5.480822565832569	0.1766745236711879	0.06513207760725058	0.0959435163505411	280.13542371270546	119.0	2.354079190863071	-569.2527368464688
2.0	798.0	640.0	1.8194804548276744	0.054013341138342205	51.069878711129476	0.23451210391409136	5.889842664313303	0.2494084682870504	0.06776448049597697	0.09591695117175796	255.69864617559583	119.0	2.148728119122654	-570.7566812438323
2.0	798.0	640.0	3.103234411488211	0.053497795016090144	71.88610310879353	0.13890575938838984	6.030029638989297	0.1485660557375452	0.06776448049597697	0.09591695117175796	255.69864617559583	119.0	2.148728119122654	-570.7566812438323
2.0	808.0	640.0	1.8460434446000562	0.06528103131250933	50.61382251378172	0.21044957957916796	4.878918167920537	0.21857614122546937	0.07281300488640413	0.1062176428504737	272.53687047392856	119.0	2.290225802301921	-544.8207893717527
2.0	808.0	640.0	2.4083881548268424	0.05740251860252533	72.69254371135636	0.18368327456244904	6.46797458224769	0.19669744191167451	0.07281300488640413	0.1062176428504737	272.53687047392856	119.0	2.290225802301921	-544.8207893717527
2.0	818.0	640.0	1.5311392725050232	0.061356789798094086	50.44362818901053	0.27822321371186626	5.450759931063033	0.29048193739898454	0.060140002866285264	0.09482374531847557	393.646911684219	119.0	3.307957241043857	-546.665573163197
2.0	818.0	640.0	2.224961965201597	0.055351342567221636	73.15844588317313	0.21282313151528065	6.910301659034598	0.23117863852985854	0.060140002866285264	0.09482374531847557	393.646911684219	119.0	3.307957241043857	-546.665573163197
2.0	828.0	640.0	1.0281801253907255	0.06065577734107822	47.977382466489615	0.6400532463925355	7.730896789148714	0.6858222451991942	0.04216076543385756	0.10292431309639855	1080.708237635213	119.0	9.081581828867336	-509.2221725240138
2.0	828.0	640.0	2.1305219814826497	0.06340379429379296	72.63343138997995	0.2943974153496341	6.921809811819386	0.3058426507455316	0.04216076543385756	0.10292431309639855	1080.708237635213	119.0	9.081581828867336	-509.2221725240138
3.0	138.0	650.0	1.3482548338114422	0.06476753040883017	26.749054683061363	0.21784957552820447	3.668978221138648	0.22477910311220914	0.07652261504440698	0.08458956714260422	178.95113855317538	116.0	1.5426822289066844	-578.1271399067135
3.0	138.0	650.0	0.8016719564560855	0.055767398159252274	45.479311650904094	0.9040901981173962	5.62172918875113	0.8985269036232065	0.07652261504440698	0.08458956714260422	178.95113855317538	116.0	1.5426822289066844	-578.1271399067135
3.0	138.0	650.0	0.6843550070985763	0.06200520626436746	60.42799503890297	1.042153964000165	5.184107832260881	0.8662608901107234	0.07652261504440698	0.08458956714260422	178.95113855317538	116.0	1.5426822289066844	-578.1271399067135
2.0	198.0	650.0	1.2789782456157899	0.06054215805416467	27.69330076065511	0.2692892469227734	4.926291828544314	0.26928909990998906	0.08948535579690199	0.09637269573543948	158.54613517521878	119.0	1.3323204636573007	-560.9917220454483
2.0	198.0	650.0	0.5785011271167377	0.0554376549868944	65.50629872530716	0.6501437076695182	5.875834613783827	0.6501447913219743	0.08948535579690199	0.09637269573543948	158.54613517521878	119.0	1.3323204636573007	-560.9917220454483
2.0	248.0	650.0	1.8564637967616715	0.07302282003613286	53.24530330287224	0.24831396969439679	5.267453602830097	0.2519539375114556	0.06804403576819985	0.11693171208958685	426.16855365124565	119.0	3.5812483500104677	-505.87303566625724
2.0	248.0	650.0	0.6307288692195461	0.05269870503122165	84.93989331874809	1.015774615446854	10.42701831584283	1.0739064216995233	0.06804403576819985	0.11693171208958685	426.16855365124565	119.0	3.5812483500104677	-505.87303566625724
2.0	258.0	650.0	2.787097599411901	0.06385744660948939	54.88351818993814	0.14691760638935664	5.553223632813654	0.1469176323148298	0.06400047182344788	0.10372955956941764	388.6892072679402	119.0	3.2662958593944555	-532.696049702243
2.0	258.0	650.0	1.2983433318883015	0.08191039153698387	87.79551558342092	0.24588682419014812	3.374720521709052	0.24588559550026545	0.06400047182344788	0.10372955956941764	388.6892072679402	119.0	3.2662958593944555	-532.696049702243
2.0	268.0	650.0	2.7237511732840853	0.0509940758370557	55.88909014425654	0.15447308160499945	7.14657420527451	0.1546282986165104	0.07102350722182652	0.10189853484550274	258.86634468209485	119.0	2.175347434303318	-557.4744594321413
2.0	268.0	650.0	1.3753212568685775	0.06621351071149392	87.57591493193335	0.23561439004672718	4.237258874653271	0.2357711256770659	0.07102350722182652	0.10189853484550274	258.86634468209485	119.0	2.175347434303318	-557.4744594321413
2.0	278.0	650.0	2.0366098404292203	0.04951666847646026	57.09071781708914	0.24268616731621598	8.649293838648354	0.2466572375884339	0.0668187945123451	0.10820140085943215	330.89493332946734	119.0	2.7806296918442635	-542.0449606374713
2.0	278.0	650.0	1.6800996941777124	0.07018501792244974	87.21590745900072	0.2074799125495448	4.270287599982459	0.2087898065331649	0.0668187945123451	0.10820140085943215	330.89493332946734	119.0	2.7806296918442635	-542.0449606374713
3.0	288.0	650.0	0.24696979172383574	0.04321674091298382	21.021266699394374	4.387158468809531	14.852783789163231	4.6082465733200255	0.07084467488650871	0.11547468953953793	353.7525146434598	116.0	3.0495906434781017	-512.215674102905
3.0	288.0	650.0	1.929937739223227	0.05895177025766217	56.2332262388232	0.4128139806020063	9.028765371412064	0.40390866110605506	0.07084467488650871	0.11547468953953793	353.7525146434598	116.0	3.0495906434781017	-512.215674102905
3.0	288.0	650.0	1.4071587349884889	0.07527838113241084	86.42928296950849	0.2877162215117647	4.577896508279801	0.29096243267482846	0.07084467488650871	0.11547468953953793	353.7525146434598	116.0	3.0495906434781017	-512.215674102905
3.0	298.0	650.0	0.27244617193403975	0.03801289463485191	27.86017304107775	3.589617743174897	11.82277341987493	3.4117913361775214	0.05784973306318628	0.09349731235006012	327.29367628273667	116.0	2.8214972093339368	-572.5933771252079
3.0	298.0	650.0	2.260234442058506	0.05549963431537707	55.052214739549235	0.3216092035884537	8.006506317504687	0.29518700918497753	0.05784973306318628	0.09349731235006012	327.29367628273667	116.0	2.8214972093339368	-572.5933771252079
3.0	298.0	650.0	0.7296009286386128	0.056401103202519454	82.942249813422	0.46371338991941397	5.0512058793162495	0.4741344896354761	0.05784973306318628	0.09349731235006012	327.29367628273667	116.0	2.8214972093339368	-572.5933771252079
3.0	308.0	650.0	1.0704087079566618	0.09604839037443606	49.40256416241616	1.5144689858657454	11.159141770417126	0.7902939811003558	0.06928032701282623	0.0998898385740857	260.08130943914654	116.0	2.242080253785746	-556.2482845734685
3.0	308.0	650.0	2.1144194700785928	0.15666780413245596	57.858670753996535	0.19660675765380434	4.0184065613905045	0.29664946866742525	0.06928032701282623	0.0998898385740857	260.08130943914654	116.0	2.242080253785746	-556.2482845734685
3.0	308.0	650.0	0.5620333774558166	0.06708862623236629	79.29754548189136	0.6898513657734611	4.202769826044744	0.7099385117078093	0.06928032701282623	0.0998898385740857	260.08130943914654	116.0	2.242080253785746	-556.2482845734685
3.0	318.0	650.0	0.7741413836774296	0.05728890660340249	50.5489466998001	1.0746739044949714	15.264584529724338	0.9398285879477968	0.06446357032347771	0.09834182032120133	294.2066093547497	116.0	2.536263873747842	-558.8524695744024
3.0	318.0	650.0	2.5742206220258197	0.08626261507713975	57.89054992281635	0.12031488808806806	3.4537325588547025	0.14568807973222403	0.06446357032347771	0.09834182032120133	294.2066093547497	116.0	2.536263873747842	-558.8524695744024
3.0	318.0	650.0	0.31833613788487986	0.1014024770440735	80.42303010912869	0.6550151496219007	1.8012882340047143	0.6862034168294855	0.06446357032347771	0.09834182032120133	294.2066093547497	116.0	2.536263873747842	-558.8524695744024
1.0	328.0	650.0	2.746216900480561	0.08830953975753492	58.812514736187126	0.2123206590232865	5.717355520730479	0.21232031236540666	0.05475543498036114	0.14176339130937668	1072.0278847718735	122.0	8.78711380960552	-451.5954595531448
1.0	338.0	650.0	2.730283797134248	0.09314187923974279	61.23576461734172	0.2146286765755868	5.448002686491258	0.21462837527382564	0.11208247593517749	0.13534118416584032	271.20308111482365	122.0	2.2229760747116694	-444.31079913532477
1.0	348.0	650.0	2.85919601672936	0.0920616262579655	61.86613414374912	0.2048721938039512	5.5100591519940085	0.20487204645464643	0.08240622228591755	0.14350266432061184	495.70370331680067	122.0	4.063145109154104	-445.8155031123295
1.0	358.0	650.0	3.1521525378353736	0.053914504420095474	62.13000561727761	0.12616480265133004	6.387867548649835	0.12616475810363553	0.06535643381674507	0.09717846124042406	313.33842488307806	122.0	2.568347744943263	-561.103585673008
1.0	368.0	650.0	3.7051626945394673	0.04179899368879286	63.66256891258323	0.09801098342228226	7.523947025740483	0.0980109814116691	0.07126101937726446	0.08426895939750122	186.58965980952198	122.0	1.5294234410616556	-604.2766864778667
1.0	378.0	650.0	4.389610581845263	0.046658729060910016	64.98825000410109	0.10679861641394453	8.701042166118206	0.10679858849063523	0.06789420818552254	0.10441792917404215	296.2082393208709	122.0	2.427936387875991	-558.6075141978769
1.0	388.0	650.0	4.655073040015251	0.05606946175212356	66.55967453296672	0.14599525944834382	10.497642397263318	0.14599529566300987	0.07045435103598478	0.1336182775678874	479.211866898925	122.0	3.927966122122336	-489.2189363335904
2.0	398.0	650.0	2.078067001671365	0.12403558627404893	55.9725391771253	0.15876043181795835	3.927114691970159	0.23414777881568974	0.05305714474944371	0.08655531297472073	394.9909987917693	119.0	3.319252090687137	-577.5659165228183
2.0	398.0	650.0	4.171280760005123	0.041432728458689234	71.18571532331224	0.2852138939059374	10.50532973083537	0.23924402940515035	0.05305714474944371	0.08655531297472073	394.9909987917693	119.0	3.319252090687137	-577.5659165228183
2.0	408.0	650.0	3.4992873880224913	0.12001979125826921	56.300259982071125	0.24921599344711282	4.8396441568371324	0.2144997878087574	0.36105376468786626	0.11292196126143834	21.008839700212274	119.0	0.17654487143035524	-464.89154161992394
2.0	408.0	650.0	3.8972383074183954	0.07405937683048677	72.99546989207259	0.3195456002463584	7.625590861159871	0.30325982358889203	0.36105376468786626	0.11292196126143834	21.008839700212274	119.0	0.17654487143035524	-464.89154161992394
2.0	418.0	650.0	4.007005223309114	0.055584210844885414	59.59231140056028	0.180694094158306	5.534420339414634	0.15231664102730363	0.08110459312745129	0.0879012035417096	149.6000756346433	119.0	1.257143492728095	-592.8355773929582
2.0	418.0	650.0	2.949211501918673	0.057797926276580446	74.4034706913719	0.24044531228624005	5.373211367777167	0.19999369071792458	0.08110459312745129	0.0879012035417096	149.6000756346433	119.0	1.257143492728095	-592.8355773929582
2.0	428.0	650.0	2.8334225000510944	0.12960369873860478	60.66301249382173	0.14190916337855414	3.383609775490865	0.18445917984017823	0.06604744653418906	0.11173950002790929	455.61666059025157	119.0	3.828711433531526	-504.9663549228551
2.0	428.0	650.0	2.1244274574583546	0.07648961052600843	70.19998760265186	0.5727826350955384	11.281197308201984	0.3563660880978215	0.06604744653418906	0.11173950002790929	455.61666059025157	119.0	3.828711433531526	-504.9663549228551
2.0	438.0	650.0	3.3329843682946034	0.14662303073336058	61.31562870287219	0.295230482432072	5.20102038048052	0.31577987838322374	0.36105376468786626	0.1467542218461377	58.456318605450974	119.0	0.4912295681130334	-336.9744794247595
2.0	438.0	650.0	1.8861725882351346	0.14670400804638412	79.99440314993682	0.5214237591886749	5.193213610571292	0.5575643704766902	0.36105376468786626	0.1467542218461377	58.456318605450974	119.0	0.4912295681130334	-336.9744794247595
1.0	458.0	650.0	2.490880954733539	0.17168590908995085	63.287829950198294	0.7789020342656464	9.784838711076011	0.7789013026503094	0.36105376468786626	0.26936751224235056	159.49416534941085	122.0	1.3073292241754988	-218.2203993498053
2.0	468.0	650.0	0.5632453434082952	0.2894460051654511	-22.686598659037273	1.2612845575174476	2.1247212903203976	1.263474893683266	0.12786100802278205	0.31302081421147415	765.1308313206175	119.0	6.429670851433761	-275.02436765716885
2.0	468.0	650.0	5.128617050438773	0.14469593855174112	66.13299128139627	0.2768372914634657	8.497624840257037	0.27683728462800516	0.12786100802278205	0.31302081421147415	765.1308313206175	119.0	6.429670851433761	-275.02436765716885
1.0	478.0	650.0	7.591103429995458	0.24291991591272988	66.44538874742159	0.31821902959372095	8.611113437522318	0.31821884087932145	0.3525365890715963	0.4570505989380129	294.7249048954619	122.0	2.415777908979196	-147.43413355962096
1.0	488.0	650.0	8.475864692539396	0.14075880194178053	65.88299183946698	0.176518758130707	9.20525809934307	0.1765187717798528	0.24441143391599143	0.27821765834468565	220.06630721613533	122.0	1.8038221902961913	-275.52367228097535
1.0	498.0	650.0	8.94020595606269	0.10083147391152464	67.08705201717177	0.10852721310083645	8.333180287024764	0.10852719638936366	0.12299427862803101	0.2164371024105976	403.6949429704254	122.0	3.3089749423805364	-371.3611395056877
1.0	508.0	650.0	10.014895907856049	0.13110318592260037	69.11325253768777	0.10554713032786538	6.982346125693044	0.1055471102211632	0.06317873269414169	0.25288567492786085	2167.232374519824	122.0	17.7641997911461	-327.83532414549234
1.0	518.0	650.0	9.857793102501425	0.14167901503383054	69.4294062672804	0.11568788714299189	6.9708280698304845	0.11568786693867775	0.36105376468786626	0.22972483553737397	77.3696682176918	122.0	0.6341776083417361	-308.6469643969855
1.0	528.0	650.0	7.578929814077788	0.15871681916852445	68.76241139772081	0.18457429581730636	7.632760828500723	0.18457427443003396	0.36105376468786626	0.23781463673507333	106.31651487448062	122.0	0.8714468432334477	-268.9187376488097
1.0	538.0	650.0	5.623015525774356	0.12436325514785597	68.72360388408542	0.22225236897946143	8.702932839454474	0.22225240799446852	0.36105376468786626	0.19067250651743375	74.42381523875686	122.0	0.6100312724488267	-313.4993184448565
1.0	548.0	650.0	5.067451651354049	0.07689944979946478	67.84721409503832	0.17121431147139068	9.770671650467031	0.17121428564896535	0.0482855359753925	0.1772037304274096	1786.3177995169863	122.0	14.64194917636874	-419.2060628991335
2.0	558.0	650.0	4.518220573688937	0.12456268213181604	58.67541324042171	0.2027682832016429	4.5811122981753645	0.15367844396568905	0.07575920799987092	0.12105614132086358	319.1798250927882	119.0	2.6821834041410773	-515.1568414398372
2.0	558.0	650.0	4.798139265595998	0.0709213484813854	72.41786067506403	0.25735082794949177	6.322667639304273	0.21433377165653272	0.07575920799987092	0.12105614132086358	319.1798250927882	119.0	2.6821834041410773	-515.1568414398372
2.0	568.0	650.0	5.712499908688849	0.07829982298411457	59.94269845207939	0.1582050987286905	5.77949915242921	0.15348258739339324	0.07942148782476924	0.128088145551864	375.7969569222152	119.0	3.1579576211950857	-482.94280904410795
2.0	568.0	650.0	4.603878585083184	0.0934204894664388	74.81478047496945	0.1702662761196368	4.55939559289464	0.1513796356905238	0.07942148782476924	0.128088145551864	375.7969569222152	119.0	3.1579576211950857	-482.94280904410795
2.0	578.0	650.0	5.822589895852363	0.05893722363631953	61.628811711779925	0.13127782342903097	6.571442196434309	0.12977805369252524	0.08166211812131151	0.10749551419738737	226.53147978311077	119.0	1.9036258805303425	-539.2581266816414
2.0	578.0	650.0	3.8906624126928846	0.0816172211073179	77.08866303627812	0.15068211096618048	4.409012304204625	0.1332420670729559	0.08166211812131151	0.10749551419738737	226.53147978311077	119.0	1.9036258805303425	-539.2581266816414
2.0	588.0	650.0	5.215908682669818	0.08501213025108559	62.360010778398276	0.3161655253202411	6.92793655122157	0.2621748230135163	0.14815714903186222	0.1168087025434684	130.3069783874651	119.0	1.0950166251047488	-459.46116057114233
2.0	588.0	650.0	4.232114758814069	0.16064148605580258	76.99458603068392	0.27514601271259703	4.8421588112155876	0.20889982803687346	0.14815714903186222	0.1168087025434684	130.3069783874651	119.0	1.0950166251047488	-459.46116057114233
2.0	598.0	650.0	4.508861119397521	0.07203990204198417	61.191417299812336	0.3090928201372223	6.885604464059317	0.2546430228830008	0.06837851418436433	0.12550279628710984	430.4405405002617	119.0	3.6171473991618632	-503.40035908085554
2.0	598.0	650.0	5.365906881467977	0.13348277482963897	75.85979652754177	0.1869704773348333	4.900841209887907	0.1406899450912176	0.06837851418436433	0.12550279628710984	430.4405405002617	119.0	3.6171473991618632	-503.40035908085554
2.0	608.0	650.0	4.642343754230765	0.10200797619625022	60.649365467680894	0.2678453975843515	5.62194199260077	0.24543037636866702	0.10570860958507232	0.17036600327245663	343.323628398338	119.0	2.8850725075490584	-422.76039618535594
2.0	608.0	650.0	5.206175711045392	0.11289237010661864	75.68810455818661	0.22257260719215954	5.019001452650013	0.1944747358825584	0.10570860958507232	0.17036600327245663	343.323628398338	119.0	2.8850725075490584	-422.76039618535594
2.0	618.0	650.0	4.545005738446233	0.10920961377373575	60.967514642513265	0.22778028117241045	4.865853059457852	0.210385441899663	0.1108290988883931	0.1695989253053637	310.85618315790975	119.0	2.612236833259746	-423.3525347506191
2.0	618.0	650.0	4.222940650196631	0.10463352615973119	75.68636115873582	0.2541649680687482	5.192989323023928	0.24109592262015622	0.1108290988883931	0.1695989253053637	310.85618315790975	119.0	2.612236833259746	-423.3525347506191
2.0	628.0	650.0	3.660945318494915	0.08342548378165392	61.930883928980364	0.40647358054033605	6.434435532820598	0.3347936095907284	0.0769742620971922	0.1404660112657365	424.87975413967916	119.0	3.5704181020141106	-475.4226209448666
2.0	628.0	650.0	3.2993550310305593	0.14298598800020618	76.0523445856497	0.34239554454282384	4.7756388534750585	0.2566412066830482	0.0769742620971922	0.1404660112657365	424.87975413967916	119.0	3.5704181020141106	-475.4226209448666
1.0	638.0	650.0	3.682177350338124	0.06097175889480079	68.61307836007866	0.17177034257394574	8.98351531379166	0.17177032076143073	0.06475900706220343	0.13821618357037976	574.0141011030225	122.0	4.705033615598546	-487.7280925801007
2.0	648.0	650.0	3.6637056486464976	0.05313949367366001	69.73668879849691	0.11602866189480744	6.928347667315801	0.11608871062819483	0.05520962650737707	0.10390632889975221	451.13323507277744	119.0	3.7910355888468694	-551.011500004348
2.0	648.0	650.0	0.4854437215061666	0.060600812622249436	104.61031023572136	0.7678610030857702	5.326994245713796	0.7681963068344783	0.05520962650737707	0.10390632889975221	451.13323507277744	119.0	3.7910355888468694	-551.011500004348
2.0	658.0	650.0	3.441678514437744	0.057771459760438834	70.96870545063277	0.1340548383972814	6.9179243450534695	0.13434936591980964	0.06291598672525484	0.11340559072369712	409.5738979260382	119.0	3.4417974615633464	-530.4264311638124
2.0	658.0	650.0	1.119620676630906	0.06967436202741294	102.02578288555992	0.34170403388104514	4.753093961116186	0.3422569822584959	0.06291598672525484	0.11340559072369712	409.5738979260382	119.0	3.4417974615633464	-530.4264311638124
2.0	668.0	650.0	3.3340027791607514	0.07804383743536818	73.07119750150292	0.2006659043304695	7.295657295185469	0.20669218557757796	0.054837183360395836	0.14784830518942552	1026.44810284597	119.0	8.62561430963	-449.94158969385353
2.0	668.0	650.0	1.4106771793547717	0.07123337898294413	107.1681890660296	0.5196270603224812	8.830403813878013	0.5404758605424236	0.054837183360395836	0.14784830518942552	1026.44810284597	119.0	8.62561430963	-449.94158969385353
3.0	678.0	650.0	0.3575201246613764	0.055328096651605395	48.01699749806633	10.806534984578901	22.97357703813294	8.056478706807013	0.1191601429251764	0.15232235359253582	226.11038428962527	116.0	1.9492274507726317	-438.16782443470015
3.0	678.0	650.0	2.6825362865418514	0.18486572801257686	74.885503063294	0.2743574185202583	7.427197458881784	0.4994295112326671	0.1191601429251764	0.15232235359253582	226.11038428962527	116.0	1.9492274507726317	-438.16782443470015
3.0	678.0	650.0	1.5300291918199138	0.07927865317369422	111.9726772737449	0.5399539207485776	8.050948240953204	0.5414533774642418	0.1191601429251764	0.15232235359253582	226.11038428962527	116.0	1.9492274507726317	-438.16782443470015
2.0	688.0	650.0	1.2678029945662548	0.20720861223211925	65.48709204786432	3.0268021126475078	13.201330713223424	1.4265765196590532	0.36105376468786626	0.18955604173918705	45.09686437067029	119.0	0.3789652468123554	-369.40786278452623
2.0	688.0	650.0	1.5055173897397653	0.32252929454463214	76.98362113802217	0.7064558082020553	5.637046549740984	1.0516324381742634	0.36105376468786626	0.18955604173918705	45.09686437067029	119.0	0.3789652468123554	-369.40786278452623
2.0	698.0	650.0	1.4474709017263758	0.07716754246704863	54.200490836311836	0.2940112991186989	4.12337452804449	0.2917388805840389	0.04430080963947685	0.10028682312760735	783.6838408296413	119.0	6.585578494366734	-537.0147248627812
2.0	698.0	650.0	2.4884269708042654	0.05366934923534511	73.34688465187467	0.2516598596493107	8.213841026278626	0.27789941031561927	0.04430080963947685	0.10028682312760735	783.6838408296413	119.0	6.585578494366734	-537.0147248627812
2.0	708.0	650.0	1.7726237352078986	0.0690338319680887	57.12851031356562	0.9500866712861172	8.544228216955378	0.7126865816150855	0.06688986908786358	0.11532556088697093	372.9359903157684	119.0	3.133915885006457	-526.8284423527357
2.0	708.0	650.0	2.117197038245834	0.11288274671700425	75.91167254415657	0.6401910003362801	6.902860937734046	0.4417008217816976	0.06688986908786358	0.11532556088697093	372.9359903157684	119.0	3.133915885006457	-526.8284423527357
2.0	718.0	650.0	1.8620457958917769	0.06482979034988821	55.649588073568914	0.8731998694366605	9.261637025201154	0.7289752124564379	0.07376063350679835	0.1331893180128105	413.72237155423403	119.0	3.4766585844893614	-489.4104869139079
2.0	718.0	650.0	1.5616876223214162	0.10507579361887165	76.4045829386393	0.8121848859668009	6.990974084068529	0.6167621463236587	0.07376063350679835	0.1331893180128105	413.72237155423403	119.0	3.4766585844893614	-489.4104869139079
2.0	728.0	650.0	2.221679645237517	0.0668464901328598	52.48518705355123	0.37478010312034005	6.899705652969936	0.3667568600327406	0.06583991995135641	0.1265561807617117	484.3227404992927	119.0	4.069938995792375	-498.115649397822
2.0	728.0	650.0	1.4984297827229844	0.06764131379445577	73.13187222551936	0.5492613682860406	6.741557645255627	0.5326979938966822	0.06583991995135641	0.1265561807617117	484.3227404992927	119.0	4.069938995792375	-498.115649397822
2.0	738.0	650.0	1.3857859103822787	0.12022602215400859	49.53291589004543	0.1853788745820321	2.0029206448812222	0.217722839207133	0.063575382126087	0.11583185834933139	415.61912925958933	119.0	3.4925977248704987	-525.9884312428115
2.0	738.0	650.0	2.0299857544362263	0.04712640732048449	61.82942750544348	0.40607724817423474	11.721294863491234	0.33874179921538594	0.063575382126087	0.11583185834933139	415.61912925958933	119.0	3.4925977248704987	-525.9884312428115
1.0	748.0	650.0	2.7012954531788487	0.0680928578617685	62.00292814147861	0.2836268089153804	9.743853189317381	0.2836267463690186	0.06019262677855574	0.15960289622678342	898.8196979735079	122.0	7.367374573553343	-449.9552634041201
1.0	758.0	650.0	2.885491808422533	0.08449432383524182	62.677171987800435	0.2958486087490147	8.748960000747633	0.2958484537468794	0.08473924649910178	0.18858291897306065	627.0177604625875	122.0	5.139489839857275	-409.46146530636736
1.0	768.0	650.0	2.6499073389498644	0.07452155078089545	62.679542931488406	0.31676012849078133	9.754516552844656	0.31676011367389306	0.07849279431267892	0.17480042552621297	633.7620764407994	122.0	5.194771118367209	-427.267128531849
1.0	778.0	650.0	2.8028429524223526	0.0577621193543815	63.11262214240875	0.23734768321280722	9.974354159898589	0.23734772080921118	0.06680144218319964	0.13835514621652806	537.53137006938	122.0	4.405994836634263	-488.1734792864023
2.0	788.0	650.0	2.618325190357746	0.06276265207341777	63.106259306399416	0.34488320306378106	10.346454935347323	0.23766494744420955	0.07170030618384622	0.11389430903436354	318.6572359907689	119.0	2.677791899082092	-529.127914294027
2.0	788.0	650.0	0.9778431884840044	0.11710034191642352	71.8021583724013	0.3106470959302161	2.5733182989845456	0.3845844228258975	0.07170030618384622	0.11389430903436354	318.6572359907689	119.0	2.677791899082092	-529.127914294027
2.0	798.0	650.0	1.2594207374640234	0.07393662722103744	53.18524107134316	0.9158691050916247	7.004687959275897	0.7056757613759213	0.06639300033222441	0.11087723121801005	353.7885216832346	119.0	2.9730127872540724	-535.280846660167
2.0	798.0	650.0	2.4974636536773342	0.06320420186657916	72.30021833188664	0.49562249589532964	7.6482029597991215	0.3974517418954174	0.06639300033222441	0.11087723121801005	353.7885216832346	119.0	2.9730127872540724	-535.280846660167
2.0	808.0	650.0	1.0488388017701535	0.0629444002137538	50.67099724591189	0.37047945955614653	5.00732653050736	0.38177210917678406	0.0684151803273322	0.10490588765601104	296.0900636197295	119.0	2.4881517951237773	-550.0345292191951
2.0	808.0	650.0	2.3094008854536145	0.05252881499562414	74.53703088562946	0.20215685479708514	7.444457060055557	0.2179129849087547	0.0684151803273322	0.10490588765601104	296.0900636197295	119.0	2.4881517951237773	-550.0345292191951
2.0	818.0	650.0	0.8339548723686817	0.06615208001923492	49.61281352128653	0.5183120818684324	5.420276459095222	0.5389226202972763	0.06180740374044739	0.11274878896623158	430.52295064360294	119.0	3.6178399213748147	-528.6353035174114
2.0	818.0	650.0	1.9643337809597436	0.05929263386101483	73.9581063252627	0.24572103061977463	6.8704836221422045	0.261330274699541	0.06180740374044739	0.11274878896623158	430.52295064360294	119.0	3.6178399213748147	-528.6353035174114
3.0	248.0	660.0	1.3626746293612586	0.08108398888830243	53.01687530021762	0.5695285468607212	6.691576637804086	0.562534484864987	0.14492004335620692	0.11708174877362347	138.1086460326322	116.0	1.190591776143381	-450.86219502965554
3.0	248.0	660.0	0.7216102047287907	0.09240047145973522	82.90327589833437	1.727819280350984	11.390226028286245	1.6569682248677209	0.14492004335620692	0.11708174877362347	138.1086460326322	116.0	1.190591776143381	-450.86219502965554
3.0	248.0	660.0	0.6687245132571701	0.1647231936962563	89.08104884866398	0.5156635323428899	1.9726558544881465	0.6193685447892935	0.14492004335620692	0.11708174877362347	138.1086460326322	116.0	1.190591776143381	-450.86219502965554
2.0	258.0	660.0	2.8200919856747313	0.0987079619821693	54.04586043703736	0.2863383960900448	6.571437014270433	0.29566443500108486	0.36105376468786626	0.16550199825501738	34.288421987329194	119.0	0.2881379998935226	-403.65848430247377
2.0	258.0	660.0	0.9885674701973971	0.08356250301096688	84.44551550873652	0.9677117758857086	9.510769291828597	1.0474790969114292	0.36105376468786626	0.16550199825501738	34.288421987329194	119.0	0.2881379998935226	-403.65848430247377
2.0	268.0	660.0	3.0599988932168865	0.0642109513513975	54.6798185129703	0.2634500599562192	8.910442448213184	0.2782239430258697	0.06318400736817112	0.13560770467673455	629.1873232784646	119.0	5.287288430911468	-475.6997392597193
2.0	268.0	660.0	0.7524742478387269	0.06393714019430696	84.99315652883423	1.076207118793178	9.009352836548873	1.139966412345278	0.06318400736817112	0.13560770467673455	629.1873232784646	119.0	5.287288430911468	-475.6997392597193
2.0	278.0	660.0	2.561425262295521	0.054987158525767556	55.35801983205692	0.26212833829471816	10.336510719379058	0.28171630285476906	0.06349348995488087	0.1297898851305173	523.355327630059	119.0	4.397943929664362	-497.4992479259555
2.0	278.0	660.0	0.8381031275499009	0.07262169095928786	86.34546709187673	0.6040272489828286	5.699253017261132	0.6152413104142125	0.06349348995488087	0.1297898851305173	523.355327630059	119.0	4.397943929664362	-497.4992479259555
2.0	288.0	660.0	2.252535445101722	0.07116458094460289	54.079678586630706	0.36488109894554105	9.763879207743333	0.3915411653733606	0.0646871346124421	0.1615629773787134	798.9465522688981	119.0	6.713836573688219	-439.9638324853933
2.0	288.0	660.0	0.9967905540067146	0.08930400103096668	84.68927121668177	0.6552323986843341	5.98281975336111	0.6709973768278253	0.0646871346124421	0.1615629773787134	798.9465522688981	119.0	6.713836573688219	-439.9638324853933
2.0	298.0	660.0	2.2842184759342823	0.06380002368855385	54.330292993075155	0.31505175462070917	8.930985941863675	0.34428223131029334	0.06424914776706252	0.13820616509250033	589.15948577907	119.0	4.950920048563614	-479.7369425589933
2.0	298.0	660.0	0.7271482109738933	0.07180255319531058	82.457189194578	0.875302010521427	6.777418707918325	0.9075493039650323	0.06424914776706252	0.13820616509250033	589.15948577907	119.0	4.950920048563614	-479.7369425589933
2.0	308.0	660.0	2.293274445449249	0.07507148833852266	56.132621566896674	0.29222107257194546	7.652154823135433	0.3092308781849813	0.06790074095531637	0.15246954455147174	637.1035162518491	119.0	5.3538110609399086	-456.1379172304838
2.0	308.0	660.0	0.7957706486597242	0.10533536682642605	79.12121490460167	0.5980055525482333	3.769620789767819	0.6064086519068412	0.06790074095531637	0.15246954455147174	637.1035162518491	119.0	5.3538110609399086	-456.1379172304838
2.0	318.0	660.0	2.3159060012625763	0.08837026515801577	56.890434386731094	0.2853724092514958	6.48188381233887	0.289622700284499	0.06664027808857227	0.16105413074146918	794.6191542797063	119.0	6.677471884703414	-433.20601120810863
2.0	318.0	660.0	0.7339455170568421	0.13036541878477903	79.0832630894785	0.6101417656016779	2.955088978326764	0.6132734044403517	0.06664027808857227	0.16105413074146918	794.6191542797063	119.0	6.677471884703414	-433.20601120810863
2.0	328.0	660.0	2.2288715660833724	0.07879377174310156	56.70599095499699	0.28757782429558415	7.006601401618658	0.3011982369613382	0.07687960266951918	0.14462149234412755	504.2197170200119	119.0	4.2371404791597636	-454.329508444157
2.0	328.0	660.0	0.5510408290820558	0.1121895939583392	78.22814503944142	0.8148212069504662	3.3711103612936473	0.8248720686176338	0.07687960266951918	0.14462149234412755	504.2197170200119	119.0	4.2371404791597636	-454.329508444157
1.0	338.0	660.0	1.9081286782052362	0.08368375154158521	59.65131897529239	0.42962567094160886	8.482380595524317	0.4296252066639329	0.10159170437383623	0.15886462276793448	414.90002811662873	122.0	3.4008199025953174	-415.7328670333058
1.0	348.0	660.0	2.3548276365422747	0.09021416869077702	61.67275817534047	0.30701837709567475	6.939427071515356	0.3070180076908435	0.08885137946959568	0.1593339435584168	515.6980112049613	122.0	4.227032878729191	-422.0465987627408
1.0	358.0	660.0	3.1148085972139294	0.06853853970301656	62.38097903102108	0.1673896016560971	6.587724293117267	0.167389520809799	0.06525062322693834	0.12456160174087062	523.917337104114	122.0	4.294404402492738	-497.2523977440331
1.0	368.0	660.0	3.7505480793639516	0.05709881968542909	63.31607482786268	0.12243440042432775	6.965068469156073	0.12243446307275462	0.07229238090179395	0.11428767854270513	313.17874064044327	122.0	2.5670388577085514	-535.9515909462892
1.0	378.0	660.0	4.120692251740963	0.061059098443648416	65.59581311379412	0.14020211790121012	8.19449528197849	0.14020215591769541	0.08347969925888467	0.1277508512868732	315.98267395182154	122.0	2.5900219176378814	-498.8662441437487
1.0	388.0	660.0	4.494621532508722	0.07187138506569286	67.45464262366298	0.17630313417775792	9.5487883441188	0.17630317804022214	0.07749975699601015	0.1641438231987407	591.9151472657198	122.0	4.851763502178032	-438.98892516737277
2.0	398.0	660.0	2.058294652865158	0.16733299429282278	57.09394282221666	0.1922168567555089	2.9664171152288956	0.27734648232457243	0.36105376468786626	0.10501818355372133	19.28558149704955	119.0	0.16206371005923992	-475.58973452466637
2.0	398.0	660.0	4.241501594017594	0.06283694458822763	70.43244358686574	0.3235977191620345	9.787154478209551	0.2793947783552165	0.36105376468786626	0.10501818355372133	19.28558149704955	119.0	0.16206371005923992	-475.58973452466637
2.0	408.0	660.0	3.6254223074474243	0.2046415970624643	56.619745039081124	0.21047684543747575	3.666382984888	0.22692805764283386	0.36105376468786626	0.109478225004401	36.53850627704371	119.0	0.3070462712356614	-395.71361865273275
2.0	408.0	660.0	4.062193319774514	0.09406535949384791	71.63025077686329	0.40742935131585206	8.264966800806523	0.39914343616040643	0.36105376468786626	0.109478225004401	36.53850627704371	119.0	0.3070462712356614	-395.71361865273275
2.0	418.0	660.0	4.256415035660953	0.13207156065844194	58.397478047139025	0.20395483723170565	4.50071315874108	0.1677130525490793	0.36105376468786626	0.11497870727176462	18.348723791027595	119.0	0.15419095622712264	-481.81444953868265
2.0	418.0	660.0	3.71959269189162	0.07361461214576863	73.128124261199	0.3414834305472635	6.933442792255988	0.30635805431904184	0.36105376468786626	0.11497870727176462	18.348723791027595	119.0	0.15419095622712264	-481.81444953868265
2.0	428.0	660.0	4.49910783166936	0.09668031404406584	61.79399495284664	0.2020057579993445	5.364105182954925	0.2002949591625619	0.36105376468786626	0.13344853603791515	26.254668515508293	119.0	0.2206274665168764	-437.02897484802713
2.0	428.0	660.0	3.0479535219497884	0.09804744440910607	77.97797947034191	0.2939426606530905	5.209764083744684	0.28823594351029475	0.36105376468786626	0.13344853603791515	26.254668515508293	119.0	0.2206274665168764	-437.02897484802713
2.0	438.0	660.0	3.87084204189819	0.11937195484841885	62.510434261939935	0.22289761152162313	6.098462519660332	0.24040844525338753	0.36105376468786626	0.13061098247796885	44.900812480976164	119.0	0.37731775194097616	-369.952466286175
2.0	438.0	660.0	3.159265308451128	0.15840900291529106	80.52732855017085	0.20479581993074794	3.322434764404097	0.20846468019996972	0.36105376468786626	0.13061098247796885	44.900812480976164	119.0	0.37731775194097616	-369.952466286175
2.0	448.0	660.0	3.5702182740640978	0.11900410707006351	62.65942180696129	0.2497388131968648	6.411337404250325	0.26517132984042857	0.36105376468786626	0.13151136657125356	47.34418149504482	119.0	0.3978502646642422	-363.3289613787007
2.0	448.0	660.0	2.515561430678652	0.16707184053513519	81.71297449990311	0.2514884499641303	3.147018813254615	0.2550642603368998	0.36105376468786626	0.13151136657125356	47.34418149504482	119.0	0.3978502646642422	-363.3289613787007
2.0	458.0	660.0	3.807719363221667	0.1511167411908164	61.76231821218275	0.33741322221261266	7.357674806755224	0.3483429529464375	0.36105376468786626	0.2073089997559602	88.99386689453281	119.0	0.7478476209624606	-284.4385205197884
2.0	458.0	660.0	2.4263225325796944	0.2566949405412673	83.10562900127313	0.31065732893241377	2.5062143041444425	0.3128751641427157	0.36105376468786626	0.2073089997559602	88.99386689453281	119.0	0.7478476209624606	-284.4385205197884
1.0	468.0	660.0	4.651883071417572	0.1770569609928086	61.537099159518796	0.3851885678508959	8.763970216155554	0.385188463281623	0.145377731580401	0.3673656876578112	937.038098683726	122.0	7.680640153145296	-224.30369405834293
1.0	478.0	660.0	5.875835011570177	0.16861584867307883	62.373649573075134	0.2984440567433744	9.007134472044797	0.2984441490407179	0.24616159183326256	0.37462367135684177	304.6083283826152	122.0	2.4967895769066817	-233.10263973008873
1.0	488.0	660.0	6.743879486152787	0.12447147255314794	64.02278440238423	0.19475779919372466	9.137836049915453	0.19475773950956476	0.11643986251477827	0.27886802566348395	752.675698010069	122.0	6.169472934508763	-307.17999548668837
1.0	498.0	660.0	7.503934493047687	0.08043942363022506	65.99350512681724	0.1040346669757538	8.40443777925849	0.10403463270904129	0.04271870093655549	0.16719704991296555	2148.0154691326593	122.0	17.606684173218518	-426.7813834021186
1.0	508.0	660.0	8.278301118305869	0.1267397459602591	67.68667535098812	0.1456298990589855	8.237485737136923	0.1456298647520611	0.051962943170948496	0.249579203973811	3532.289553322777	122.0	28.953193060022762	-315.63263631140256
1.0	518.0	660.0	8.210364858791618	0.1165031609802147	68.40217446262017	0.13987250336531523	8.536833118918668	0.139872522750338	0.36105376468786626	0.2176013645842788	64.06722433921311	122.0	0.5251411831083042	-332.22970288454115
1.0	528.0	660.0	6.580017399196212	0.11872391802712909	68.39518516870686	0.17877002298463632	8.580843380610355	0.17877006673199825	0.36105376468786626	0.2084774448451586	66.87527903758077	122.0	0.548158024898203	-326.8676447175963
1.0	538.0	660.0	4.931435132223786	0.12108024584887225	69.20934902936204	0.2614698825808801	9.222280503616552	0.26146983574807436	0.36105376468786626	0.23251499797346092	74.7590901977968	122.0	0.6127794278507934	-312.93746532479804
2.0	548.0	660.0	3.7739823856158616	0.09784788230529703	59.720494920362306	0.27462785043578275	4.954372506154091	0.2151940978350226	0.05675728170316095	0.11962601920693955	624.418582930923	119.0	5.247214982612798	-503.4675637991513
2.0	548.0	660.0	4.383263966544981	0.07977190096446707	73.68135477419767	0.26097600473303056	5.624893623925038	0.21618742167309715	0.05675728170316095	0.11962601920693955	624.418582930923	119.0	5.247214982612798	-503.4675637991513
2.0	558.0	660.0	5.548946525987298	0.0849317806587776	58.956817261363476	0.11207308343628951	4.266676942043204	0.10340181040694561	0.05680011783092886	0.1237948827433348	603.6797189049117	119.0	5.07293881432699	-507.5010986257604
2.0	558.0	660.0	4.363817516186621	0.07164876669717403	73.71969066270896	0.1669610064199852	5.67654584492955	0.16962631595870428	0.05680011783092886	0.1237948827433348	603.6797189049117	119.0	5.07293881432699	-507.5010986257604
2.0	568.0	660.0	6.77355698540925	0.09851585937383318	59.29563504550529	0.09762352937079283	4.489186111473214	0.09973852061991337	0.03861853667314486	0.13547121586516492	2021.6266434510521	119.0	16.988459188664304	-452.87585910646277
2.0	568.0	660.0	4.560792911290787	0.0932749390438043	75.09529583991403	0.1539266874334514	5.137138989780085	0.1638594159981916	0.03861853667314486	0.13547121586516492	2021.6266434510521	119.0	16.988459188664304	-452.87585910646277
2.0	578.0	660.0	6.659513624414361	0.08009988627379681	60.68234152468635	0.1031544374643561	5.3645379992499755	0.10767578233190596	0.05710921229282358	0.11138007333258207	711.2398045606483	119.0	5.976805080341582	-485.6486062076267
2.0	578.0	660.0	3.643607316121859	0.08652022087830667	76.20416894259958	0.17361254980223215	4.508832646722998	0.17084374790695744	0.05710921229282358	0.11138007333258207	711.2398045606483	119.0	5.976805080341582	-485.6486062076267
1.0	588.0	660.0	5.57215273012321	0.11844500228718316	64.78723851882745	0.2311897360506524	9.418147674363052	0.2311896200351656	0.08891995715357787	0.27301666272903763	1204.5938156259226	122.0	9.87371980021248	-315.8066717688051
2.0	598.0	660.0	5.3900814818169005	0.09099366734896212	60.3016981950791	0.2642908008173764	5.839823741319079	0.2192657203040113	0.10105532950693616	0.1354872283333635	269.7207498755752	119.0	2.2665609233241617	-464.1757310575338
2.0	598.0	660.0	4.9357076481023086	0.13598135941920833	73.78786290237966	0.2366889984566726	4.6279794132668775	0.1797999867923403	0.10105532950693616	0.1354872283333635	269.7207498755752	119.0	2.2665609233241617	-464.1757310575338
2.0	608.0	660.0	5.108210265807027	0.11376477084365794	60.39664661815958	0.2823886372091821	5.33931494791636	0.2470118790594396	0.09489005073209363	0.18049865875238522	478.13632747002026	119.0	4.017952331680843	-408.34947037729614
2.0	608.0	660.0	5.0446567142176315	0.13362011454633765	74.06715669472612	0.2608328652550665	4.679552934348123	0.21569192402503626	0.09489005073209363	0.18049865875238522	478.13632747002026	119.0	4.017952331680843	-408.34947037729614
2.0	618.0	660.0	4.572281421684232	0.11170165428395168	61.45987528463489	0.27960130980353787	5.361639369109786	0.26010235530583675	0.08268696645055806	0.18718934434544174	647.8050605435657	119.0	5.443740004567779	-404.80194786336773
2.0	618.0	660.0	4.024060621451577	0.12697595335329168	75.61192518251418	0.2896587040910034	4.615331632676379	0.2535369732252605	0.08268696645055806	0.18718934434544174	647.8050605435657	119.0	5.443740004567779	-404.80194786336773
2.0	628.0	660.0	3.4611281265758427	0.0846285733633784	63.234498375599046	0.5017826751904876	7.397220932775635	0.43158422548075814	0.07745503710672788	0.16025701532567058	537.419206136583	119.0	4.516127782660361	-444.49446777594716
2.0	628.0	660.0	3.4721976828249623	0.20106856967796807	77.17023237365716	0.26854596267983855	4.215814081303174	0.23520850709323143	0.07745503710672788	0.16025701532567058	537.419206136583	119.0	4.516127782660361	-444.49446777594716
1.0	638.0	660.0	4.081042184593622	0.1044478314593216	70.96541797634961	0.2631644470045873	8.904381195511785	0.2631643512558208	0.0940658644632591	0.23070025626875015	791.3510516268167	122.0	6.486484029728006	-354.261521652315
1.0	648.0	660.0	4.1215829996439854	0.08376482393656132	70.74414854299548	0.17819754284823	7.594026770172803	0.17819766856903438	0.09999360252193829	0.1732203435011602	384.0958080221252	122.0	3.1483262952633213	-429.3399819273991
2.0	658.0	660.0	3.935722097451443	0.06556076659926517	71.08453875526246	0.14128803800265827	7.348086974908794	0.1417659253278337	0.0924036635817244	0.12933080174859948	259.5602651410644	119.0	2.181178698664407	-491.35090184111056
2.0	658.0	660.0	0.8432189995866027	0.08293351710999526	102.15518685875811	0.5213718002292267	4.5862702910496935	0.5225224555252496	0.0924036635817244	0.12933080174859948	259.5602651410644	119.0	2.181178698664407	-491.35090184111056
2.0	668.0	660.0	3.5754891303781218	0.06930863790766773	72.93149164943667	0.1795354253753524	7.967710758590046	0.1842132727023106	0.07260067020631239	0.14577767624846885	504.2145257011921	119.0	4.237096854631866	-468.6474062137515
2.0	668.0	660.0	1.3173983093841561	0.06926933709901943	107.97197675071999	0.4875063043685432	7.978375458787353	0.5002286667602793	0.07260067020631239	0.14577767624846885	504.2145257011921	119.0	4.237096854631866	-468.6474062137515
2.0	678.0	660.0	2.9204820086847425	0.08672172812575557	74.1692878440572	0.3191899020611619	9.303414370507875	0.32452907347728954	0.08296876832088941	0.18249416348156722	708.2170805835443	119.0	5.951404038517179	-392.8062773667983
2.0	678.0	660.0	1.6434123016264046	0.0989218643467681	112.21975904508797	0.4972960267455756	7.122531929603031	0.5034228374140715	0.08296876832088941	0.18249416348156722	708.2170805835443	119.0	5.951404038517179	-392.8062773667983
