ncomps	x	y	amplitude	err amplitude	shift	err shift	width	err width	rms	residual	chisq	dof	redchisq	aic
3.0	408.0	740.0	5.389585902764065	0.09497196841382055	65.15245112804735	0.3581179566673259	6.77415732192303	0.28216963306687853	0.1044021159515908	0.13961722115733774	274.0729198228161	116.0	2.362697584679449	-447.1760585571225
3.0	408.0	740.0	1.8756230298620025	0.2106387370909165	78.58525063446825	0.6581833713017753	4.555816798403472	0.48819242290649245	0.1044021159515908	0.13961722115733774	274.0729198228161	116.0	2.362697584679449	-447.1760585571225
3.0	408.0	740.0	0.4348928809395082	0.09333196833601354	13.568616419807144	1.2400198529338378	5.00396568602513	1.2400199880576517	0.1044021159515908	0.13961722115733774	274.0729198228161	116.0	2.362697584679449	-447.1760585571225
2.0	418.0	740.0	5.983730103103684	0.24388123196451425	79.3052251696971	0.13997327436346235	4.396277129385743	0.14543049406395006	0.13116189353837743	0.14716340886971163	170.09491363796351	119.0	1.4293690221677606	-456.61350072287973
2.0	418.0	740.0	5.394916214120816	0.07936772023484195	65.01789180243644	0.40250361976034854	8.628496155536885	0.322572647727395	0.13116189353837743	0.14716340886971163	170.09491363796351	119.0	1.4293690221677606	-456.61350072287973
2.0	428.0	740.0	7.996044453682092	0.2893791072528896	79.97800327848138	0.08289046627082047	4.220326983533852	0.1288610450453874	0.09997233304727687	0.16425465693806615	348.592071316055	119.0	2.929345137109706	-434.80500439795543
2.0	428.0	740.0	5.635066543419962	0.08660923516892384	65.9940809327043	0.4860353587675257	10.000617566292721	0.36247594987678683	0.09997233304727687	0.16425465693806615	348.592071316055	119.0	2.929345137109706	-434.80500439795543
2.0	438.0	740.0	5.25503376007656	0.1376981455950796	67.40982677518355	0.6652158633743837	10.669514905331855	0.4120751529120516	0.0649888562590283	0.2045772113395173	1326.6028624791772	119.0	11.147923214110733	-375.4151298886566
2.0	438.0	740.0	6.5401356107988935	0.35000350249503254	79.67041066175564	0.11784156982429263	4.202012657774274	0.20119649349562369	0.0649888562590283	0.2045772113395173	1326.6028624791772	119.0	11.147923214110733	-375.4151298886566
2.0	448.0	740.0	6.678821906660109	0.16569347263581863	75.58739750163352	0.3572632150843866	6.377644621960656	0.28471667510372006	0.20505057026760443	0.19421231498710048	196.02784227599213	119.0	1.647292792235228	-327.16992656795435
2.0	448.0	740.0	3.3336158517258645	0.14839516294150865	58.022207653457464	0.7548158061243344	6.841134299920315	0.6210274546793588	0.20505057026760443	0.19421231498710048	196.02784227599213	119.0	1.647292792235228	-327.16992656795435
2.0	458.0	740.0	5.235495069405893	0.15315298318483886	74.30821105475357	0.3077434151308825	5.399148045132573	0.27979285355223443	0.36105376468786626	0.16698620578207807	62.43970893405062	119.0	0.5247034364205935	-328.73427326405795
2.0	458.0	740.0	3.04465363876478	0.14201590652833807	57.718805826673254	0.5628531547579106	6.016622297709615	0.5347731834524787	0.36105376468786626	0.16698620578207807	62.43970893405062	119.0	0.5247034364205935	-328.73427326405795
2.0	468.0	740.0	4.450700453717528	0.1556232013046469	74.00545287243887	0.2588106489367777	4.819656101545601	0.2649571007177117	0.36105376468786626	0.17159863841027037	61.688814509799656	119.0	0.5183933992420139	-330.246624259478
2.0	468.0	740.0	2.8239595127187775	0.1514786787243798	57.84905249011759	0.42019859768010676	5.151193861698961	0.43960066588723457	0.36105376468786626	0.17159863841027037	61.688814509799656	119.0	0.5183933992420139	-330.246624259478
2.0	478.0	740.0	3.800123687260442	0.15023619082906028	73.66094975456883	0.3183401306372034	5.151292075536786	0.32850253274248636	0.36105376468786626	0.17806472988923688	60.98949436031335	119.0	0.5125167593303643	-331.67174930985846
2.0	478.0	740.0	2.661201840690168	0.1517745120327815	57.33945428385295	0.44951815020703983	5.025086639004922	0.45998851913698974	0.36105376468786626	0.17806472988923688	60.98949436031335	119.0	0.5125167593303643	-331.67174930985846
3.0	488.0	740.0	3.327140706276202	0.2674707941579604	75.12949633693692	0.3569046716451617	3.3974081683756445	0.35471740725712997	0.36105376468786626	0.13245033793918767	50.25429344365277	116.0	0.4332266676176963	-349.0191014235484
3.0	488.0	740.0	1.971347867802036	0.39657061886879247	68.33188688896902	0.35415713090451595	1.73545703055694	0.37188599750075313	0.36105376468786626	0.13245033793918767	50.25429344365277	116.0	0.4332266676176963	-349.0191014235484
3.0	488.0	740.0	2.2398954808239924	0.11806882905234074	59.43846346587961	1.0478177908714585	7.715753029443075	0.9446767535132979	0.36105376468786626	0.13245033793918767	50.25429344365277	116.0	0.4332266676176963	-349.0191014235484
2.0	498.0	740.0	3.3514044602015134	0.7289508890079035	72.01573304046849	0.3671479068702479	4.9360273838563025	0.5878893390028448	0.36105376468786626	0.1525305928916595	38.88308192944702	119.0	0.32674858764241194	-387.9395470043953
2.0	498.0	740.0	1.9368692860898755	0.25816364609911935	59.9115861517674	3.3361072872981987	9.445125537564138	1.8862395828892036	0.36105376468786626	0.1525305928916595	38.88308192944702	119.0	0.32674858764241194	-387.9395470043953
2.0	508.0	740.0	4.25831474930495	0.5106261431353606	71.62111042213435	0.20596169294503094	4.995504378299339	0.3223966552510742	0.07826029225319951	0.1377574091052761	389.8376835300139	119.0	3.275946920420285	-482.0397776590886
2.0	508.0	740.0	2.20393347902296	0.18138570259378467	59.43738507815785	2.0600625689594927	9.4730142514528	1.1609289435283727	0.07826029225319951	0.1377574091052761	389.8376835300139	119.0	3.275946920420285	-482.0397776590886
2.0	518.0	740.0	5.127511000423313	0.435183840111937	72.2567542221867	0.12685055347009083	4.421203073482709	0.24661568194766012	0.09304386499038422	0.15111346182861043	331.6593587302513	119.0	2.7870534347079943	-458.9848585887639
2.0	518.0	740.0	2.7846186813647718	0.1801366459241893	61.68337202039339	1.3505725466910818	9.302491741997729	0.7152282321177736	0.09304386499038422	0.15111346182861043	331.6593587302513	119.0	2.7870534347079943	-458.9848585887639
2.0	528.0	740.0	5.750504217355043	0.2907485488372323	72.8759085317047	0.08523429953710118	3.5990715927467782	0.1480312338021079	0.06346946832559759	0.13431411497402435	579.5048604461823	119.0	4.86978874324523	-484.85467211957416
2.0	528.0	740.0	3.3678348139891785	0.13137712596410853	63.80209308350313	0.6831612765482031	8.465155260146028	0.3720865371455091	0.06346946832559759	0.13431411497402435	579.5048604461823	119.0	4.86978874324523	-484.85467211957416
2.0	538.0	740.0	5.009400576168732	0.19157594787783314	72.6871988791479	0.08107048051529828	3.405847651115228	0.1228623934638553	0.08443244613476397	0.11519449290674552	236.1907734284094	119.0	1.9847964153647848	-525.6982522930964
2.0	538.0	740.0	3.31375421387132	0.1053065655943292	64.41419880096846	0.46200513518774633	8.656968462232959	0.24462994386672018	0.08443244613476397	0.11519449290674552	236.1907734284094	119.0	1.9847964153647848	-525.6982522930964
2.0	548.0	740.0	4.482269892772379	0.1614504414461343	71.06331813591316	0.1082323067421813	4.85950341560291	0.1515940747119985	0.07150561233377781	0.0992154609218262	242.59864139491182	119.0	2.0386440453353933	-563.896137763449
2.0	548.0	740.0	2.102325839270686	0.12612257950657602	62.87387560822576	0.711058638273282	11.065751529520155	0.3263993380620544	0.07150561233377781	0.0992154609218262	242.59864139491182	119.0	2.0386440453353933	-563.896137763449
2.0	558.0	740.0	3.7224425035471227	0.10413726066665191	69.90319712629976	0.10140991722917114	4.84007359434789	0.13930362748325742	0.057347376954397546	0.08545211219166017	309.62097269493745	119.0	2.6018569134028358	-588.5657861586025
2.0	558.0	740.0	1.8860195451115	0.0985180958441313	64.22962211581039	0.45065490580846695	13.737004044513597	0.38036816065360585	0.057347376954397546	0.08545211219166017	309.62097269493745	119.0	2.6018569134028358	-588.5657861586025
2.0	568.0	740.0	2.382866060419851	0.10484752324900522	69.54638158192122	0.12001912380867975	2.8941616447674505	0.1546621548733031	0.05859827547190524	0.09670364554275074	369.227775107022	119.0	3.1027544126640505	-561.1631393762766
2.0	568.0	740.0	2.8848925368705447	0.08349923039091087	65.5919724880981	0.2289491196428406	11.357419857570672	0.22777214042853625	0.05859827547190524	0.09670364554275074	369.227775107022	119.0	3.1027544126640505	-561.1631393762766
2.0	578.0	740.0	0.37991093876400567	0.11915154778266704	11.684515846880542	1.8792944788089734	5.185836960570048	1.8792760354057636	0.0606147139191342	0.19836063986528837	1409.4658115677173	119.0	11.844250517375775	-385.26099879627714
2.0	578.0	740.0	4.330475186983277	0.08755926274540915	66.88617776120887	0.22430727573471823	9.607329082077102	0.2243072984439786	0.0606147139191342	0.19836063986528837	1409.4658115677173	119.0	11.844250517375775	-385.26099879627714
2.0	588.0	740.0	0.8894760786616441	0.08638335469545705	13.880153186187927	0.6954536996002524	6.200945984967012	0.6954557871173822	0.07102658350382028	0.15753404904975823	644.9202300262566	119.0	5.419497731313081	-443.36178752732854
2.0	588.0	740.0	4.59760290842469	0.06998953657945822	66.5529115497687	0.1660550719740848	9.44677938729391	0.16605592287714616	0.07102658350382028	0.15753404904975823	644.9202300262566	119.0	5.419497731313081	-443.36178752732854
3.0	598.0	740.0	1.607931453939064	0.28523132877428115	67.73582989456803	0.33690609364826163	4.55900712736933	0.5398671646541702	0.08077067658208241	0.10534498688372412	220.24552200893822	116.0	1.898668293180502	-538.6664563484654
3.0	598.0	740.0	3.4313079289600523	0.29379613780028324	64.81738127178534	0.31334128593635524	9.924035834894003	0.32035372820275565	0.08077067658208241	0.10534498688372412	220.24552200893822	116.0	1.898668293180502	-538.6664563484654
3.0	598.0	740.0	1.223396997416833	0.06617912720805194	15.420934864680836	0.2990137021269966	4.787030969426931	0.2990220552745514	0.08077067658208241	0.10534498688372412	220.24552200893822	116.0	1.898668293180502	-538.6664563484654
2.0	608.0	740.0	0.944459711556168	0.10929834181261149	16.196610779429758	0.5289802736126413	3.960067666354277	0.5289847425697877	0.053792932785351265	0.146926409155185	1149.1359290758387	119.0	9.656604446015452	-440.634951468605
2.0	608.0	740.0	5.000319926909798	0.07857396793400417	65.44537983133175	0.13899978467405785	7.6606171959446545	0.13899978436898297	0.053792932785351265	0.146926409155185	1149.1359290758387	119.0	9.656604446015452	-440.634951468605
1.0	618.0	740.0	4.85354212097712	0.0933073580638071	66.04246722895627	0.18223622771620754	8.209171503839725	0.18223620024204726	0.11351250140289677	0.19502530096274467	399.8187780672514	122.0	3.2772030989118965	-392.6233693626243
2.0	628.0	740.0	0.5988182045074176	0.10129520912742683	18.55864468653743	1.0090150954437282	5.1700039093182895	1.009032277059452	0.06392645226392817	0.1706685761743517	912.1561494830275	119.0	7.665177726748131	-426.3564637154302
2.0	628.0	740.0	4.409211244562453	0.07514350668247309	67.73119619443955	0.18477826544807863	9.38949918975571	0.18477941844910922	0.06392645226392817	0.1706685761743517	912.1561494830275	119.0	7.665177726748131	-426.3564637154302
2.0	638.0	740.0	0.7639308761779074	0.16088782633048435	20.11941247041878	0.992322703082678	4.0804619044688	0.9923229545888118	0.07064977435776804	0.24220166204853466	1487.777863585258	119.0	12.502334988111413	-340.2025787931192
2.0	638.0	740.0	3.760538795078007	0.10581466221185333	69.33674355591391	0.3064934867604279	9.433876859047063	0.30649386300380804	0.07064977435776804	0.24220166204853466	1487.777863585258	119.0	12.502334988111413	-340.2025787931192
4.0	648.0	740.0	3.790096106379133	0.06801198029057422	73.76283011266023	0.14174840385903004	6.309034305689282	0.15421095105113325	0.07187376255741594	0.1069262680142968	360.3492313209516	113.0	3.1889312506278906	-499.08029600058836
4.0	648.0	740.0	1.4305312998734945	0.07494817807461333	53.170825703243324	0.339733865330569	5.031242176043106	0.3547884607870417	0.07187376255741594	0.1069262680142968	360.3492313209516	113.0	3.1889312506278906	-499.08029600058836
4.0	648.0	740.0	0.6577595896052834	0.08393432512410674	20.414627482681418	1.2284264594082428	4.275585373176659	1.165956189903853	0.07187376255741594	0.1069262680142968	360.3492313209516	113.0	3.1889312506278906	-499.08029600058836
4.0	648.0	740.0	0.351056478587776	0.16112120032851907	11.83297397479093	1.3598168886444642	2.368823579617064	1.2400081202536424	0.07187376255741594	0.1069262680142968	360.3492313209516	113.0	3.1889312506278906	-499.08029600058836
4.0	658.0	740.0	2.3909924289453452	0.31215976882422475	80.7783078777122	0.18541990240756465	2.4685587568477967	0.24120846127493722	0.07981534261351733	0.0971964492068723	259.9383869308911	113.0	2.3003397073530185	-513.7078065981291
4.0	658.0	740.0	3.079091269007717	0.08246581340723226	72.76775901843014	0.49222743312123357	5.244265256823935	0.4339780743575857	0.07981534261351733	0.0971964492068723	259.9383869308911	113.0	2.3003397073530185	-513.7078065981291
4.0	658.0	740.0	1.3064569431332025	0.06793810395572891	51.502551087011426	0.36894632784209047	5.608890293715403	0.40233986340887035	0.07981534261351733	0.0971964492068723	259.9383869308911	113.0	2.3003397073530185	-513.7078065981291
4.0	658.0	740.0	0.4405580368881461	0.049214357809523046	12.414790837763642	1.3271656743264006	10.29537820939257	1.3396492685714618	0.07981534261351733	0.0971964492068723	259.9383869308911	113.0	2.3003397073530185	-513.7078065981291
4.0	668.0	740.0	3.139732615428433	0.26919379830320495	79.57668601002162	0.20198410004788162	2.9852115060088784	0.1796807609670055	0.061003588559791	0.09508525101293051	385.0931913785428	113.0	3.40790434848268	-531.7734797338895
4.0	668.0	740.0	1.8246565528411478	0.07383449952662338	70.13854315168139	0.698047266263379	5.370565493593178	0.8646991686053225	0.061003588559791	0.09508525101293051	385.0931913785428	113.0	3.40790434848268	-531.7734797338895
4.0	668.0	740.0	1.0515433923821351	0.0577443074973013	51.17892264223992	0.7582226605494893	6.7970270819236855	0.7364768120118137	0.061003588559791	0.09508525101293051	385.0931913785428	113.0	3.40790434848268	-531.7734797338895
4.0	668.0	740.0	0.4933493138075955	0.07351257755070488	8.94588095826354	0.6834360025208673	3.972106025019321	0.6834359934074326	0.061003588559791	0.09508525101293051	385.0931913785428	113.0	3.40790434848268	-531.7734797338895
5.0	678.0	740.0	3.0941996686985727	0.08128276984647267	78.06907085995994	0.13861633921937505	3.378934415959276	0.14039378180693082	0.0615993987812249	0.10607146396039398	375.3395716251692	110.0	3.4121779238651744	-524.9324470013064
5.0	678.0	740.0	1.949700329466498	0.09423953534384304	66.25207355153296	0.2684061800541071	3.7925135673798076	0.3336861767236437	0.0615993987812249	0.10607146396039398	375.3395716251692	110.0	3.4121779238651744	-524.9324470013064
5.0	678.0	740.0	0.862550907454079	0.05947139140354729	51.788141507999896	0.9265398540225778	6.661253802089092	0.9163175841238195	0.0615993987812249	0.10607146396039398	375.3395716251692	110.0	3.4121779238651744	-524.9324470013064
5.0	678.0	740.0	0.3152355600080829	0.06273067415608162	116.57188059763872	1.7179226882366112	6.020694116382944	1.8907628357376065	0.0615993987812249	0.10607146396039398	375.3395716251692	110.0	3.4121779238651744	-524.9324470013064
5.0	678.0	740.0	0.37184477907042657	0.1311970929762677	127.37626562474809	0.6135138450048918	1.6578468932770867	0.7371098325424377	0.0615993987812249	0.10607146396039398	375.3395716251692	110.0	3.4121779238651744	-524.9324470013064
6.0	688.0	740.0	2.0619324592896717	0.06426248199207794	75.80350949201224	0.3222220133503377	4.5855072951309825	0.3005983208779936	0.08854251187180176	0.08786061849914009	142.26598072925643	107.0	1.3295886049463217	-547.4422063596865
6.0	688.0	740.0	2.780859821489747	0.08905315375520918	64.97763719198359	0.17879615839296953	3.254178671506665	0.1873228020610435	0.08854251187180176	0.08786061849914009	142.26598072925643	107.0	1.3295886049463217	-547.4422063596865
6.0	688.0	740.0	0.7791346791784476	0.07829822600747366	52.89414150309996	0.48487701848682563	3.1226503471817155	0.611335266926097	0.08854251187180176	0.08786061849914009	142.26598072925643	107.0	1.3295886049463217	-547.4422063596865
6.0	688.0	740.0	0.3905852052639559	0.07819857711779973	43.18291370302193	0.9752125704607532	2.9519510268724622	0.9778468265000723	0.08854251187180176	0.08786061849914009	142.26598072925643	107.0	1.3295886049463217	-547.4422063596865
6.0	688.0	740.0	0.2583134292512365	0.08039023421555208	117.45300598192159	0.9862660069892809	2.7456519473357597	0.9962691739793011	0.08854251187180176	0.08786061849914009	142.26598072925643	107.0	1.3295886049463217	-547.4422063596865
6.0	688.0	740.0	1.509465404281999	1399979.1742507287	127.01994214407596	8864.434826860954	0.48731830793827235	108162.97618160275	0.08854251187180176	0.08786061849914009	142.26598072925643	107.0	1.3295886049463217	-547.4422063596865
3.0	698.0	740.0	3.112601372027845	0.08469227918188031	67.03344880946854	0.19034746064325853	6.046592924759975	0.19815544344036862	0.046313312137963115	0.12428641746385609	1354.3563251080889	116.0	11.675485561276629	-450.67026182734924
3.0	698.0	740.0	0.2927861828646508	0.1845875922859684	51.673520913171956	1.1790864285232447	1.1625307302169325	0.903426404408785	0.046313312137963115	0.12428641746385609	1354.3563251080889	116.0	11.675485561276629	-450.67026182734924
3.0	698.0	740.0	0.32398603150510824	0.12795049068977474	43.18452970549694	1.1947967133510689	2.621326432614062	1.2209949506988649	0.046313312137963115	0.12428641746385609	1354.3563251080889	116.0	11.675485561276629	-450.67026182734924
2.0	708.0	740.0	3.415595993536856	0.08549528578177508	66.70219607011283	0.1629998693375329	5.63997322447797	0.16307465858742398	0.1076277295293785	0.10942405686614982	250.14648063565636	119.0	2.1020712658458516	-457.8407579223406
2.0	708.0	740.0	0.24405512455992318	0.11931303782737303	41.912490797314454	1.6346271938196317	2.8954300587742376	1.6350719782241412	0.1076277295293785	0.10942405686614982	250.14648063565636	119.0	2.1020712658458516	-457.8407579223406
2.0	718.0	740.0	2.8617791514623554	0.057758499579752216	66.11324751157501	0.13835828073807985	5.937018277719066	0.13837778224561828	0.08930705700176855	0.08785619637654463	174.57899105959797	119.0	1.4670503450386383	-549.4488811117768
2.0	718.0	740.0	0.26135923103306147	0.09179302515232506	40.47166058991638	0.9532338177066922	2.3504420035084905	0.9532630628359924	0.08930705700176855	0.08785619637654463	174.57899105959797	119.0	1.4670503450386383	-549.4488811117768
2.0	728.0	740.0	1.9273025290157335	0.5853175640842782	61.62376296064096	0.3800959767327189	4.254893248171899	0.5399330186417814	0.07530081020973922	0.08708750993932951	172.93632639301634	119.0	1.4532464402774483	-593.278014973051
2.0	728.0	740.0	0.8472747754672052	0.24823398921680812	70.59506152038352	4.595969135159182	7.296732064614956	2.2399391425988107	0.07530081020973922	0.08708750993932951	172.93632639301634	119.0	1.4532464402774483	-593.278014973051
2.0	738.0	740.0	2.1837392607147166	0.2579991681006544	59.98276517378048	0.2561628131855168	4.462864515091214	0.3768077158222004	0.06503079446120986	0.10568883965176513	400.4862830021688	119.0	3.3654309495980574	-524.9660033096054
2.0	738.0	740.0	0.821894152297351	0.07551757513549955	73.29329695712786	2.8611960917683463	9.487991386382324	1.9785263729668177	0.06503079446120986	0.10568883965176513	400.4862830021688	119.0	3.3654309495980574	-524.9660033096054
2.0	748.0	740.0	3.0178807900057993	0.05553019303467958	59.82844883348627	0.16637272967302533	5.42242956210321	0.17050300032732552	0.0739153738915074	0.09191915232013678	207.40371265212548	119.0	1.7428883416144998	-575.2025622467173
2.0	748.0	740.0	1.038986950912838	0.058977565311973325	75.62118512174501	0.4536172095561657	4.756452757114305	0.44353653744797755	0.0739153738915074	0.09191915232013678	207.40371265212548	119.0	1.7428883416144998	-575.2025622467173
2.0	758.0	740.0	3.507206526994216	0.05467332409632093	58.45448527238415	0.15073223470628497	6.030004336260008	0.15998235245630774	0.09466433245467848	0.09113410031619604	132.7320253160441	119.0	1.1153951707230596	-569.1403184416606
2.0	758.0	740.0	1.0216238048563724	0.06767885369339903	73.80002003406149	0.41702789738821705	4.034731448714957	0.39575208818535246	0.09466433245467848	0.09113410031619604	132.7320253160441	119.0	1.1153951707230596	-569.1403184416606
2.0	768.0	740.0	3.417166991442057	0.07371193087520425	56.796899197953095	0.3921038677095383	6.403975155126284	0.308725212925479	0.09721151743532068	0.11251159630966141	182.17508411049548	119.0	1.5308830597520628	-522.9228451993869
2.0	768.0	740.0	1.0861183053271992	0.12211475091507812	70.9739809340887	0.9751852319217462	5.011457101980841	0.702344895325272	0.09721151743532068	0.11251159630966141	182.17508411049548	119.0	1.5308830597520628	-522.9228451993869
3.0	778.0	740.0	1.0495710338831008	0.15451152725053724	56.66508089125383	0.3629569856211637	2.2387724138907474	0.4007723676872111	0.0994900860480179	0.10610688308706458	179.5242317014178	116.0	1.5476226870811878	-512.109544847972
3.0	778.0	740.0	0.7588385711468203	0.16257813116404815	66.18432682666939	0.6928261280306054	4.012327958138231	0.9374962275970634	0.0994900860480179	0.10610688308706458	179.5242317014178	116.0	1.5476226870811878	-512.109544847972
3.0	778.0	740.0	2.255320773861264	0.1520908002615188	57.20944976282802	0.606074234276458	12.171734346549579	0.4276728429654147	0.0994900860480179	0.10610688308706458	179.5242317014178	116.0	1.5476226870811878	-512.109544847972
2.0	788.0	740.0	3.238058953897648	0.048481480189306314	60.79547695685292	0.26565241771662573	8.85525624127391	0.26370867142790344	0.09026170187623091	0.1006112845442859	167.2673778127793	119.0	1.4056082169141118	-552.1386605267104
2.0	788.0	740.0	1.2871165727446672	0.08167958383696791	42.10228550633203	0.42679357775299437	4.971923569439394	0.3923700614614405	0.09026170187623091	0.1006112845442859	167.2673778127793	119.0	1.4056082169141118	-552.1386605267104
2.0	798.0	740.0	2.5162464203435144	0.06304840261144604	60.66648852741204	0.5949466023962853	9.750962110255267	0.5447771313012963	0.09194628483889289	0.1374228842173206	298.7340979770271	119.0	2.510370571235522	-475.02080181667577
2.0	798.0	740.0	1.1483617624238531	0.16923119187771427	45.31688065540705	0.4321827862526467	3.6992638887097558	0.5708127828561178	0.09194628483889289	0.1374228842173206	298.7340979770271	119.0	2.510370571235522	-475.02080181667577
3.0	808.0	740.0	2.218141093539312	0.06260561097476368	47.265658436967435	0.2244363556331584	5.083065411898868	0.24023934227440427	0.09208757836049777	0.09146053901172829	150.9231568924461	116.0	1.3010616973486733	-553.1314522145643
3.0	808.0	740.0	1.5060542044111858	0.1281641118711766	60.685201422031184	0.3217828720275322	3.479598269358754	0.37432190954508565	0.09208757836049777	0.09146053901172829	150.9231568924461	116.0	1.3010616973486733	-553.1314522145643
3.0	808.0	740.0	0.843455771869492	0.05432858275092021	73.5430521351011	1.1166003776398643	6.986615859722976	1.0185560011697612	0.09208757836049777	0.09146053901172829	150.9231568924461	116.0	1.3010616973486733	-553.1314522145643
3.0	818.0	740.0	2.1435177585257197	0.050313468536241766	45.69181627293741	0.1981425896159766	6.780664117873941	0.22081981838961215	0.07337141440534546	0.09064465806879382	203.99447909655854	116.0	1.7585730956599874	-572.2676006770738
3.0	818.0	740.0	0.5156310027229649	0.0952259410879013	60.23731004939104	0.45216101939962916	2.05065954551382	0.4876396504080387	0.07337141440534546	0.09064465806879382	203.99447909655854	116.0	1.7585730956599874	-572.2676006770738
3.0	818.0	740.0	0.8136425500108541	0.05106124810730309	74.49586032143038	0.5141711745539795	6.582050990711351	0.5728711160037505	0.07337141440534546	0.09064465806879382	203.99447909655854	116.0	1.7585730956599874	-572.2676006770738
3.0	828.0	740.0	1.9958191598900672	0.05482679864013376	43.237531444397725	0.22307117836554427	7.0270489489434755	0.2256570759944598	0.07236137076464041	0.09467712228999198	274.7993014890047	116.0	2.368959495594868	-538.4895412032129
3.0	828.0	740.0	0.34392873529616436	0.1442824524892238	68.28300386704132	0.6236663330034788	1.4361236538279902	0.6721242355316708	0.07236137076464041	0.09467712228999198	274.7993014890047	116.0	2.368959495594868	-538.4895412032129
3.0	828.0	740.0	0.755735724235772	0.057300698083627484	77.0224303064242	0.8425190968645052	6.598970793472372	0.793599787650059	0.07236137076464041	0.09467712228999198	274.7993014890047	116.0	2.368959495594868	-538.4895412032129
3.0	968.0	740.0	5.662825172053519	0.1163104869655284	44.677177066380935	0.151252276450173	5.873907580625543	0.18738512105361269	0.22400400065197099	0.18134749700818212	97.14917247502189	116.0	0.8374928661639818	-385.9658843580175
3.0	968.0	740.0	1.5686465522216808	0.12933186734004348	26.668127206555706	0.4746832375974014	4.284961020735501	0.48839553158437227	0.22400400065197099	0.18134749700818212	97.14917247502189	116.0	0.8374928661639818	-385.9658843580175
3.0	968.0	740.0	1.7852146788437602	0.1267639194129598	64.93576701570375	0.3920904690599291	4.485333807296374	0.40880602302949015	0.22400400065197099	0.18134749700818212	97.14917247502189	116.0	0.8374928661639818	-385.9658843580175
3.0	978.0	740.0	4.8794656531134395	0.11211798205044161	42.92515953845804	0.18017315125389646	6.341010580570217	0.21037312745433165	0.19565771783996033	0.19519337774049167	130.4459882556504	116.0	1.1245343815142277	-382.9512135045685
3.0	978.0	740.0	1.342114201845544	0.14130850309653006	25.328417524034382	0.5086639719061435	3.677792507659351	0.5143858856527145	0.19565771783996033	0.19519337774049167	130.4459882556504	116.0	1.1245343815142277	-382.9512135045685
3.0	978.0	740.0	1.775251525380676	0.13239001634915595	65.67531087677722	0.36777781181493824	4.184031927237073	0.3757526517352465	0.19565771783996033	0.19519337774049167	130.4459882556504	116.0	1.1245343815142277	-382.9512135045685
3.0	78.0	750.0	2.0078924163420195	0.10746132868838706	7.920864337878783	0.19695736544090847	4.081822620954286	0.254681422217699	0.09371712534788948	0.09864390575716578	163.9331600611432	116.0	1.4132168970788208	-538.4102363992545
3.0	78.0	750.0	0.5827993016728743	0.0739464702626523	17.406304106237688	1.9320757242084632	12.73289016818871	1.1704833465391071	0.09371712534788948	0.09864390575716578	163.9331600611432	116.0	1.4132168970788208	-538.4102363992545
3.0	78.0	750.0	0.3602435328849289	0.07753395727525027	61.092404019306684	0.869583711534013	3.4947135762271957	0.8703159224355123	0.09371712534788948	0.09864390575716578	163.9331600611432	116.0	1.4132168970788208	-538.4102363992545
3.0	88.0	750.0	3.749791820171004	0.05275199987234031	8.224643255314605	0.0773266696208955	4.61736213235353	0.07973200854135555	0.0805803348142492	0.08271353026310645	134.242004871877	116.0	1.1572586626885948	-601.1436386163099
3.0	88.0	750.0	0.33153253798727406	0.045775046036984866	30.436562561787014	1.0084666654857384	6.237689866672528	1.0617752513519332	0.0805803348142492	0.08271353026310645	134.242004871877	116.0	1.1572586626885948	-601.1436386163099
3.0	88.0	750.0	0.429586555648484	0.06480666182793189	61.05669891944008	0.527517768977184	3.0282933747534404	0.5275241312250786	0.0805803348142492	0.08271353026310645	134.242004871877	116.0	1.1572586626885948	-601.1436386163099
4.0	98.0	750.0	3.178014829981518	0.05357924919942635	9.081126038822843	0.08677346607084496	4.415082035650595	0.09030466226557675	0.08018770654945417	0.08096590569868498	128.9187186603363	113.0	1.1408736164631532	-600.202003338143
4.0	98.0	750.0	0.3419828604274221	0.05977865608487686	26.29207849362747	0.7691642185815984	3.66698262411189	0.8602552032521857	0.08018770654945417	0.08096590569868498	128.9187186603363	113.0	1.1408736164631532	-600.202003338143
4.0	98.0	750.0	0.22646200027767927	0.06746852780595611	38.73869253256418	1.0088004510233735	2.759897649754024	1.0487087778516515	0.08018770654945417	0.08096590569868498	128.9187186603363	113.0	1.1408736164631532	-600.202003338143
4.0	98.0	750.0	0.3509599855305013	0.06269239535154641	60.43288017323509	0.651622925726082	3.159146297782727	0.6516230077974559	0.08018770654945417	0.08096590569868498	128.9187186603363	113.0	1.1408736164631532	-600.202003338143
6.0	108.0	750.0	2.017991393822246	0.048690268158129185	10.843182281807644	0.15371912468795723	4.084746055988272	0.15991780991751645	0.07577132826798254	0.06615563999912612	103.13317257660853	107.0	0.9638614259496124	-626.59257886382
6.0	108.0	750.0	0.48746400581162974	0.050377508277762315	23.428550349594047	0.6130759411398115	3.7727060918715	0.6245341259071648	0.07577132826798254	0.06615563999912612	103.13317257660853	107.0	0.9638614259496124	-626.59257886382
6.0	108.0	750.0	0.3221976903088309	0.06654582738655582	38.82204092097539	0.5061758006657362	2.1224224229613653	0.5093936349963017	0.07577132826798254	0.06615563999912612	103.13317257660853	107.0	0.9638614259496124	-626.59257886382
6.0	108.0	750.0	0.2914225447103842	0.11136997393632478	54.96985601878457	2.57237345539626	3.5034996860855285	1.664688962587457	0.07577132826798254	0.06615563999912612	103.13317257660853	107.0	0.9638614259496124	-626.59257886382
6.0	108.0	750.0	0.24630352758562266	0.08381304861369407	63.71871256100024	3.419167247176324	3.895771430853322	2.3315801312470685	0.07577132826798254	0.06615563999912612	103.13317257660853	107.0	0.9638614259496124	-626.59257886382
6.0	108.0	750.0	0.3220519260689705	0.056055506078483155	83.1500994992574	0.5995283855282707	2.9828492252205967	0.6003193506760701	0.07577132826798254	0.06615563999912612	103.13317257660853	107.0	0.9638614259496124	-626.59257886382
6.0	118.0	750.0	0.9760089072526472	0.060534654831056356	12.198948922364648	0.8948372166771273	5.366362054339174	0.687049249757574	0.05399237835949054	0.07670008951722665	268.225514706398	107.0	2.5067805112747474	-591.8359705096294
6.0	118.0	750.0	0.29124371021779505	0.06834930870732588	25.449356215631237	2.579023068353359	4.841136106202438	2.445814711501157	0.05399237835949054	0.07670008951722665	268.225514706398	107.0	2.5067805112747474	-591.8359705096294
6.0	118.0	750.0	0.6755881936117162	0.060280822800006816	53.65097531627497	0.5157926165698639	3.4928803716175665	0.5131673439052695	0.05399237835949054	0.07670008951722665	268.225514706398	107.0	2.5067805112747474	-591.8359705096294
6.0	118.0	750.0	0.3193703444320509	0.07219859734564912	38.601603735003714	0.7280980313193951	2.4432397123383875	0.7368161100581705	0.05399237835949054	0.07670008951722665	268.225514706398	107.0	2.5067805112747474	-591.8359705096294
6.0	118.0	750.0	0.5053544621697924	0.05816668668943011	65.50412115309213	0.7119998091459919	3.989433401578731	0.8547106129494021	0.05399237835949054	0.07670008951722665	268.225514706398	107.0	2.5067805112747474	-591.8359705096294
6.0	118.0	750.0	0.40007020453574493	0.05820803432191998	80.68777994045205	0.6686829067381055	3.7477781623050674	0.7098531567474897	0.05399237835949054	0.07670008951722665	268.225514706398	107.0	2.5067805112747474	-591.8359705096294
6.0	238.0	750.0	1.7989159494976525	0.043849428975702626	39.78982450437943	0.12718372357284244	4.098784268274173	0.14098278632420555	0.06769574032780579	0.06056177606163531	101.88859353822922	107.0	0.9522298461516749	-656.2843926709157
6.0	238.0	750.0	1.99468617193903	0.06499719441587831	51.06288103465683	0.14237149408550684	2.3109422175768604	0.14145265405948887	0.06769574032780579	0.06056177606163531	101.88859353822922	107.0	0.9522298461516749	-656.2843926709157
6.0	238.0	750.0	1.144550136612175	0.05235414221163832	58.35433338355123	0.2968198080192979	2.8948172363470683	0.27500933592424465	0.06769574032780579	0.06056177606163531	101.88859353822922	107.0	0.9522298461516749	-656.2843926709157
6.0	238.0	750.0	0.4647101972388387	0.05600771805222507	72.07207774181693	0.3284858355635626	2.3589717569880113	0.32977749022064595	0.06769574032780579	0.06056177606163531	101.88859353822922	107.0	0.9522298461516749	-656.2843926709157
6.0	238.0	750.0	0.2825264856888581	0.06220989007561352	86.1628530701625	0.4829567662680967	1.8817174220949364	0.4740317844024014	0.06769574032780579	0.06056177606163531	101.88859353822922	107.0	0.9522298461516749	-656.2843926709157
6.0	238.0	750.0	0.3159153506769343	0.04938001737229416	9.279996292859018	0.5467114918987911	3.029063212551378	0.5467115381085158	0.06769574032780579	0.06056177606163531	101.88859353822922	107.0	0.9522298461516749	-656.2843926709157
6.0	248.0	750.0	2.7429400576916807	0.07007770592409392	39.498364734363825	0.25229650014639954	4.248778096090055	0.21853579342883728	0.06828561283167806	0.09423378038942841	245.62906068702216	107.0	2.295598698009553	-544.1226179747744
6.0	248.0	750.0	2.275834196025614	0.07554196600928192	50.81020361263013	0.29123480511228633	3.986948875664864	0.24526888053212084	0.06828561283167806	0.09423378038942841	245.62906068702216	107.0	2.295598698009553	-544.1226179747744
6.0	248.0	750.0	0.63644202696188	0.07760914737243485	11.593158157896996	0.42354378475895915	3.0079794950886747	0.42354377707496726	0.06828561283167806	0.09423378038942841	245.62906068702216	107.0	2.295598698009553	-544.1226179747744
6.0	248.0	750.0	0.1625697176008212	0.11739939893916314	71.63012988296265	1.2511883016660599	1.2493591473744372	1.0472322980011175	0.06828561283167806	0.09423378038942841	245.62906068702216	107.0	2.295598698009553	-544.1226179747744
6.0	248.0	750.0	0.2537257019030974	0.09964604297671449	81.90822372772948	1.6618989934397363	1.910052282649941	1.4747851699232304	0.06828561283167806	0.09423378038942841	245.62906068702216	107.0	2.295598698009553	-544.1226179747744
6.0	248.0	750.0	0.3580733178036961	0.13742885054020124	86.8570684005229	0.917503339535644	1.4378790339903933	1.2420902013932011	0.06828561283167806	0.09423378038942841	245.62906068702216	107.0	2.295598698009553	-544.1226179747744
4.0	258.0	750.0	3.1540627817620996	0.06300658040284303	43.01640399847566	0.32696185609806505	6.894996145196286	0.24172939436830337	0.06481752055608658	0.1038213810238744	322.3403701069526	113.0	2.852569646964182	-538.8473315212606
4.0	258.0	750.0	1.2692386104763318	0.16769818532669392	51.45035666180798	0.21006710355272756	2.272359297800618	0.3235266852046593	0.06481752055608658	0.1038213810238744	322.3403701069526	113.0	2.852569646964182	-538.8473315212606
4.0	258.0	750.0	0.8403138524447559	0.07700481601940803	11.596671796817347	0.3620139378350041	3.421051759943613	0.36207207812477576	0.06481752055608658	0.1038213810238744	322.3403701069526	113.0	2.852569646964182	-538.8473315212606
4.0	258.0	750.0	0.35008213501967134	0.08672632997183655	83.67410231460434	0.7714571100065096	2.6969382944394993	0.7714539179720854	0.06481752055608658	0.1038213810238744	322.3403701069526	113.0	2.852569646964182	-538.8473315212606
4.0	268.0	750.0	2.769121180178171	0.052011791507511056	43.71255638687002	0.17731025174943701	8.183735743559607	0.17884540322816925	0.07445148102926029	0.10531956679163759	265.30877320216126	113.0	2.3478652495766483	-528.543618457032
4.0	268.0	750.0	0.7739151300729806	0.07659013623173194	10.762049810713766	0.4293712762202911	3.7558428695880224	0.4296660349096397	0.07445148102926029	0.10531956679163759	265.30877320216126	113.0	2.3478652495766483	-528.543618457032
4.0	268.0	750.0	2.076153801655716	225457.2353573348	67.04139457035203	2368.249280683179	0.5128045415911575	14669.152158324894	0.07445148102926029	0.10531956679163759	265.30877320216126	113.0	2.3478652495766483	-528.543618457032
4.0	268.0	750.0	0.4446035502993518	0.09793166538044543	83.42050843585032	0.5841989637718236	2.2970698420855546	0.5842993088546913	0.07445148102926029	0.10531956679163759	265.30877320216126	113.0	2.3478652495766483	-528.543618457032
3.0	278.0	750.0	1.8824703441343393	0.11058971997607214	41.79085877697059	0.39728021223313403	6.650847116851087	0.38989770158706616	0.08188290172002494	0.11753458239614524	262.1592428945402	116.0	2.259993473228795	-513.4712552486453
3.0	278.0	750.0	0.8577812374427674	0.04648681738538353	65.66412164887156	1.807795129689916	13.074699406924843	1.635972453800392	0.08188290172002494	0.11753458239614524	262.1592428945402	116.0	2.259993473228795	-513.4712552486453
3.0	278.0	750.0	0.5987037977777458	0.0721547737602126	9.85627645754054	0.6859281977243425	4.928647101623619	0.6865558431265529	0.08188290172002494	0.11753458239614524	262.1592428945402	116.0	2.259993473228795	-513.4712552486453
7.0	288.0	750.0	2.2698852574052615	0.07078733918603555	47.66995159825381	0.6874084439893934	6.340789174400207	0.511802008295496	0.07083003475509381	0.08462482386507961	191.16044816968306	104.0	1.8380812324007987	-557.7972407370788
7.0	288.0	750.0	0.8266891219901018	0.25371953161474653	55.789901632091144	0.40540251493396834	2.5660966732756836	0.6326158592193761	0.07083003475509381	0.08462482386507961	191.16044816968306	104.0	1.8380812324007987	-557.7972407370788
7.0	288.0	750.0	0.7803226145380813	16805.820918677196	66.80578443869025	2530.4326157640357	0.5315045857360876	3445.220134214019	0.07083003475509381	0.08462482386507961	191.16044816968306	104.0	1.8380812324007987	-557.7972407370788
7.0	288.0	750.0	1.8900893637223541	0.05429415913748948	71.48229876146526	0.4495869993384154	7.591969424528342	0.36389815057642133	0.07083003475509381	0.08462482386507961	191.16044816968306	104.0	1.8380812324007987	-557.7972407370788
7.0	288.0	750.0	0.28563243537728955	0.11035031972942427	6.761653600117347	0.7091260646197669	1.7756025114600122	0.8977802845809582	0.07083003475509381	0.08462482386507961	191.16044816968306	104.0	1.8380812324007987	-557.7972407370788
7.0	288.0	750.0	0.3067500005164112	0.06385530779998605	12.77601842727706	2.8364873844041694	8.86896088541946	2.356497415462628	0.07083003475509381	0.08462482386507961	191.16044816968306	104.0	1.8380812324007987	-557.7972407370788
7.0	288.0	750.0	0.2170676350441441	0.10887191984968388	26.604599104947514	0.9772504169663524	1.997450685994802	1.2449040326830823	0.07083003475509381	0.08462482386507961	191.16044816968306	104.0	1.8380812324007987	-557.7972407370788
2.0	298.0	750.0	3.9474302343370575	0.055274660066955285	51.70678687470592	0.13151598083455518	7.0393080271561566	0.1436024660260157	0.07185127298241036	0.10528925580896364	277.9401432298679	119.0	2.3356314557131754	-545.6908678058776
2.0	298.0	750.0	2.812351937185827	0.061392738382564385	73.15116716024203	0.1650836588609441	5.468302105601689	0.16965718733739804	0.07185127298241036	0.10528925580896364	277.9401432298679	119.0	2.3356314557131754	-545.6908678058776
2.0	308.0	750.0	5.1327163404110445	0.06045955523496179	51.95029417280077	0.09579177303493357	6.447542079353354	0.10435360075072153	0.06843726039115154	0.11165041523338946	337.6127044744273	119.0	2.8370815502052715	-533.5493935649849
2.0	308.0	750.0	3.61879008875577	0.06670741976675107	72.78480271330199	0.12270333182090068	5.119748514151137	0.12796302322457886	0.06843726039115154	0.11165041523338946	337.6127044744273	119.0	2.8370815502052715	-533.5493935649849
2.0	318.0	750.0	5.412084698956979	0.07558040291748416	52.25618583933905	0.10433754709833089	5.910508742324417	0.11266512239237807	0.06425317695428259	0.11873854794458076	553.049071133526	119.0	4.647471185996017	-487.6275384469446
2.0	318.0	750.0	4.151658957017171	0.07924253546702822	72.59623831312068	0.12952823546951922	5.286563176670265	0.13695565124334566	0.06425317695428259	0.11873854794458076	553.049071133526	119.0	4.647471185996017	-487.6275384469446
2.0	328.0	750.0	4.746120100020793	0.08240447806491853	54.54000048714941	0.21432816174055633	7.071433506884631	0.2208417243426906	0.06750824572715612	0.15314742384630636	699.583015924539	119.0	5.878848873315454	-445.89317691536957
2.0	328.0	750.0	4.608186239505423	0.10190969439227669	72.39671829483622	0.18064441192195607	4.962239025923034	0.16699020298027936	0.06750824572715612	0.15314742384630636	699.583015924539	119.0	5.878848873315454	-445.89317691536957
2.0	338.0	750.0	3.1432106489949603	0.16976983477146365	72.90638867169851	0.117664171257129	3.0036367462143057	0.17766719515474053	0.08700050226073512	0.1282673910118509	272.2980554917907	119.0	2.288218953712527	-500.4255422386959
2.0	338.0	750.0	4.669000848953116	0.06748943387665682	62.04016726313162	0.3000408729339582	9.283484923765421	0.2140078792360079	0.08700050226073512	0.1282673910118509	272.2980554917907	119.0	2.288218953712527	-500.4255422386959
2.0	348.0	750.0	4.947140287926424	0.2629717076889643	72.03648617782166	0.19503074736500683	3.1871888254353076	0.14707924032154798	0.09406867100751674	0.1407856953873386	308.8794054170752	119.0	2.595625255605674	-465.1410420810987
2.0	348.0	750.0	4.8557940702610525	0.10809646279212805	62.65683523053756	0.3380049332944323	4.9291934732789455	0.26168693578719066	0.09406867100751674	0.1407856953873386	308.8794054170752	119.0	2.595625255605674	-465.1410420810987
2.0	358.0	750.0	4.997112867773537	0.19500982753857285	64.14860087153242	0.5399249099028294	4.739027327014267	0.45737642317135757	0.09657384121364035	0.26507369824065397	1158.6734874153751	119.0	9.736751995087186	-293.3103095345291
2.0	358.0	750.0	4.54505334697294	0.5446890474801329	72.30237592385944	0.25035070714417823	2.3923750027451716	0.25473618610826027	0.09657384121364035	0.26507369824065397	1158.6734874153751	119.0	9.736751995087186	-293.3103095345291
2.0	368.0	750.0	5.0878761607006275	0.43317775021651167	72.3710213985165	0.14271449339173706	2.145330499475167	0.18202016220926556	0.08673915765090648	0.24661498592260844	1100.0588883316843	119.0	9.244192338921717	-326.6499416853251
2.0	368.0	750.0	4.852820099758631	0.15627369462054785	63.95141708840055	0.440998129046708	5.273749617171822	0.3951018423431878	0.08673915765090648	0.24661498592260844	1100.0588883316843	119.0	9.244192338921717	-326.6499416853251
2.0	378.0	750.0	5.023905967707169	0.3793134685162567	71.7988924762412	0.13885980584570876	2.2086705899409913	0.17384770492676987	0.13622537272645435	0.236180473989563	421.07389949720056	119.0	3.5384361302285763	-333.8374619172105
2.0	378.0	750.0	4.825216200877766	0.14648759340664866	62.69739998385874	0.40439236282706115	5.586546355668479	0.3764814803299493	0.13622537272645435	0.236180473989563	421.07389949720056	119.0	3.5384361302285763	-333.8374619172105
2.0	388.0	750.0	3.6948228082846346	0.5276807019363999	71.16673021645079	0.23515356790230452	2.243919696216194	0.30565627298208603	0.11523706889823869	0.2629940881158669	813.2400225516277	119.0	6.833949769341409	-293.3900166350417
2.0	388.0	750.0	4.978608301380243	0.179250306303424	62.73780574180072	0.54017260933261	5.3736891572015	0.46685140582970897	0.11523706889823869	0.2629940881158669	813.2400225516277	119.0	6.833949769341409	-293.3900166350417
1.0	398.0	750.0	5.5306126160829265	0.16865235514279095	65.21073169642544	0.2074826388813918	5.891664918915939	0.20748231590443936	0.12959683301685537	0.2899059817862589	719.2574803846757	122.0	5.895553117907178	-286.0935248237155
2.0	408.0	750.0	5.059659693172775	4721740.497937158	72.93742706463884	26257.76349938914	0.4732369673392589	99293.47353987023	0.12381897064196844	0.13574548421740534	182.6831120771891	119.0	1.53515220232932	-462.09189834206904
2.0	408.0	750.0	5.1203723216295005	0.09236136074905607	67.25857528998647	0.1540106848185377	7.34142087910954	0.12430444475532641	0.12381897064196844	0.13574548421740534	182.6831120771891	119.0	1.53515220232932	-462.09189834206904
2.0	418.0	750.0	4.698183218407753	0.36099822574913093	78.10625215840801	0.10992994522925922	3.934958561400988	0.20475206136057483	0.11203036011067097	0.12508913437837388	160.92657887722322	119.0	1.3523241922455733	-502.95516711298467
2.0	418.0	750.0	4.75700248847443	0.12769146437924406	67.76146093574526	0.6011312995153282	8.428661670922914	0.3537328147495113	0.11203036011067097	0.12508913437837388	160.92657887722322	119.0	1.3523241922455733	-502.95516711298467
2.0	428.0	750.0	7.649020042422499	0.3782674348699762	79.43414081993171	0.0829370942357698	4.0954629255689445	0.153250467738268	0.07269918106666289	0.15819294431779451	646.0370200887637	119.0	5.428882521754317	-437.3265414244848
2.0	428.0	750.0	4.957733308208079	0.15236697737127344	68.83224122233024	0.6656075450638991	9.30949900510579	0.3760399020516482	0.07269918106666289	0.15819294431779451	646.0370200887637	119.0	5.428882521754317	-437.3265414244848
2.0	438.0	750.0	6.011695425077663	0.4926030940811467	79.82883869574552	0.1354647133440152	4.12982664836055	0.24799425515884854	0.06798565177669914	0.1860990187781909	1125.4563751259202	119.0	9.45761659769681	-384.69901519998143
2.0	438.0	750.0	5.602638658698249	0.22221085159287393	69.96727261350885	0.747433873887941	9.139616975673722	0.38992772160915984	0.06798565177669914	0.1860990187781909	1125.4563751259202	119.0	9.45761659769681	-384.69901519998143
2.0	448.0	750.0	4.975324259511382	0.9493002555397915	76.28355717708688	0.24079419008443978	5.784335106843266	0.4847183711913027	0.36105376468786626	0.14295891404443262	28.364545977153586	119.0	0.23835752921977804	-427.3669545017929
2.0	448.0	750.0	3.79622357595215	0.5196002769037996	66.07288688376882	2.1615758668861265	10.033703383109236	0.8496939022876357	0.36105376468786626	0.14295891404443262	28.364545977153586	119.0	0.23835752921977804	-427.3669545017929
2.0	458.0	750.0	4.361666695933694	0.44972213876660044	75.43501626401863	0.18972782700712848	4.837759819916516	0.35076401929986684	0.36105376468786626	0.13592077264256164	33.430945611738146	119.0	0.28093231606502644	-406.8242042331004
2.0	458.0	750.0	3.5302676764234673	0.20946847353204623	64.31965911418341	1.2303646244953277	10.439574778058597	0.6197620149952707	0.36105376468786626	0.13592077264256164	33.430945611738146	119.0	0.28093231606502644	-406.8242042331004
2.0	468.0	750.0	4.140109825586624	0.26493239222392717	75.70172828127212	0.13215177699379094	3.523969755855596	0.21788755994729803	0.07404102044205849	0.1463765818346165	663.6264334198419	119.0	5.576692717813797	-429.39643116127456
2.0	468.0	750.0	3.4032543386144942	0.0919454563765936	63.720023933219764	0.6862191938400609	9.549047495699684	0.48938109328162854	0.07404102044205849	0.1463765818346165	663.6264334198419	119.0	5.576692717813797	-429.39643116127456
3.0	478.0	750.0	3.236718080499718	0.48380779441373956	76.2629863528461	0.13860932001811777	2.3731165092279953	0.2452745700248185	0.07602723624394846	0.11750952143048385	381.60579568444473	116.0	3.2897051352107303	-485.0913916737639
3.0	478.0	750.0	3.685942027251731	0.1305362644871318	68.87859041502898	0.6576769456802632	5.469474851247454	0.8062419959964496	0.07602723624394846	0.11750952143048385	381.60579568444473	116.0	3.2897051352107303	-485.0913916737639
3.0	478.0	750.0	2.6856696678139027	0.2641903689556591	56.82870875146873	0.6518331526629394	4.509166268113136	0.38493201898667656	0.07602723624394846	0.11750952143048385	381.60579568444473	116.0	3.2897051352107303	-485.0913916737639
2.0	488.0	750.0	2.1920682191905585	0.1654427182007881	75.45266618518146	0.1461891101640358	2.083423340404135	0.1945734700091215	0.07995200046468358	0.1263937302982728	385.6896244134927	119.0	3.241089280785653	-478.0304368746583
2.0	488.0	750.0	3.8800136545472146	0.06582780531586807	64.56386408823543	0.2705356828318679	8.545213769340789	0.23485245854751702	0.07995200046468358	0.1263937302982728	385.6896244134927	119.0	3.241089280785653	-478.0304368746583
2.0	498.0	750.0	2.2433587891502964	0.1405823829563131	74.79015699985459	0.11794504136155552	2.199109055672911	0.16504128269888205	0.0810267188512765	0.11164856864840432	237.42058563016244	119.0	1.9951309716820373	-535.3422829331768
2.0	498.0	750.0	4.073868252114662	0.05456545289599481	64.20006350272584	0.2188136022375233	7.9256423082019865	0.19098939848104415	0.0810267188512765	0.11164856864840432	237.42058563016244	119.0	1.9951309716820373	-535.3422829331768
2.0	508.0	750.0	2.8207378714634648	0.21379579545258215	74.34659882092011	0.13846504620976252	2.3387845181480182	0.20292349744063137	0.12349537262507072	0.14029896986049584	203.3153807235491	119.0	1.7085326111222614	-449.37045418102906
2.0	508.0	750.0	4.55819747855494	0.0811390361018973	64.51382746259733	0.3091174380017275	7.748181698430496	0.24777749107050664	0.12349537262507072	0.14029896986049584	203.3153807235491	119.0	1.7085326111222614	-449.37045418102906
2.0	518.0	750.0	4.323697558263829	0.422727575900725	73.50716063503927	0.14226338154602688	3.1406959513373716	0.2465333320002231	0.05053604310571097	0.16387255966192077	1670.6803375765394	119.0	14.03933056787008	-409.4711945822745
2.0	518.0	750.0	4.3078295408075	0.1343412082092294	63.95036740696873	0.6839683537390395	7.385382500035011	0.46080429647334764	0.05053604310571097	0.16387255966192077	1670.6803375765394	119.0	14.03933056787008	-409.4711945822745
2.0	528.0	750.0	6.194118462283195	0.3468599658892615	72.7146292918409	0.11147276679251171	3.352749297860525	0.1348232514747467	0.09991209739217519	0.1277251024264181	271.43716989934336	119.0	2.2809846210028852	-466.22714239482667
2.0	528.0	750.0	3.671249056239449	0.10134733501627619	62.48798939572056	0.6313007077804952	6.768128395289785	0.46053360775272145	0.09991209739217519	0.1277251024264181	271.43716989934336	119.0	2.2809846210028852	-466.22714239482667
2.0	538.0	750.0	5.9938306522785005	0.22463500687571208	72.55019287811314	0.05797609280078451	3.2570059452642584	0.09131657277542547	0.08498835788479155	0.08239945552806652	145.23756598508447	119.0	1.220483747773819	-584.841253760175
2.0	538.0	750.0	3.3415152968555897	0.06659471952149985	62.678218454397054	0.4613275009476441	7.195514843883334	0.31939921644500924	0.08498835788479155	0.08239945552806652	145.23756598508447	119.0	1.220483747773819	-584.841253760175
2.0	548.0	750.0	4.017972541321364	0.10481100120944639	72.48856776694966	0.06943870441181166	3.1799733178956693	0.09243819855759212	0.06787262925017265	0.08470266123979935	195.2232891434109	119.0	1.6405318415412682	-604.0899631342623
2.0	548.0	750.0	3.1286421989696196	0.07047545919502209	65.15007915431924	0.26673938828622595	9.252016052567583	0.15127603014687166	0.06787262925017265	0.08470266123979935	195.2232891434109	119.0	1.6405318415412682	-604.0899631342623
2.0	558.0	750.0	2.709179760082751	0.08800650409084064	72.01003481192421	0.0963877237242068	3.030245017057542	0.12046205832677108	0.06539071123920963	0.08300745281303817	224.7614317651569	119.0	1.8887515274382933	-595.7911758505232
2.0	558.0	750.0	2.605863804264118	0.06523375359803824	65.99739265720576	0.2535194130263278	11.17800666441885	0.19601890158398932	0.06539071123920963	0.08300745281303817	224.7614317651569	119.0	1.8887515274382933	-595.7911758505232
2.0	568.0	750.0	3.3681965920662664	0.09301182283384689	71.5915172380375	0.37722706785921	5.763302418457533	0.3244823048050944	0.07660589931539302	0.14458752431804178	513.3801015905732	119.0	4.314118500761119	-452.97058671793167
2.0	568.0	750.0	1.9353460686641748	0.10295360994036837	56.487158264956136	0.6206296630242177	5.316395237861492	0.5151489731235452	0.07660589931539302	0.14458752431804178	513.3801015905732	119.0	4.314118500761119	-452.97058671793167
2.0	578.0	750.0	3.1978867618273408	0.0779775775184213	70.92553915017056	0.4972241300233194	7.560045851323849	0.4260386675916995	0.0750940222841662	0.14527944958553404	493.37290962312665	119.0	4.145990837169132	-462.9227706530309
2.0	578.0	750.0	1.883083188231771	0.14928098559950856	55.12292582416662	0.573542205798267	5.037084966579929	0.45267176097615563	0.0750940222841662	0.14527944958553404	493.37290962312665	119.0	4.145990837169132	-462.9227706530309
4.0	588.0	750.0	2.23072601408506	0.1879861491054814	70.11891552744403	0.16366911086380914	2.579997720648654	0.20300537477597494	0.06633251158980044	0.08834588867903194	227.1275170175051	113.0	2.009978026703585	-576.8333345591473
4.0	588.0	750.0	3.280621748710459	0.05188165432782137	60.60021366383389	0.36359891869728517	7.271188078586722	0.2928994231822874	0.06633251158980044	0.08834588867903194	227.1275170175051	113.0	2.009978026703585	-576.8333345591473
4.0	588.0	750.0	1.5439859772367055	0.06868078799252057	79.95873533094756	0.39867904768768625	4.933848991367633	0.37730457901922215	0.06633251158980044	0.08834588867903194	227.1275170175051	113.0	2.009978026703585	-576.8333345591473
4.0	588.0	750.0	0.3611988574556591	0.04836583319928949	13.787767320466136	0.9894045116468118	6.399094628250854	0.9894101540349685	0.06633251158980044	0.08834588867903194	227.1275170175051	113.0	2.009978026703585	-576.8333345591473
4.0	598.0	750.0	1.6296246329686939	0.14838524798110134	70.39752908837973	0.12335037501667315	2.1428419798039835	0.19136108641638191	0.06504410413310359	0.07814172115849155	180.62430915139828	113.0	1.5984452137291882	-610.3735271295498
4.0	598.0	750.0	3.597152330593405	0.04390587142495055	61.69607224365028	0.2781702064019104	7.497293868519712	0.2253913439819534	0.06504410413310359	0.07814172115849155	180.62430915139828	113.0	1.5984452137291882	-610.3735271295498
4.0	598.0	750.0	0.9312170284664131	0.060483928249908094	82.26702537634232	0.3607844188925467	3.9827639846976473	0.33390546331368864	0.06504410413310359	0.07814172115849155	180.62430915139828	113.0	1.5984452137291882	-610.3735271295498
4.0	598.0	750.0	0.6884248978037776	0.056070583715579644	16.356731259499128	0.3424030861105897	3.6407410044013346	0.3424030842360471	0.06504410413310359	0.07814172115849155	180.62430915139828	113.0	1.5984452137291882	-610.3735271295498
3.0	608.0	750.0	3.873247372223116	0.04869186425056866	63.99532324887031	0.13254181830339656	8.425229501778219	0.10311537325682486	0.0726377321304121	0.08176566470244373	173.22177687408094	116.0	1.4932911799489736	-595.220101139262
3.0	608.0	750.0	0.7768224741322026	0.10156208797980786	70.44725116260675	0.2256668652817603	1.5732460191915378	0.2551305129816503	0.0726377321304121	0.08176566470244373	173.22177687408094	116.0	1.4932911799489736	-595.220101139262
3.0	608.0	750.0	0.5013832743562581	0.06741548494312037	16.15996076474333	0.4555700624498293	2.9342418531129106	0.45556986190023435	0.0726377321304121	0.08176566470244373	173.22177687408094	116.0	1.4932911799489736	-595.220101139262
3.0	618.0	750.0	4.175706561985565	0.271502931085277	62.44492700811258	0.8699837239624204	6.570434953261923	0.4425668613037968	0.09035234685087438	0.09183719553457936	161.9370290455882	116.0	1.3960088710826568	-549.0826278064027
3.0	618.0	750.0	1.9534072333634813	0.4864927932706968	73.40025582023966	1.1411384288422968	5.181717478553756	0.5474871928744426	0.09035234685087438	0.09183719553457936	161.9370290455882	116.0	1.3960088710826568	-549.0826278064027
3.0	618.0	750.0	0.3803724463947689	0.06858480942763341	15.091159490354588	0.8537795599775203	4.1006953017821015	0.8537795551711552	0.09035234685087438	0.09183719553457936	161.9370290455882	116.0	1.3960088710826568	-549.0826278064027
4.0	628.0	750.0	3.973839928034577	0.18985671761257358	61.82243460562965	0.6391917808301029	6.434293947466539	0.33967030392957365	0.05350302107945234	0.084767955238893	314.1942935206586	113.0	2.780480473634147	-590.0063468865384
4.0	628.0	750.0	2.264709312970624	0.30521766215490226	73.50888833004241	0.8142250366100326	5.372251173185848	0.3984914536642974	0.05350302107945234	0.084767955238893	314.1942935206586	113.0	2.780480473634147	-590.0063468865384
4.0	628.0	750.0	0.2128315567308937	0.38709636920587887	21.91770683280299	2.7418214063062956	2.653876866615994	2.4750013965992608	0.05350302107945234	0.084767955238893	314.1942935206586	113.0	2.780480473634147	-590.0063468865384
4.0	628.0	750.0	0.4071371381289582	0.13249594151469174	15.208932685994965	4.269702200928124	4.4834467156179425	2.620248191100548	0.05350302107945234	0.084767955238893	314.1942935206586	113.0	2.780480473634147	-590.0063468865384
3.0	638.0	750.0	3.084171374609929	0.20166914541539657	70.49870737495753	0.7194226250722128	5.747929833901869	0.40507306660503256	0.07025617329478849	0.10594507044842284	299.5973224667154	116.0	2.582735538506167	-535.0708600861553
3.0	638.0	750.0	2.2517475094537365	0.2091797295503209	58.11672384398613	0.9679553656828715	5.674938684559264	0.5408405622087277	0.07025617329478849	0.10594507044842284	299.5973224667154	116.0	2.582735538506167	-535.0708600861553
3.0	638.0	750.0	1.1343429971142975	0.07067140218264012	18.204116350316866	0.3107967760259007	4.320239494299487	0.3107967787613621	0.07025617329478849	0.10594507044842284	299.5973224667154	116.0	2.582735538506167	-535.0708600861553
3.0	648.0	750.0	3.254031917092047	0.07040136745320162	71.77326704071898	0.1852667327988381	5.400994088406508	0.1913905719548876	0.07372232158793425	0.1129903920665095	327.1331020234138	116.0	2.820112948477705	-512.0405224601504
3.0	648.0	750.0	1.586899336341495	0.07235721181740226	55.132728379289375	0.3686979082194389	5.059277805522011	0.3724028963907684	0.07372232158793425	0.1129903920665095	327.1331020234138	116.0	2.820112948477705	-512.0405224601504
3.0	648.0	750.0	1.5398112366848433	0.07577764818383394	16.779459923484897	0.2567270231101256	4.5178163962991995	0.2567270222024453	0.07372232158793425	0.1129903920665095	327.1331020234138	116.0	2.820112948477705	-512.0405224601504
4.0	658.0	750.0	3.304080091544038	0.08099403154329521	72.35670445176902	0.17879293676036648	4.22629297286515	0.2252016522070182	0.36105376468786626	0.08917452665221431	13.054544079359637	113.0	0.11552693875539502	-510.2935678391097
4.0	658.0	750.0	1.18177895040962	0.11661159835784833	82.17019924189744	0.37454049218915353	2.5344530272389845	0.3434962466544795	0.36105376468786626	0.08917452665221431	13.054544079359637	113.0	0.11552693875539502	-510.2935678391097
4.0	658.0	750.0	1.3407439395132617	0.06463722880364714	53.46358286809969	0.4105106276808897	6.504540917184697	0.4539188344758896	0.36105376468786626	0.08917452665221431	13.054544079359637	113.0	0.11552693875539502	-510.2935678391097
4.0	658.0	750.0	1.2089400508781458	0.06575528047421428	13.678199681446392	0.3702641667568378	5.8954614202625955	0.3702726050985435	0.36105376468786626	0.08917452665221431	13.054544079359637	113.0	0.11552693875539502	-510.2935678391097
3.0	668.0	750.0	1.9283512801476221	0.10578752776909318	74.89968140745917	0.6135031069886053	6.604904933138521	0.461661229272616	0.12606455946504297	0.10230695503897753	123.29664480871085	116.0	1.0629021104199212	-499.8901316335224
3.0	668.0	750.0	1.14370073297596	0.06344293384276865	55.37640132847509	1.3417529946067883	8.802403284637107	1.1106006457568551	0.12606455946504297	0.10230695503897753	123.29664480871085	116.0	1.0629021104199212	-499.8901316335224
3.0	668.0	750.0	0.7766934983120248	0.06454835138352728	10.090265385845303	0.6587511098498042	6.8645974439155175	0.6592152123021909	0.12606455946504297	0.10230695503897753	123.29664480871085	116.0	1.0629021104199212	-499.8901316335224
4.0	678.0	750.0	0.9956231380158029	0.11195757729657536	77.15001926787015	0.3211649355827902	2.76513266800929	0.40908343202058567	0.09673760412633108	0.09222515930864636	164.52506742597575	113.0	1.4559740480174845	-522.8089043580334
4.0	678.0	750.0	0.5895481305823878	0.12579344336241766	63.43047051383157	0.44829432788153517	2.115288611904504	0.5911442444975268	0.09673760412633108	0.09222515930864636	164.52506742597575	113.0	1.4559740480174845	-522.8089043580334
4.0	678.0	750.0	0.3758667430747967	0.06512806996951466	6.0416563561812	1.0878900540411949	5.4370679017155	1.0879744593091953	0.09673760412633108	0.09222515930864636	164.52506742597575	113.0	1.4559740480174845	-522.8089043580334
4.0	678.0	750.0	1.5406083000056872	0.09672934360598098	65.25884485598564	0.6441402014699562	13.490457124309694	0.5379152580071033	0.09673760412633108	0.09222515930864636	164.52506742597575	113.0	1.4559740480174845	-522.8089043580334
3.0	688.0	750.0	2.523591652706252	0.04924023297722201	68.04234774213862	0.23227887977638176	8.671562298911763	0.25898361219010924	0.06844054565477718	0.09916487771976104	282.7091212439367	116.0	2.4371475969304885	-548.869147966577
3.0	688.0	750.0	0.3817015812761993	0.13571453260513025	51.87968005124042	1.060781426446514	2.36680248750278	1.0447730892123244	0.06844054565477718	0.09916487771976104	282.7091212439367	116.0	2.4371475969304885	-548.869147966577
3.0	688.0	750.0	0.567930361106056	0.07182608984529953	43.33882446749784	1.1200162059624938	4.09962615171398	1.076234553406759	0.06844054565477718	0.09916487771976104	282.7091212439367	116.0	2.4371475969304885	-548.869147966577
2.0	698.0	750.0	2.9340668899819433	0.050928029305920754	66.86801023592591	0.14981675992766758	6.3314256297330065	0.1601287692686138	0.07999829585703491	0.08429416128756635	174.35683326526205	119.0	1.465183472817328	-577.1268436919368
2.0	698.0	750.0	0.43519126323917573	0.0517824127741617	45.51631423729827	0.9922457563585841	6.074759124724236	1.0493208397653757	0.07999829585703491	0.08429416128756635	174.35683326526205	119.0	1.465183472817328	-577.1268436919368
2.0	708.0	750.0	3.327733138562506	0.07252326556160872	65.85093952580799	0.15446519447530754	5.498606417366444	0.1633825881766959	0.08337520397423623	0.10854171915258636	286.0551110657977	119.0	2.403824462737796	-504.9053737901164
2.0	708.0	750.0	0.35526422609297204	0.06933730697004924	44.83742191975621	1.5157112735169411	6.115836410632164	1.6365577279114787	0.08337520397423623	0.10854171915258636	286.0551110657977	119.0	2.403824462737796	-504.9053737901164
2.0	718.0	750.0	2.802883332718095	0.06912077510672758	64.79327279804387	0.15735445479444432	5.528583190725742	0.158756055831829	0.09094756741022407	0.11569011550994394	223.39900287847522	119.0	1.8773025451972707	-514.0754550585594
2.0	718.0	750.0	0.3516792434656285	0.08720812284311195	42.82849914853604	0.993962662691783	3.462796470033555	0.9993405842153948	0.09094756741022407	0.11569011550994394	223.39900287847522	119.0	1.8773025451972707	-514.0754550585594
3.0	758.0	750.0	2.767384386114593	0.06919128068587671	58.054376491911434	0.17558877745541993	5.539248911255958	0.19586594618395067	0.09319218237832035	0.09316320688780855	194.7251877938776	116.0	1.6786654120161864	-518.298201087507
3.0	758.0	750.0	0.4460074569802499	0.17904616013691244	69.50216823990826	0.6688944072611176	1.622413690797039	0.7890959569064478	0.09319218237832035	0.09316320688780855	194.7251877938776	116.0	1.6786654120161864	-518.298201087507
3.0	758.0	750.0	0.5560564511549194	0.07880941115218949	76.89805257675462	1.2541383506297232	4.289456924610125	1.2488882962043482	0.09319218237832035	0.09316320688780855	194.7251877938776	116.0	1.6786654120161864	-518.298201087507
3.0	768.0	750.0	3.0747466688617404	0.0657786287960856	56.46275701249341	0.3090452355821326	6.163386984130301	0.2561790898817044	0.09417932603829092	0.09217335310974648	163.82375462779865	116.0	1.4122737467913677	-537.2637494636261
3.0	768.0	750.0	0.7279786333498706	0.19266483157714148	68.99536747832491	0.2908494770527749	1.4919722385135432	0.6311562400998049	0.09417932603829092	0.09217335310974648	163.82375462779865	116.0	1.4122737467913677	-537.2637494636261
3.0	768.0	750.0	0.7634145474982863	0.09015309976806019	74.58821153260108	2.044234309639627	5.924056962564518	1.382519564096634	0.09417932603829092	0.09217335310974648	163.82375462779865	116.0	1.4122737467913677	-537.2637494636261
2.0	778.0	750.0	1.1102735784458548	0.10679886009080751	53.47588548751315	0.33743651251902684	3.8120614086955573	0.431029738711677	0.08677602430699226	0.1000862393751045	189.91059316677516	119.0	1.5958873375359257	-546.1144061476944
2.0	778.0	750.0	2.261179101437915	0.08373698187023584	60.7196259316193	0.42518004560228456	12.27791086623374	0.29297083801899215	0.08677602430699226	0.1000862393751045	189.91059316677516	119.0	1.5958873375359257	-546.1144061476944
2.0	788.0	750.0	0.9869776089991787	1.1505330946961434	49.14422539873898	2.296658234460126	8.316206183254131	2.5155325955853556	0.07333573196735961	0.08401150373892848	168.5306800466055	119.0	1.4162242020723153	-603.1144547219726
2.0	788.0	750.0	2.1969942015427817	0.6519312982160769	62.53340902763196	5.3293856439131755	12.194108084427716	1.964092108239285	0.07333573196735961	0.08401150373892848	168.5306800466055	119.0	1.4162242020723153	-603.1144547219726
3.0	798.0	750.0	1.9710911408580076	0.06665447354629067	49.72677481847592	0.663634591986613	7.569843844242936	0.4822369862401838	0.06696765840079912	0.07211508093908105	173.38437320070028	116.0	1.49469287241983	-615.4215038718353
3.0	798.0	750.0	0.8215048366593968	0.35772507028756706	62.73033914631564	0.7888944756884122	4.444505911817435	1.062608398779288	0.06696765840079912	0.07211508093908105	173.38437320070028	116.0	1.49469287241983	-615.4215038718353
3.0	798.0	750.0	1.0522960870396578	0.11090375663441146	73.61455686544053	2.631447677987538	9.063830140894064	1.5142224941861915	0.06696765840079912	0.07211508093908105	173.38437320070028	116.0	1.49469287241983	-615.4215038718353
2.0	978.0	750.0	4.4438271051515805	0.20127410125853412	42.148146682206004	0.3333604572518428	6.293580803557914	0.3493937420344203	0.08279315047856764	0.301575791613768	2551.8413472713833	119.0	21.44404493505364	-233.10852961450317
2.0	978.0	750.0	1.9499462284764812	0.22555204542427218	65.41219782548302	0.6777266764017813	4.9490026815277	0.6995854521982406	0.08279315047856764	0.301575791613768	2551.8413472713833	119.0	21.44404493505364	-233.10852961450317
1.0	78.0	760.0	2.0981894716418825	0.11059155658104082	7.42693334238132	0.30500878294246775	5.01148887473482	0.3050087893475984	0.09343113871466455	0.1451810055009389	506.104539220276	122.0	4.1483978624612785	-411.8289608531091
3.0	88.0	760.0	2.8454761656782264	0.05449455127336107	7.069048415855573	0.10841036398735725	4.463674336581538	0.1096652147499136	0.08306876420426032	0.08471530093369087	130.10709923198087	116.0	1.1216129244136281	-597.450888280202
3.0	88.0	760.0	0.31081894008645733	0.03949386347156643	31.012920398837316	1.3936289544673979	9.007854876746745	1.5668717880767309	0.08306876420426032	0.08471530093369087	130.10709923198087	116.0	1.1216129244136281	-597.450888280202
3.0	88.0	760.0	0.5579336446200589	0.06159758534184382	60.54836859020724	0.4434920164948911	3.4528607443598345	0.4454413413481918	0.08306876420426032	0.08471530093369087	130.10709923198087	116.0	1.1216129244136281	-597.450888280202
3.0	98.0	760.0	2.082997392495424	0.04958732498688287	8.225236920144166	0.13769766151137167	4.3682572261173895	0.1381472642296059	0.08268024402543765	0.07333964109983691	105.06957181677241	116.0	0.9057721708342449	-625.3398080193587
3.0	98.0	760.0	0.31606301232377315	0.037151183111994016	29.31735081550423	1.231554366110267	8.133137376122388	1.369861618223405	0.08268024402543765	0.07333964109983691	105.06957181677241	116.0	0.9057721708342449	-625.3398080193587
3.0	98.0	760.0	0.5881964216364427	0.0649556024184464	59.66769097272359	0.31688641636700976	2.483841324480165	0.3169871227476781	0.08268024402543765	0.07333964109983691	105.06957181677241	116.0	0.9057721708342449	-625.3398080193587
5.0	108.0	760.0	1.3570408737752475	0.24414590780258172	9.835142415139286	0.2414147824776881	3.5791086932390757	0.4388249165314741	0.090767935437088	0.07903690553600125	94.79850806987317	110.0	0.8618046188170287	-600.0286359268559
5.0	108.0	760.0	0.4798101425920576	0.11238172377737264	17.957062371942627	3.5532585202852256	7.632603827232266	1.9106203281615908	0.090767935437088	0.07903690553600125	94.79850806987317	110.0	0.8618046188170287	-600.0286359268559
5.0	108.0	760.0	0.32191580757872723	0.06846175762105437	38.03680042331384	0.6703636219425292	2.6182672106036997	0.6872253866933753	0.090767935437088	0.07903690553600125	94.79850806987317	110.0	0.8618046188170287	-600.0286359268559
5.0	108.0	760.0	0.40061584024170804	0.043818683309114086	58.65521815075509	0.8000026158279943	6.341690313163082	0.8185960860810598	0.090767935437088	0.07903690553600125	94.79850806987317	110.0	0.8618046188170287	-600.0286359268559
5.0	108.0	760.0	0.27373374210128504	0.06193007313792429	83.23263320413334	0.8200796880758321	3.1351490436573055	0.8216817038662906	0.090767935437088	0.07903690553600125	94.79850806987317	110.0	0.8618046188170287	-600.0286359268559
6.0	248.0	760.0	1.3473429331814	0.6022875561430956	38.34833829317031	0.23973905173548785	2.7092504080336033	0.6144075232775841	0.07135308732537846	0.07697516125945858	175.3238453895842	107.0	1.6385406111176093	-575.2857023276238
6.0	248.0	760.0	2.106238997624805	0.16294442095391867	51.67695861132273	0.14445595066982866	2.051158744780198	0.17116710003189692	0.07135308732537846	0.07697516125945858	175.3238453895842	107.0	1.6385406111176093	-575.2857023276238
6.0	248.0	760.0	1.3821281196435644	0.07657357035269709	59.06751762560647	0.2424846645324933	2.745024602835388	0.25317385063174136	0.07135308732537846	0.07697516125945858	175.3238453895842	107.0	1.6385406111176093	-575.2857023276238
6.0	248.0	760.0	0.40104186912699136	0.0633137147040812	85.68488465698194	0.6421121974877402	3.5223577601138976	0.6421122052371725	0.07135308732537846	0.07697516125945858	175.3238453895842	107.0	1.6385406111176093	-575.2857023276238
6.0	248.0	760.0	0.4873848160972092	0.052747453290223505	11.827016022559595	0.6554064445097929	5.1655962475583115	0.6807199022270313	0.07135308732537846	0.07697516125945858	175.3238453895842	107.0	1.6385406111176093	-575.2857023276238
6.0	248.0	760.0	1.28003584405542	0.6099692850907998	39.467082444374455	0.9865648254060682	6.182061387295382	1.55277655703728	0.07135308732537846	0.07697516125945858	175.3238453895842	107.0	1.6385406111176093	-575.2857023276238
5.0	258.0	760.0	2.695750076405944	0.10118408853171372	39.470327641548934	0.30857371598944905	5.651332638513628	0.3580670536565856	0.06840097589433755	0.16427458677884524	721.4661355072816	110.0	6.5587830500661966	-417.0669140767833
5.0	258.0	760.0	1.8928631012826027	0.16021163418468873	51.79494427950826	0.33915393971679497	2.4806984773272207	0.40222205612924605	0.06840097589433755	0.16427458677884524	721.4661355072816	110.0	6.5587830500661966	-417.0669140767833
5.0	258.0	760.0	0.904458996772254	0.14832156270236355	59.374305666086	0.7071600368642684	2.428972802254904	0.6928215935111118	0.06840097589433755	0.16427458677884524	721.4661355072816	110.0	6.5587830500661966	-417.0669140767833
5.0	258.0	760.0	0.5582561204322357	0.13298481976454407	85.17715278329685	0.807839329017568	2.936947532819377	0.8078402432147287	0.06840097589433755	0.16427458677884524	721.4661355072816	110.0	6.5587830500661966	-417.0669140767833
5.0	258.0	760.0	0.5757173720650005	0.09173469858675473	13.40606655878706	1.1677568369916154	6.288232176972805	1.211596684766966	0.06840097589433755	0.16427458677884524	721.4661355072816	110.0	6.5587830500661966	-417.0669140767833
5.0	268.0	760.0	1.9406183409903692	0.09790439806577361	39.436600388398844	1.0765262294592903	6.880642360332657	1.093465294643547	0.07302159031827128	0.16249996948905965	630.9823129082861	110.0	5.736202844620783	-417.4758493957374
5.0	268.0	760.0	1.1035570338487146	0.279780349708195	52.31123407083399	1.1480773002726503	3.7376755429754063	1.6611303504288943	0.07302159031827128	0.16249996948905965	630.9823129082861	110.0	5.736202844620783	-417.4758493957374
5.0	268.0	760.0	0.5930671147151033	0.26515112251446926	60.47250945229553	1.774691841371597	2.62166538957549	1.2945093707139288	0.07302159031827128	0.16249996948905965	630.9823129082861	110.0	5.736202844620783	-417.4758493957374
5.0	268.0	760.0	0.3999232911747339	10899752.137447193	86.00444064914944	40182055.224903986	0.06607643529723184	nan	0.07302159031827128	0.16249996948905965	630.9823129082861	110.0	5.736202844620783	-417.4758493957374
5.0	268.0	760.0	0.4444960080362178	0.08998580827002141	14.140116556072758	1.810091956652396	6.608837337495645	1.936265431001744	0.07302159031827128	0.16249996948905965	630.9823129082861	110.0	5.736202844620783	-417.4758493957374
4.0	298.0	760.0	2.1708516273813423	0.09976645953105209	76.82097636372242	0.14338026626546635	2.815361723085408	0.1619933815344267	0.12453784402234529	0.10432798935144383	108.12180159165604	113.0	0.9568301025810269	-512.1326151609921
4.0	298.0	760.0	1.8539301591501394	0.09860250925828667	54.894126168587036	0.3283707435729376	3.569830019022918	0.35474457134276643	0.12453784402234529	0.10432798935144383	108.12180159165604	113.0	0.9568301025810269	-512.1326151609921
4.0	298.0	760.0	1.1213499536909461	0.1355672754799787	46.989473197094526	0.38624450980609515	2.1496635636467136	0.3467413629624145	0.12453784402234529	0.10432798935144383	108.12180159165604	113.0	0.9568301025810269	-512.1326151609921
4.0	298.0	760.0	1.0458222498113319	0.05847583553028622	53.094733731484595	1.1098375452436624	26.093147597941517	1.107376737680314	0.12453784402234529	0.10432798935144383	108.12180159165604	113.0	0.9568301025810269	-512.1326151609921
5.0	308.0	760.0	3.6073491873055445	0.09933453384243075	75.69026781671606	0.15079519285844972	4.505032876702447	0.15504989903811545	0.08900671814086161	0.1399447129148967	362.56361967741054	110.0	3.2960329061582776	-437.2464090987366
5.0	308.0	760.0	4.258822427871674	0.08395028319820298	52.64522510860515	0.17467949713302794	6.992553165473814	0.20784316648029305	0.08900671814086161	0.1399447129148967	362.56361967741054	110.0	3.2960329061582776	-437.2464090987366
5.0	308.0	760.0	0.7159233544267264	0.24313153863878895	36.463771842364324	0.602533785587303	2.258268691978665	0.8121424353317932	0.08900671814086161	0.1399447129148967	362.56361967741054	110.0	3.2960329061582776	-437.2464090987366
5.0	308.0	760.0	0.5889269730943869	0.08478494288363557	26.796602877082464	2.5215053331892796	6.760755629644808	2.2931236150251086	0.08900671814086161	0.1399447129148967	362.56361967741054	110.0	3.2960329061582776	-437.2464090987366
5.0	308.0	760.0	0.30187915916969515	0.062444883670359615	-17.386317800234504	2.7319656095604645	11.448222922051238	2.78055001465575	0.08900671814086161	0.1399447129148967	362.56361967741054	110.0	3.2960329061582776	-437.2464090987366
2.0	318.0	760.0	4.939278535284154	0.17735696503072662	75.58409133053043	0.17332601741309486	3.9427788085323785	0.17587539149983286	0.11774435799812008	0.21079797559654248	621.2187554650777	119.0	5.220325676177124	-321.67680794545254
2.0	318.0	760.0	4.730848916688012	0.11716247773321982	51.167708962892775	0.2778004161003606	9.390429674603388	0.30299606093301795	0.11774435799812008	0.21079797559654248	621.2187554650777	119.0	5.220325676177124	-321.67680794545254
2.0	328.0	760.0	5.371943040343739	0.08920820545085595	51.443704108074144	0.22177102150012465	10.631292404905384	0.24747251288156286	0.06767762996108395	0.18067910112305993	1210.2578079158616	119.0	10.170233679965223	-376.75366337058006
2.0	328.0	760.0	5.605955441664778	0.1520765326052091	75.04564478076789	0.11947285483017371	3.6823471990645302	0.12438592072770752	0.06767762996108395	0.18067910112305993	1210.2578079158616	119.0	10.170233679965223	-376.75366337058006
2.0	338.0	760.0	3.461105543697299	0.15330553230298247	73.97205010720847	0.13066546959396255	3.138894337690969	0.1722676005878291	0.10101482413725116	0.1619015442343794	321.268746218665	119.0	2.699737363182059	-442.4146040128684
2.0	338.0	760.0	4.982457960032468	0.061011937788972126	56.559529708420456	0.29065461055065084	12.993829440467737	0.2646717304555508	0.10101482413725116	0.1619015442343794	321.268746218665	119.0	2.699737363182059	-442.4146040128684
4.0	348.0	760.0	4.613138053954998	0.19153211883811072	71.77158558468433	0.19197779108260385	3.4374281096790114	0.16754716395358757	0.09749481987157833	0.08806921054136797	118.621274142892	113.0	1.0497457888751505	-561.750529888052
4.0	348.0	760.0	5.008088280250673	0.1982595459762979	61.87062152281533	0.2296062031349066	4.77997022722751	0.2979540503254422	0.09749481987157833	0.08806921054136797	118.621274142892	113.0	1.0497457888751505	-561.750529888052
4.0	348.0	760.0	1.1157217382247058	0.07820327978312808	82.57980499591372	0.29530230396049734	2.80508495666616	0.2995810450139451	0.09749481987157833	0.08806921054136797	118.621274142892	113.0	1.0497457888751505	-561.750529888052
4.0	348.0	760.0	1.2083760962060175	0.06067964421786573	46.722989055052004	1.4719793989030658	8.943958845522422	1.0665291240218315	0.09749481987157833	0.08806921054136797	118.621274142892	113.0	1.0497457888751505	-561.750529888052
4.0	358.0	760.0	4.924612848391836	0.2693457116800092	71.49658019915695	0.221477273809099	2.786454237588438	0.174650405447613	0.0979968841948863	0.1742527492016828	453.64551180772696	113.0	4.014562051395814	-392.79389130707256
4.0	358.0	760.0	5.093258101569607	0.1394277721035336	62.96232865437092	0.3131891450141006	4.084458911026136	0.26108550359556765	0.0979968841948863	0.1742527492016828	453.64551180772696	113.0	4.014562051395814	-392.79389130707256
4.0	358.0	760.0	0.7814969704571142	0.182416286321923	82.63343613492451	0.5360065754554442	1.9790693330784146	0.5461728217049282	0.0979968841948863	0.1742527492016828	453.64551180772696	113.0	4.014562051395814	-392.79389130707256
4.0	358.0	760.0	0.238976508467717	0.11378549046324829	27.28731178348902	2.770998553242722	5.040054775259198	2.7709985956346825	0.0979968841948863	0.1742527492016828	453.64551180772696	113.0	4.014562051395814	-392.79389130707256
2.0	368.0	760.0	5.302822631452967	0.2993316561833222	71.98840469420136	0.1417486183324526	2.2457322448538	0.13972832311948785	0.08129337860302187	0.22048862702934305	942.5996054733074	119.0	7.921005088010987	-362.16983069935543
2.0	368.0	760.0	4.889886948724698	0.14545965457115012	63.3604279982369	0.29425020793664747	4.5214676638509905	0.28417638965982794	0.08129337860302187	0.22048862702934305	942.5996054733074	119.0	7.921005088010987	-362.16983069935543
2.0	378.0	760.0	5.29694194393858	0.24373593581905365	71.70304457102401	0.11722044192645005	2.19049482153104	0.12006565064948332	0.0770575651247366	0.20823539890760667	919.2926502493857	119.0	7.72514832142341	-378.67742262381046
2.0	378.0	760.0	4.716753443238035	0.13241504440978835	62.28216319535779	0.24462954723009667	4.79512684095119	0.25341679177021215	0.0770575651247366	0.20823539890760667	919.2926502493857	119.0	7.72514832142341	-378.67742262381046
2.0	388.0	760.0	4.0692309143016905	0.301652887894148	71.21846248862533	0.17109074285263876	2.2979563918124706	0.18478525452338393	0.11010940557808255	0.21601837696215193	513.2669361722611	119.0	4.313167530859337	-362.29804892625515
2.0	388.0	760.0	4.2052746210073035	0.13619931102743632	61.91610727854267	0.3631653260149061	5.15078299054372	0.352720963194377	0.11010940557808255	0.21601837696215193	513.2669361722611	119.0	4.313167530859337	-362.29804892625515
2.0	398.0	760.0	3.116027232758864	0.5511118047482788	70.208824230552	0.29025179732243966	3.0711387620239563	0.3729807872235243	0.10329428330786422	0.1950359672190701	477.7137766602637	119.0	4.0144014845400315	-387.24419407957055
2.0	398.0	760.0	3.781485436370237	0.16052529982504538	61.133792755819336	0.8830470890669059	6.207183478078317	0.6181312762758531	0.10329428330786422	0.1950359672190701	477.7137766602637	119.0	4.0144014845400315	-387.24419407957055
2.0	408.0	760.0	3.4742016828499476	1.085184280742854	71.19551402751677	0.5889432958584231	5.2135756300378535	0.5906777099918584	0.08347388322165211	0.1573260890281822	444.97073382513463	119.0	3.7392498640767617	-449.3816565508231
2.0	408.0	760.0	3.2157504931615764	0.47366030400058434	60.43944348737318	2.5866509653498664	8.332609777527047	1.2518557448981142	0.08347388322165211	0.1573260890281822	444.97073382513463	119.0	3.7392498640767617	-449.3816565508231
3.0	418.0	760.0	6.111613533790324	0.3346876488971763	75.50666552546765	0.08759029409584493	4.193969826396765	0.15210040615495737	0.08807867076642013	0.10889122683300537	191.39626806968593	116.0	1.6499678281869476	-534.5619716487898
3.0	418.0	760.0	2.2506884090866777	0.19706544900619902	65.23600568226043	0.14619095680619273	2.2636563779296575	0.18126202160820618	0.08807867076642013	0.10889122683300537	191.39626806968593	116.0	1.6499678281869476	-534.5619716487898
3.0	418.0	760.0	2.784626701914749	0.16225072548481506	61.922032549491824	1.1810360535492614	10.145418569183889	0.5939386070668827	0.08807867076642013	0.10889122683300537	191.39626806968593	116.0	1.6499678281869476	-534.5619716487898
2.0	428.0	760.0	6.19847446334241	0.32449660581385914	77.87332299569785	0.11806526566264326	4.524096917327968	0.18961574414066104	0.06407247407340044	0.1564055097123491	852.0450067560894	119.0	7.160042073580583	-434.3075412016559
2.0	428.0	760.0	4.0936368151234515	0.1855919863110123	68.22255509000283	0.7410653268910082	10.221648540651904	0.35089046084958975	0.06407247407340044	0.1564055097123491	852.0450067560894	119.0	7.160042073580583	-434.3075412016559
2.0	438.0	760.0	8.609862920840872	0.2706181791984642	78.05593207545654	0.30575987375524477	5.665301999940022	0.18951211542679222	0.06476845161666601	0.17115410690379174	1076.6026900357897	119.0	9.047081428872183	-402.3658026468279
2.0	438.0	760.0	3.3949587171335636	0.18335914982087664	63.99583186062717	0.9188142830161667	6.5369987467837625	0.609198200467277	0.06476845161666601	0.17115410690379174	1076.6026900357897	119.0	9.047081428872183	-402.3658026468279
2.0	448.0	760.0	7.197919162772375	0.5786055426691163	77.62788765032495	0.37195737846815835	5.194953838084438	0.2075698548346481	0.06468832057518634	0.14645421297014352	868.0357828709803	119.0	7.294418343453615	-429.59188806211876
2.0	448.0	760.0	4.180434543496573	0.27331592487654727	65.6336465518129	1.127392491569343	7.057103609407434	0.6427683516520661	0.06468832057518634	0.14645421297014352	868.0357828709803	119.0	7.294418343453615	-429.59188806211876
2.0	458.0	760.0	4.354680797605476	0.27899237184463505	77.41923047067499	0.10692420423079002	3.3375703212700527	0.1850649294522246	0.0777917395367717	0.11675160552932966	412.8906984184535	119.0	3.469669734608853	-476.3594968703767
2.0	458.0	760.0	5.4566924386280204	0.11217736477765686	68.03782043748701	0.39612149406266783	8.263045005800427	0.23793553107260437	0.0777917395367717	0.11675160552932966	412.8906984184535	119.0	3.469669734608853	-476.3594968703767
2.0	468.0	760.0	3.9996887819260936	0.15990993803347836	76.54106468273397	0.07146076780147696	2.811166916640543	0.11306396766766368	0.07424642377597591	0.10041850071807629	229.20922832224946	119.0	1.9261279690945332	-561.589363627143
2.0	468.0	760.0	4.88597345476346	0.0538796813742225	66.10620405070489	0.2334062159999116	7.836958638347893	0.18135381719032884	0.07424642377597591	0.10041850071807629	229.20922832224946	119.0	1.9261279690945332	-561.589363627143
2.0	478.0	760.0	3.1237713764013937	0.18826925005197645	75.49036623062996	0.11204888271621903	2.7297417344172583	0.16453693184899812	0.10140880688681979	0.1145735260401894	174.52616083708577	119.0	1.466606393588956	-517.7168562679736
2.0	478.0	760.0	4.767514460426958	0.06305038278087911	64.88901316207185	0.2629840087801299	7.2943726560497275	0.2214010483002624	0.10140880688681979	0.1145735260401894	174.52616083708577	119.0	1.466606393588956	-517.7168562679736
2.0	488.0	760.0	4.837343273197726	0.05733468281849412	64.89984911920706	0.2047376098338619	7.163585320833096	0.17928775159321972	0.08920565322262614	0.10658693281464002	191.79425694384727	119.0	1.6117164449062795	-537.977166490832
2.0	488.0	760.0	1.8740218965750326	0.1584894117537915	75.18180936839263	0.1529609998724236	2.404994025900771	0.22207794593920024	0.08920565322262614	0.10658693281464002	191.79425694384727	119.0	1.6117164449062795	-537.977166490832
2.0	498.0	760.0	4.99624497874546	0.06801090922202478	64.27441523090947	0.1767885074437099	6.937422366732865	0.17629072695105819	0.1043191945957273	0.1250332647481599	195.58041163422328	119.0	1.643532870875826	-496.4058771476916
2.0	498.0	760.0	1.7530009209303927	0.16128761960186777	75.15616140355264	0.17536048689014874	2.0762657454205926	0.22930481683904025	0.1043191945957273	0.1250332647481599	195.58041163422328	119.0	1.643532870875826	-496.4058771476916
2.0	508.0	760.0	5.303568602091425	0.0802890694073949	64.0664787061911	0.21010493224143673	6.981183802918247	0.2002848440265138	0.11136187202738315	0.1370800039541322	242.66744259420346	119.0	2.039222206673979	-453.1084261142764
2.0	508.0	760.0	2.2488631335662337	0.20014278359279472	74.43731109202743	0.160191692468502	2.050143319758335	0.21616973012397508	0.11136187202738315	0.1370800039541322	242.66744259420346	119.0	2.039222206673979	-453.1084261142764
2.0	518.0	760.0	3.4528284198179717	0.348474483013317	73.04306621742826	0.17441078466312449	2.802915689264852	0.2511052966354592	0.11815180260190265	0.1545199987766238	304.9903994341548	119.0	2.5629445330601244	-409.7385700433047
2.0	518.0	760.0	4.789388752366134	0.10702888979667131	63.207778859155084	0.461661172422826	6.703925555792593	0.36773572653094394	0.11815180260190265	0.1545199987766238	304.9903994341548	119.0	2.5629445330601244	-409.7385700433047
2.0	528.0	760.0	5.367769795732165	0.2686666701390619	71.7487959310883	0.1885961860271796	3.2852041304746997	0.1605157047883062	0.1953378383698651	0.13334681553256458	119.18224372970579	119.0	1.0015314599134941	-401.50180881704193
2.0	528.0	760.0	3.741712212684139	0.11602600388697039	61.040564360346565	0.48298823802238344	5.595414666112468	0.4131358445156051	0.1953378383698651	0.13334681553256458	119.18224372970579	119.0	1.0015314599134941	-401.50180881704193
2.0	538.0	760.0	5.4615158276755515	0.20387039320828326	71.75528372413501	0.12433021854916383	3.0868518242654535	0.10743623844758836	0.12180458480377153	0.10721738584577077	147.48675867482203	119.0	1.2393845266791768	-492.94437333617776
2.0	538.0	760.0	3.417762271641727	0.08312446707106338	61.74421566221395	0.3737073998652945	5.359394245809766	0.31502966381414227	0.12180458480377153	0.10721738584577077	147.48675867482203	119.0	1.2393845266791768	-492.94437333617776
2.0	548.0	760.0	5.087901122120437	0.1457346937159727	72.24194968527826	0.11756948659253844	3.1975501180746146	0.09334540486576097	0.08041223324939101	0.09574430812760082	206.99481972549447	119.0	1.7394522666007939	-554.3878717041723
2.0	548.0	760.0	3.1921946865446413	0.06763855935682539	62.24152129512016	0.30031398763764094	5.014508521859456	0.25159589686236794	0.08041223324939101	0.09574430812760082	206.99481972549447	119.0	1.7394522666007939	-554.3878717041723
2.0	558.0	760.0	2.53166077876503	0.13957803087943849	72.9080606443449	0.1383851666320118	2.5280770789920717	0.1716971544236627	0.05478819116688427	0.11516379008198399	690.50767069826	119.0	5.802585468052605	-499.7191170207427
2.0	558.0	760.0	2.6800064047146104	0.09453327445222014	66.84772538920363	0.3518672607143717	9.269136099627987	0.24503699778219645	0.05478819116688427	0.11516379008198399	690.50767069826	119.0	5.802585468052605	-499.7191170207427
2.0	568.0	760.0	3.3013644828458637	0.08481469327684107	72.87809011666609	0.26438267737564175	5.357502012865007	0.2555286179481589	0.05973552904171351	0.1202118830520502	729.5123622074175	119.0	6.130355984936282	-471.2373908299357
2.0	568.0	760.0	1.8074074413915915	0.09009328748175537	57.80117215468547	0.45778254545502794	4.855820870095956	0.4253996376228633	0.05973552904171351	0.1202118830520502	729.5123622074175	119.0	6.130355984936282	-471.2373908299357
2.0	578.0	760.0	2.617360831231965	0.057127275970155524	73.08371200196828	0.2935030207792097	7.064863207290042	0.2941288585702838	0.06891915465781463	0.09232640443445025	321.42384301406287	119.0	2.701040697597167	-537.9375565681502
2.0	578.0	760.0	1.6738854636856049	0.07710213947965444	56.24326717512571	0.35561599289887763	4.741720196539542	0.3184034215171248	0.06891915465781463	0.09232640443445025	321.42384301406287	119.0	2.701040697597167	-537.9375565681502
3.0	588.0	760.0	1.2808045012954417	0.2600480305163772	68.58075884231748	0.3052703929106644	2.8724633005516504	0.4135001750480992	0.0665788514052028	0.07883230077735913	184.80953583064453	116.0	1.593185653712453	-608.9003545182418
3.0	588.0	760.0	1.6393546289116792	0.07316049693610814	76.93665935863561	0.9660132057182946	6.542741331338684	0.6510162382524384	0.0665788514052028	0.07883230077735913	184.80953583064453	116.0	1.593185653712453	-608.9003545182418
3.0	588.0	760.0	2.397766057134349	0.05755458508624588	58.04656046802597	0.2669557897398199	5.4120804509013	0.2416515322605504	0.0665788514052028	0.07883230077735913	184.80953583064453	116.0	1.593185653712453	-608.9003545182418
4.0	598.0	760.0	2.89917248246076	0.05196956092619906	59.31907005024735	0.3184480701496685	6.062025113122991	0.2690149573005382	0.06782647578233442	0.08571538221345135	199.993718527233	113.0	1.7698559161702034	-587.1684235396688
4.0	598.0	760.0	1.4105521078142362	0.16398275296013945	68.94669113087168	0.25044474944358625	2.690454856712327	0.303713741451299	0.06782647578233442	0.08571538221345135	199.993718527233	113.0	1.7698559161702034	-587.1684235396688
4.0	598.0	760.0	0.8584407953003675	0.052952227153703776	80.5598666892862	0.5446617945811285	5.384396503057342	0.5802720692478105	0.06782647578233442	0.08571538221345135	199.993718527233	113.0	1.7698559161702034	-587.1684235396688
4.0	598.0	760.0	0.2537646224265923	0.07211377732450652	18.540520808706017	0.8695670126360092	2.6500063213361345	0.8695688795546707	0.06782647578233442	0.08571538221345135	199.993718527233	113.0	1.7698559161702034	-587.1684235396688
1.0	608.0	760.0	2.954317481169039	0.04409990290907995	63.415373633267954	0.1608740412170427	9.333318143183563	0.1608740399497654	0.074915803947351	0.09909527045889115	233.11918007975964	122.0	1.9108129514734398	-563.9430915237149
2.0	618.0	760.0	2.026558096888617	0.2566120723487461	74.517560130174	0.6451897069169479	5.391247937480635	0.3651184018482518	0.07258637809884139	0.08395015005394973	172.35679604079266	119.0	1.4483764373175854	-602.8760133416732
2.0	618.0	760.0	3.2075093765423976	0.12082549860327933	61.828788061756825	0.6936722004328567	7.300293347601441	0.406237020724422	0.07258637809884139	0.08395015005394973	172.35679604079266	119.0	1.4483764373175854	-602.8760133416732
2.0	628.0	760.0	1.4607976722815017	0.10734899283438756	60.13870973359731	0.1574469264064643	1.9990080695191432	0.18325038894076623	0.07615654656151408	0.09969305545554677	218.7182796685899	119.0	1.8379687367108395	-561.0953478305399
2.0	628.0	760.0	3.6176384818826532	0.05667044331212492	66.99111115559906	0.18163099151611725	9.754372831208922	0.13891432510473148	0.07615654656151408	0.09969305545554677	218.7182796685899	119.0	1.8379687367108395	-561.0953478305399
3.0	638.0	760.0	1.1717731092012347	0.10540442249409131	60.09366530671656	0.1958243707202826	2.01069443481766	0.22527742851214558	0.06850750029138676	0.09888819773183542	265.46368365241676	116.0	2.2884800314863516	-556.4922555485512
3.0	638.0	760.0	2.9927166324483205	0.05622549061007225	66.4543448539034	0.2149182355387461	10.694511309463149	0.17735037680384108	0.06850750029138676	0.09888819773183542	265.46368365241676	116.0	2.2884800314863516	-556.4922555485512
3.0	638.0	760.0	0.8075817486974209	0.06994414162515794	17.2762327755236	0.3716236150699735	3.715931683195178	0.3716258084064864	0.06850750029138676	0.09888819773183542	265.46368365241676	116.0	2.2884800314863516	-556.4922555485512
4.0	648.0	760.0	2.587539589333331	0.34645382766392635	72.68641906269136	1.085120184976099	7.3293556409817135	0.5090700711868752	0.07354162243665387	0.09676909384645362	228.9871816633703	113.0	2.0264352359590294	-550.0211848849689
4.0	648.0	760.0	1.4833975200782503	0.2262980977899669	57.20690938169076	2.5627425267774195	8.625147582672286	1.3060453252064423	0.07354162243665387	0.09676909384645362	228.9871816633703	113.0	2.0264352359590294	-550.0211848849689
4.0	648.0	760.0	1.5240251108325995	0.06483325014233386	15.852215693108512	0.21680690302816252	4.41349207130764	0.21684440183208292	0.07354162243665387	0.09676909384645362	228.9871816633703	113.0	2.0264352359590294	-550.0211848849689
4.0	648.0	760.0	0.45374874922842967	0.07599123742731982	123.93385270705137	0.6212063233202215	3.212317207905084	0.6212063165917215	0.07354162243665387	0.09676909384645362	228.9871816633703	113.0	2.0264352359590294	-550.0211848849689
5.0	658.0	760.0	3.533509389178947	0.06053499730722791	72.46976966901642	0.19235339892158854	5.920689407523876	0.19311879957034678	0.06452436057737763	0.10137822224341864	319.2613551521404	110.0	2.9023759559285494	-533.562400404979
5.0	658.0	760.0	1.0201931964846522	0.9463989200211549	56.83468741519235	1.6483628364170149	4.45253002431765	1.5247166257733542	0.06452436057737763	0.10137822224341864	319.2613551521404	110.0	2.9023759559285494	-533.562400404979
5.0	658.0	760.0	0.6199287784685878	0.45139303458458363	47.98282251373164	9.414744625772146	6.692380463345501	4.3419225528629575	0.06452436057737763	0.10137822224341864	319.2613551521404	110.0	2.9023759559285494	-533.562400404979
5.0	658.0	760.0	1.6293321388429438	0.05888622447938118	12.55258983375054	0.24660777416907195	5.9090836932549715	0.24746845074565912	0.06452436057737763	0.10137822224341864	319.2613551521404	110.0	2.9023759559285494	-533.562400404979
5.0	658.0	760.0	0.33637218132765256	0.08076619271302178	122.56382231094076	0.8692948131601524	3.135365544807782	0.8692948334417606	0.06452436057737763	0.10137822224341864	319.2613551521404	110.0	2.9023759559285494	-533.562400404979
3.0	668.0	760.0	1.6372279054771168	0.09491210354734297	73.30103833503128	0.2077607351597554	3.731277287973424	0.26157456913216653	0.04924072090506281	0.09064291196400637	514.5581539856845	116.0	4.4358461550490045	-556.319011681856
3.0	668.0	760.0	1.6019326111019851	0.07167887899279715	65.91536892947342	0.5415741929568111	13.044306814894904	0.39810491737334264	0.04924072090506281	0.09064291196400637	514.5581539856845	116.0	4.4358461550490045	-556.319011681856
3.0	668.0	760.0	1.4137307089241082	0.053856397094643856	10.407481553382476	0.2761796927555563	6.277235589830526	0.27630777211378643	0.04924072090506281	0.09064291196400637	514.5581539856845	116.0	4.4358461550490045	-556.319011681856
3.0	678.0	760.0	0.9765819996801353	0.15047321284041035	73.97264006824355	0.35538662498680396	2.1517812037808954	0.4161830789242441	0.08500353565030737	0.1275211934188363	362.84220558580705	116.0	3.127950048153509	-463.4936010890258
3.0	678.0	760.0	2.438737406795108	0.08009397104510403	66.72407047410486	0.4053257176251158	10.565184180135766	0.312189714895098	0.08500353565030737	0.1275211934188363	362.84220558580705	116.0	3.127950048153509	-463.4936010890258
3.0	678.0	760.0	0.5340185675262088	0.0761603227687952	8.433720758415555	1.0860882101315723	6.595130284142617	1.0860921088294775	0.08500353565030737	0.1275211934188363	362.84220558580705	116.0	3.127950048153509	-463.4936010890258
3.0	688.0	760.0	2.2234177877592654	0.0837340865150055	72.46489486035159	0.22786344596136213	3.483848919004795	0.2234334261285045	0.07178827872763241	0.07794618036680177	160.76032932554818	116.0	1.3858649079788636	-607.4931887981855
3.0	688.0	760.0	2.138705694269912	0.09326310202671063	63.22317737454109	0.22471845002775478	3.1947513642961285	0.21659289625619144	0.07178827872763241	0.07794618036680177	160.76032932554818	116.0	1.3858649079788636	-607.4931887981855
3.0	688.0	760.0	0.8572028579502475	0.07215030349207645	60.39095950550311	0.9930238946177276	14.662665221146275	0.7617317468102048	0.07178827872763241	0.07794618036680177	160.76032932554818	116.0	1.3858649079788636	-607.4931887981855
2.0	698.0	760.0	2.863076420969725	0.06825585240433168	66.64780698481027	0.24562035285983586	6.1540900692569895	0.21248945227899313	0.053561078857707466	0.10322914719664654	488.1263677186199	119.0	4.101902249736302	-548.7387162811234
2.0	698.0	760.0	0.4917442169395729	0.04880733739454665	45.7638527343925	1.8425983065245108	8.889658133427957	1.7773184275849705	0.053561078857707466	0.10322914719664654	488.1263677186199	119.0	4.101902249736302	-548.7387162811234
1.0	708.0	760.0	2.814825185755678	0.07156516579665548	65.27072333411535	0.18270626916447022	6.222985480325673	0.18270610342292462	0.0718336432580881	0.13101634077953572	445.22877892149785	122.0	3.649416220668015	-493.5662705681697
1.0	718.0	760.0	2.3420811380115873	0.07780694469493937	64.42778346657273	0.2332502385703175	6.081088524013432	0.23325052151559666	0.06864414357403352	0.14569493961992872	563.1117112872562	122.0	4.615669764649641	-475.5593281394873
