ncomps	x	y	amplitude	err amplitude	shift	err shift	width	err width	rms	residual	chisq	dof	redchisq	aic
1.0	688.0	790.0	3.164635015832517	0.07494742087561251	65.95400039512845	0.17233275303735873	6.301988389435457	0.1723328043333483	0.09786718293326654	0.13668501259335883	266.3926164856277	122.0	2.18354603676744	-480.4538132943996
1.0	698.0	790.0	2.4303725611133693	0.06793903418912668	64.51559446460763	0.2426405855825967	7.516540044424962	0.24264044906515786	0.07271009985949523	0.13962039468125284	473.04283261817494	122.0	3.8774002673620895	-482.95971944323304
1.0	708.0	790.0	2.13941375869442	0.08721698510699807	62.913066954228334	0.30204363956366403	6.415349276742888	0.3020430917700654	0.08411988395325799	0.15312329974238836	497.1503867354162	122.0	4.075003169962428	-440.30572291811745
1.0	768.0	790.0	1.6644032481918456	0.052608801434602386	55.46490049568397	0.4437782191966301	12.1581750061494	0.44377811820725005	0.07900337150401193	0.13447277438186017	388.6211026667655	122.0	3.18541887431775	-486.7797997265435
1.0	778.0	790.0	1.8223955286672022	0.05815244032856144	55.14860024261617	0.4138354080965422	11.232430739050082	0.4138355670986571	0.07136919367420422	0.14743504250472447	537.4949368018397	122.0	4.405696203293768	-471.64654062813554
2.0	78.0	800.0	0.6828166157852714	0.04852541282355677	11.149094365836207	1.2770301482565007	15.378950375373797	1.3602505508925953	0.09794261370908865	0.1251435884547583	255.94597804315532	119.0	2.150806538177776	-478.5499394443129
2.0	78.0	800.0	0.9166321392685102	0.10939610307681968	45.87519531412214	0.4118504062687536	2.993267597915454	0.4247926788135896	0.09794261370908865	0.1251435884547583	255.94597804315532	119.0	2.150806538177776	-478.5499394443129
1.0	88.0	800.0	2.2941471531119237	0.08510956302762226	18.375128418085755	0.3276658150148954	7.648161236561567	0.32766552544625244	0.09339076195036483	0.16386516993020783	457.8794867417871	122.0	3.753110547063829	-424.4541764230443
2.0	98.0	800.0	4.382631872798342	0.08208013017849755	20.179172381828437	0.13296174318571402	6.103853828655885	0.13446530302507612	0.09329673071835037	0.15059463123376063	330.8988224415508	119.0	2.78066237345841	-458.59332379127414
2.0	98.0	800.0	0.24224353099445883	0.06601796371711653	55.898781196263975	2.99117997172076	9.505194917889135	3.0505459852207517	0.09329673071835037	0.15059463123376063	330.8988224415508	119.0	2.78066237345841	-458.59332379127414
1.0	108.0	800.0	3.884274228771752	0.08321995874330199	20.11155744236972	0.14527508947865342	5.871746111964776	0.14527493879969144	0.08917576236375427	0.14795234464013432	368.60964686836303	122.0	3.021390548101336	-463.1084397702068
2.0	118.0	800.0	2.1742450650635905	0.06270920705981776	17.79674742602204	0.16923406899130392	5.081543077765853	0.16923406966791457	0.07341186453251923	0.10490022920416128	260.6911967391039	119.0	2.190682325538688	-548.3277122556393
2.0	118.0	800.0	0.6810097194275718	0.06888883572879363	62.37829288822252	0.49182617422437097	4.211028898811046	0.49182713853810367	0.07341186453251923	0.10490022920416128	260.6911967391039	119.0	2.190682325538688	-548.3277122556393
1.0	198.0	800.0	1.6307194553672273	0.05314133068598993	51.85691304045764	0.49855002190829584	13.24824937705738	0.4985499250058464	0.06752268461711845	0.14622840649889374	591.5016015274233	122.0	4.848373783011667	-473.5290855797982
2.0	208.0	800.0	0.1443359106859949	0.12766861801587776	25.95263111697589	36.223064783170976	24.85860007014106	15.638400867033345	0.061689150680332934	0.11834656401822476	460.0554438371884	119.0	3.866012133085617	-520.8207770677508
2.0	208.0	800.0	1.6385683191965894	0.23529216095301933	50.690606151622106	0.5882926356435159	12.661110080432287	1.093681770213939	0.061689150680332934	0.11834656401822476	460.0554438371884	119.0	3.866012133085617	-520.8207770677508
2.0	218.0	800.0	0.5792957585810496	0.04769408908761499	34.42934222983013	2.617109274413051	33.33287534542212	2.190176500568848	0.057938880918252014	0.12812793419746238	625.4414911548716	119.0	5.255810850040938	-498.11177980983194
2.0	218.0	800.0	1.518918519363148	0.07473287723672005	52.03367087367174	0.3793115884871055	7.387266911731862	0.4564032752487866	0.057938880918252014	0.12812793419746238	625.4414911548716	119.0	5.255810850040938	-498.11177980983194
2.0	238.0	800.0	0.7766918974929103	0.04956975334930347	42.70232466904719	1.452489943664472	24.353396683380733	1.5022769565501097	0.07429693698879326	0.1411992388899846	459.1832799130049	119.0	3.858683024479033	-474.5675618864846
2.0	238.0	800.0	2.0159310737253104	0.12256747899125997	49.73933525773455	0.17727218651463292	2.623364980242734	0.19558876525784605	0.07429693698879326	0.1411992388899846	459.1832799130049	119.0	3.858683024479033	-474.5675618864846
2.0	248.0	800.0	0.39579454452986107	0.09620710664130283	16.076178137355647	3.098502735412403	10.803092762487923	3.3117551271360175	0.08339476444968028	0.23269124026067747	974.1098256080763	119.0	8.18579685384938	-351.67928292571344
2.0	248.0	800.0	1.93581307212905	0.116956210978851	51.22135572121493	0.5202588879507684	7.084709103955234	0.5348253527614784	0.08339476444968028	0.23269124026067747	974.1098256080763	119.0	8.18579685384938	-351.67928292571344
1.0	288.0	800.0	2.9467515681177026	0.08347068298073874	63.094875823209414	0.21314202785814979	6.515921533438993	0.21314185959411994	0.08401936662903133	0.15966285160008503	463.5758187011494	122.0	3.799801792632372	-449.3449612800958
2.0	298.0	800.0	1.1027964168044073	0.0977076797809695	5.647273413957386	0.5564325930408142	5.438886594157798	0.5564325937576307	0.07452326870035358	0.16484451351381776	657.3310558130617	119.0	5.5237903849837116	-428.96484774677765
2.0	298.0	800.0	3.995661886384684	0.08353531360832228	65.19381009572224	0.17963391936244877	7.440567892351051	0.1796338117446629	0.07452326870035358	0.16484451351381776	657.3310558130617	119.0	5.5237903849837116	-428.96484774677765
2.0	308.0	800.0	1.306504139373595	0.1313677011871694	6.016045513570049	0.6985628216492247	6.016697164869375	0.6985628165023832	0.07486742668443945	0.24060964761457557	1302.4176720429848	119.0	10.944686319688948	-342.3392507027981
2.0	308.0	800.0	4.696070794738591	0.11716222018802305	69.80495005275215	0.21791404909895823	7.564060232526943	0.2179140139901869	0.07486742668443945	0.24060964761457557	1302.4176720429848	119.0	10.944686319688948	-342.3392507027981
2.0	318.0	800.0	0.506803845230395	0.1165033879199433	10.929338807456018	3.2793611842047143	12.354131331821332	3.279526977145268	0.11423312725315402	0.3060783126550133	903.584770959762	119.0	7.593149335796319	-282.4095971170688
2.0	318.0	800.0	5.2176766230647225	0.1574920996554949	71.3090487299402	0.23566492679754383	6.761481152176492	0.23567329695520065	0.11423312725315402	0.3060783126550133	903.584770959762	119.0	7.593149335796319	-282.4095971170688
3.0	328.0	800.0	1.4353958167534846	0.11080741654420735	32.04594975800132	0.3513907541341005	3.9361216393958696	0.3538674574846306	0.08964027919432499	0.16251888667704728	410.9076925370418	116.0	3.542307694284843	-434.6655540176022
3.0	328.0	800.0	2.5002409969807036	0.10262559259575174	53.8291049838419	0.3322843621567246	4.837752261598993	0.3190564277244458	0.08964027919432499	0.16251888667704728	410.9076925370418	116.0	3.542307694284843	-434.6655540176022
3.0	328.0	800.0	4.823683337519734	0.09016718861352403	70.70719833420773	0.19643339066579357	6.220817822425637	0.20304941358530357	0.08964027919432499	0.16251888667704728	410.9076925370418	116.0	3.542307694284843	-434.6655540176022
2.0	338.0	800.0	-1.6915284236095351	0.45829049464155713	85.91929151463262	0.9268662225950606	8.686417055727766	1.6948753152031388	0.09334443894310868	0.26899007187380686	1042.7117277688649	119.0	8.762283426629116	-314.99459482275336
2.0	338.0	800.0	3.9117403622951388	0.15619673370131545	62.00444604192843	2.123296846508134	19.226255857940874	1.303568843131068	0.09334443894310868	0.26899007187380686	1042.7117277688649	119.0	8.762283426629116	-314.99459482275336
1.0	348.0	800.0	4.7881880700371795	0.08598990022921499	53.547550976407116	0.2858205770523868	13.783427406671384	0.2858205934701616	0.08283679981738341	0.23965211423340366	1070.5643412231161	122.0	8.77511755100915	-348.26728441935325
1.0	358.0	800.0	4.581337230681874	0.08105099175745938	55.30538979408693	0.2409526686554398	11.79401299938519	0.24095259469303718	0.09192329041732562	0.21092365226150492	660.9426410744794	122.0	5.417562631758028	-382.5310470372978
1.0	368.0	800.0	4.206942787696641	0.08175677760407822	60.55025980899633	0.1885328499108249	8.402128154504087	0.18853293556628103	0.13002312828210438	0.17794625012731222	239.436257689949	122.0	1.962592276147123	-422.76404653547496
1.0	378.0	800.0	4.054218673904157	0.13153202434219258	63.71007317708417	0.24797649886720255	6.620143764161296	0.24797679283694957	0.13144764632158756	0.2283627092645521	477.75426830839984	122.0	3.916018592691802	-333.6888108716768
1.0	388.0	800.0	3.85348551338678	0.16275863598316154	65.67949294052464	0.2854381062237293	5.8534559670157265	0.2854385968298229	0.07872470448964568	0.2834872823967174	1803.232858668158	122.0	14.780597202198017	-295.8217378968687
2.0	398.0	800.0	0.42249620826001844	0.19801371569957638	20.395788148304646	2.1447166143297274	3.970790262414826	2.1448109542734346	0.08217034325661725	0.2955750082579815	1619.0923073063925	119.0	13.60581770845708	-291.8649392857918
2.0	398.0	800.0	3.8214720460491978	0.16541372033664598	66.84898896432466	0.2840326864920113	5.682744199716647	0.28403268596694164	0.08217034325661725	0.2955750082579815	1619.0923073063925	119.0	13.60581770845708	-291.8649392857918
1.0	408.0	800.0	3.8240893461071037	0.1681266724573312	67.2740168417954	0.33395082543388693	6.577204852285146	0.33395032869714003	0.2824615132431425	0.3196471817418055	167.97772020888266	122.0	1.3768665590892022	-273.11354155825643
2.0	418.0	800.0	0.7444047349277576	0.19234327507144286	23.235076188713073	1.6034611280454703	5.379414159900668	1.6034905409784088	0.06749537815063196	0.33365432988501503	3069.4784352000347	119.0	25.793936430252394	-261.0935246618891
2.0	418.0	800.0	3.913760837741363	0.16085968621920416	66.92406839737522	0.3647898283918383	7.686265328703225	0.36479187197289276	0.06749537815063196	0.33365432988501503	3069.4784352000347	119.0	25.793936430252394	-261.0935246618891
2.0	428.0	800.0	0.6644914022272087	0.22866423675866018	23.89005503806519	2.2861294599196107	5.753426560738227	2.2865788464377963	0.07757903249056529	0.4105454320730348	3513.560731243313	119.0	29.525720430616076	-209.39371784841114
2.0	428.0	800.0	3.925425408407885	0.1840232953309857	67.03532424482779	0.48083123905820346	8.882938261883679	0.4809551117907788	0.07757903249056529	0.4105454320730348	3513.560731243313	119.0	29.525720430616076	-209.39371784841114
2.0	438.0	800.0	0.5991780492582037	0.27837045301901575	24.734653772252404	3.1672251585091202	5.8791395294565785	3.1770558227502117	0.07895857043485623	0.5048111174607729	5140.72327145308	119.0	43.19935522229479	-157.41671713825548
2.0	438.0	800.0	4.374623396944899	0.20559906447835594	66.83029121953169	0.5869027921830585	10.821346195720963	0.5904035356136383	0.07895857043485623	0.5048111174607729	5140.72327145308	119.0	43.19935522229479	-157.41671713825548
1.0	448.0	800.0	4.650219881050682	0.19531663150878487	64.51269685947602	0.6488371650649714	13.376158166889953	0.6488368504224231	0.06498358715408203	0.5370353477551786	8710.881975347878	122.0	71.40067192908097	-146.90331313533088
3.0	458.0	800.0	0.6020086981946364	0.10404166658100211	45.289141581441044	3.7423522226138934	23.605069080299078	2.3391821802510133	0.06688839501087493	0.12308237028040572	479.40208157906795	116.0	4.132776565336792	-488.5889904150839
3.0	458.0	800.0	3.486758176504835	0.12829049387242716	55.222006583060825	0.21308555170658747	7.533074956865887	0.3040206965086504	0.06688839501087493	0.12308237028040572	479.40208157906795	116.0	4.132776565336792	-488.5889904150839
3.0	458.0	800.0	4.61618371565381	0.11008415498232223	74.2049833309927	0.12096951425824094	4.377991422396215	0.1321262740274975	0.06688839501087493	0.12308237028040572	479.40208157906795	116.0	4.132776565336792	-488.5889904150839
2.0	468.0	800.0	3.1313909323631344	0.07339960479629512	54.01307194358796	0.5210162880416628	10.530812282445916	0.511232195535331	0.07366499178585544	0.1524274706064017	680.9276489997752	119.0	5.722081084031725	-427.4522460616111
2.0	468.0	800.0	3.116034316443763	0.15174006032262644	73.81831421752987	0.2623376304251076	4.962357336694328	0.268824185463537	0.07366499178585544	0.1524274706064017	680.9276489997752	119.0	5.722081084031725	-427.4522460616111
2.0	478.0	800.0	3.5554448534982526	0.08320378977338558	58.495531780774094	0.381038412489452	14.102212899064286	0.38103850212998513	0.06499512591811181	0.23379883660001147	1624.7547700690754	119.0	13.653401429151895	-350.0490806182108
2.0	478.0	800.0	0.23241499628097434	0.12317521008972412	189.8885685157157	4.226190993893366	6.746275835665172	4.582390398486274	0.06499512591811181	0.23379883660001147	1624.7547700690754	119.0	13.653401429151895	-350.0490806182108
1.0	488.0	800.0	4.39396546959045	0.06755694820479427	57.663245989552536	0.21193471862638077	11.937743277063559	0.21193472552264805	0.09829623861077877	0.17724822944106863	406.44340354734493	122.0	3.3315033077651224	-426.5510100711591
1.0	498.0	800.0	5.52465774359341	0.08875394720140861	58.848346083864676	0.18050441631331568	9.73034454298744	0.18050439934647564	0.10951313370661432	0.20906896820557044	460.67004345523384	122.0	3.7759839627478184	-383.8816600290457
1.0	508.0	800.0	6.427754393907989	0.12519485721064494	59.079122583175014	0.20138823492982855	8.953919253847038	0.20138816635229514	0.10730435815401701	0.28443595150754114	878.5797002548742	122.0	7.201472952908805	-308.27239224390803
1.0	518.0	800.0	6.263408588093585	0.15540340556463816	59.449179985071424	0.26454605575050816	9.233413908049014	0.26454598783606154	0.10469244938923614	0.35854495727095026	1466.4909298060234	122.0	12.02041745742642	-250.3928243118354
1.0	528.0	800.0	4.930709255785985	0.1343578243254724	61.02426819194311	0.3098099755733658	9.845577992228145	0.3098098576353738	0.069867844570285	0.3109558939673007	2624.501293863458	122.0	21.512305687405394	-278.74588446146544
1.0	538.0	800.0	3.883604436787554	0.10267774338325272	64.88876134403087	0.2897492004030766	9.490112746320257	0.2897490480706821	0.06926087940079702	0.2253191419234896	1503.4476095625234	122.0	12.323341061987897	-350.5684583899566
1.0	548.0	800.0	4.347234604638732	0.07234763471995033	68.29240141455934	0.15006657945021695	7.808430001071326	0.1500664742836696	0.07436878816872045	0.14418310053811523	532.6855183102214	122.0	4.366274740247716	-462.4775484062255
1.0	558.0	800.0	4.005494242076373	0.0710857896176075	68.46334206622922	0.1689111119936093	8.242493025447034	0.16891110404216705	0.07522226715946079	0.14820708464142412	530.575502676304	122.0	4.34897953013364	-460.1209297236641
1.0	568.0	800.0	3.1438723024366997	0.07713997567417755	67.38588927187767	0.25905565345268394	9.143573441257372	0.2590556785338768	0.07442797599645423	0.17579967051288212	707.9644098739822	122.0	5.802986966180182	-426.72083576738845
1.0	578.0	800.0	2.6049821558802444	0.07697282176870844	66.5615902816464	0.3264220355460807	9.567442417987259	0.32642211084955924	0.10401746276880831	0.1759585225863916	377.6237839512957	122.0	3.0952769176335715	-421.6010354063607
1.0	588.0	800.0	2.2717234910829256	0.07586502283195257	66.16719748601686	0.39048326726413146	10.126110821880081	0.3904832468411936	0.07924837227067569	0.18189925886074676	668.9004774254225	122.0	5.482790798569037	-418.1269078306299
1.0	598.0	800.0	2.033959260218482	0.07421466564502685	66.0667553935089	0.42908354568330254	10.1839137011239	0.4290834993894224	0.08314177780229468	0.1798385969332659	584.8922598704355	122.0	4.794198851397012	-422.9127503116152
1.0	608.0	800.0	2.3418730273648865	0.07522093250678459	68.22738376524126	0.3304924486777768	8.9117973831061	0.3304926804907381	0.09736484676866088	0.1702051724407874	383.37122049798796	122.0	3.1423870532621963	-436.23625908002026
1.0	618.0	800.0	3.8596999262086986	0.11446455365261161	69.66101231984483	0.2457175035176018	7.174571344351852	0.24571723067807658	0.059305786863021966	0.23236264935785994	1926.6059119777228	122.0	15.791851737522318	-358.3619226762736
2.0	628.0	800.0	0.4050637471586142	0.07610908493437223	31.636499423960373	1.3040747556476728	6.009152459820042	1.3055424583244215	0.0795543363773723	0.13987234896354808	386.5623674446671	119.0	3.2484232558375385	-478.9944538812936
2.0	628.0	800.0	4.504642450310654	0.0692625248573006	67.75267935116939	0.12886079917051377	7.258868378739864	0.12902733170234945	0.0795543363773723	0.13987234896354808	386.5623674446671	119.0	3.2484232558375385	-478.9944538812936
1.0	638.0	800.0	4.253064527672981	0.08304802302133342	64.60826208478761	0.14838215389469497	6.580758803953622	0.1483821223971133	0.08793969015560951	0.15897086526443371	423.04271715314377	122.0	3.4675632553536375	-449.381081796381
2.0	648.0	800.0	1.4429362208537104	0.10217733712681833	12.448000374688315	0.30765442998075765	3.7620797314113847	0.3076534232654389	0.1041299035800741	0.14845705245966362	254.69813206355892	119.0	2.1403204375088984	-463.8464933443182
2.0	648.0	800.0	3.52560795404744	0.07699056068884175	61.879722343911766	0.1670990922233895	6.626752331638783	0.1670990898768399	0.1041299035800741	0.14845705245966362	254.69813206355892	119.0	2.1403204375088984	-463.8464933443182
2.0	658.0	800.0	1.9805118796100627	0.07530589335513074	11.47011814862163	0.21028131667989514	4.789080109841902	0.21028108770777523	0.08234641616591983	0.12346798538403872	281.6045907139382	119.0	2.366425132049901	-509.96944766698664
2.0	658.0	800.0	3.178500868904176	0.06121664124173064	61.16000584657226	0.16118092587731808	7.247267065481601	0.16118085307485241	0.08234641616591983	0.12346798538403872	281.6045907139382	119.0	2.366425132049901	-509.96944766698664
2.0	668.0	800.0	1.0558245259101564	0.07252468139673247	10.345978460408602	0.4371226453297194	5.510436320038971	0.4371219075570519	0.07984350093929457	0.12755782606209948	319.67966912964994	119.0	2.686383774198739	-501.83411982421364
2.0	668.0	800.0	3.3780234152549227	0.0634772952204177	63.06507404676506	0.15609308590172666	7.193711090940681	0.15609306735007172	0.07984350093929457	0.12755782606209948	319.67966912964994	119.0	2.686383774198739	-501.83411982421364
1.0	678.0	800.0	4.057458376623876	0.09584195095508702	64.8081651629951	0.15071015646641903	5.525694979392491	0.15071022610255388	0.10227222406550729	0.16329646253059782	349.77284440723884	122.0	2.8669905279281873	-435.4080155381412
1.0	688.0	800.0	4.006331719945012	0.10378110322282197	64.51615174428464	0.16282719548248506	5.442981497670393	0.16282693622087316	0.11190609671215915	0.16757129035175444	337.4522436969871	122.0	2.766001997516288	-417.38501253795823
1.0	698.0	800.0	3.22123366693848	0.08089101688550229	63.365977917292795	0.18258515120551272	6.2960821315449	0.1825849309374698	0.06348689865280821	0.15220631052051323	736.7972691915606	122.0	6.03932187861935	-461.4805485343026
1.0	708.0	800.0	2.4998989968924787	0.09650775329044432	63.26308271094142	0.2685262044367771	6.022882332841223	0.2685256674930248	0.08664016968374035	0.1549881685990038	538.7068300850931	122.0	4.415629754795845	-422.89070805826805
1.0	818.0	800.0	1.6834538409611735	0.062266468068962584	55.93123800691796	0.5339995944180539	12.501636492140305	0.5339993762344072	0.07427927030083085	0.16673090320515344	633.2686934286035	122.0	5.190726995316422	-441.1582076727609
1.0	828.0	800.0	1.7041894697690994	0.06847835670040175	55.23064329874784	0.6303508526418449	13.584409264501687	0.6303506960415591	0.055342251866491825	0.18644435506147836	1499.242144576665	122.0	12.288870037513647	-407.00449284737005
1.0	838.0	800.0	1.5900499221503466	0.07296801001101307	54.621915682058685	0.6246865035557951	11.78617027632703	0.6246859734395371	0.08897749569921694	0.18921303625342437	571.4212374599055	122.0	4.683780634917258	-408.8663347318809
2.0	88.0	810.0	2.616283101797586	0.10422793205239021	21.135361458265248	0.16145373846232117	3.8563380696227103	0.19329735947386967	0.09336835173472413	0.1348434588270536	267.86821848711105	119.0	2.250993432664799	-484.8161699899184
2.0	88.0	810.0	0.3778245165363657	0.042279883309241185	42.83243520501642	3.559648477642361	20.7216351026283	2.9031109155632793	0.09336835173472413	0.1348434588270536	267.86821848711105	119.0	2.250993432664799	-484.8161699899184
2.0	98.0	810.0	3.9134086025992505	0.0778598768064545	21.4546891801667	0.10713451648738347	4.663386587747849	0.10713451601357765	0.07292593704934276	0.12253551745624028	373.73650914884536	119.0	3.1406429340239104	-504.96120269393407
2.0	98.0	810.0	0.7063320854545317	0.09327993942614508	64.91437004296914	0.49533319542680637	3.250584790386174	0.49534388779786914	0.07292593704934276	0.12253551745624028	373.73650914884536	119.0	3.1406429340239104	-504.96120269393407
2.0	108.0	810.0	2.4804401749084377	0.07473807126183321	20.907137365929692	0.18030481330137588	5.182259047070018	0.18030477813275936	0.09469909161281036	0.12341549242444319	226.9424383156642	119.0	1.90707931357701	-502.0030193275121
2.0	108.0	810.0	0.6890455525982346	0.10269926088030003	65.00391072322056	0.4722664046781874	2.745509907914373	0.4722781535355089	0.09469909161281036	0.12341549242444319	226.9424383156642	119.0	1.90707931357701	-502.0030193275121
1.0	188.0	810.0	1.7272381623618602	0.059335404694080836	55.360642755644186	0.3773147984484428	9.511191917303904	0.37731461902471186	0.07488402604281796	0.13826246405445508	430.4504132183897	122.0	3.5282820755605715	-487.38887094397967
1.0	198.0	810.0	1.843431886206488	0.05326925104916493	53.407878350217956	0.3239522869628094	9.708386130614791	0.32395222514405553	0.08280616163731033	0.1237696511410159	289.5999778396769	122.0	2.3737703101612864	-511.7898452764256
2.0	208.0	810.0	1.4395801269347472	0.07621071016375833	51.213133764841665	0.42091157403944635	11.81410084857439	0.4523519189960435	0.06495774137968521	0.09622724029360019	278.1739386842046	119.0	2.3375961233966773	-570.8011164452191
2.0	208.0	810.0	0.7710032194763516	0.09912343450030124	54.63277739603069	0.342953598460974	2.7810940571997906	0.439817908686806	0.06495774137968521	0.09622724029360019	278.1739386842046	119.0	2.3375961233966773	-570.8011164452191
1.0	218.0	810.0	1.8662431959607815	0.0842514394483388	51.71196989499123	0.543814802131764	10.430528481009393	0.5438144126360407	0.36105376468786626	0.16543755330387036	40.94255007291165	122.0	0.335594672728784	-388.20008364074397
1.0	228.0	810.0	1.2388424564692297	0.07656812951408733	48.55155806679156	1.6425318206153736	23.02049825506729	1.642532768378372	0.36105376468786626	0.26757591504166767	74.61262440897919	122.0	0.6115788885981901	-313.18260182226675
2.0	238.0	810.0	0.5172325656201602	0.07782883939429315	14.385553219500007	2.214740629827704	12.419078638443606	2.385567762672286	0.07532220675856878	0.19344346887057862	894.0329439132303	119.0	7.512881881623784	-387.8545939877054
2.0	238.0	810.0	2.095509950071386	0.10064664277875635	51.96425061369536	0.42105716826782247	7.135702761925939	0.4296777707502905	0.07532220675856878	0.19344346887057862	894.0329439132303	119.0	7.512881881623784	-387.8545939877054
2.0	248.0	810.0	0.49053141587588367	0.08703387829592096	12.675072593866203	1.5262928596123801	7.457573665739163	1.5286477211677263	0.07504653109546387	0.17536179526517665	704.1537402771363	119.0	5.9172583216566075	-418.614499386332
2.0	248.0	810.0	2.1562441775671255	0.08619700328816382	53.11494327432189	0.3507119724183192	7.598035958233043	0.3512575840452169	0.07504653109546387	0.17536179526517665	704.1537402771363	119.0	5.9172583216566075	-418.614499386332
2.0	258.0	810.0	0.537706867053525	0.08999935867117648	14.453213946162036	1.0303056299136422	5.33450949723928	1.0309648014289157	0.07069012648314241	0.15578702225076424	607.4034085338382	119.0	5.104230323813766	-452.0405496056126
2.0	258.0	810.0	1.8056841305654665	0.06777607549278981	55.56800750225678	0.40750594802611145	9.403546891089325	0.4079082598678557	0.07069012648314241	0.15578702225076424	607.4034085338382	119.0	5.104230323813766	-452.0405496056126
2.0	288.0	810.0	0.4392384413906696	0.08007696840534821	10.203424431810905	1.7424731863973082	8.277329934409007	1.7424903382294512	0.06696833331342203	0.17091369377891072	832.0790829345437	119.0	6.99226120113062	-426.22026887559457
2.0	288.0	810.0	2.6511564828319374	0.08687185647413595	60.25687434198765	0.266109023912927	7.033103705511698	0.26611146056584933	0.06696833331342203	0.17091369377891072	832.0790829345437	119.0	6.99226120113062	-426.22026887559457
2.0	298.0	810.0	0.916323628062705	0.1146390017849151	4.929601192928815	0.9746236601727366	6.747365474756401	0.9746247669714294	0.07614132406937449	0.22210216450553147	1075.2894197566459	119.0	9.036045544173495	-362.0752458170258
2.0	298.0	810.0	3.57254886986653	0.10670313261741178	62.76103904473769	0.26859506945241174	7.787075780829763	0.2685948024436857	0.07614132406937449	0.22210216450553147	1075.2894197566459	119.0	9.036045544173495	-362.0752458170258
2.0	308.0	810.0	1.2014856441078199	0.1505471792428292	5.839114120917427	0.9516295297465286	6.577250070223069	0.9516295248493349	0.08583037250827152	0.2888222784601589	1422.6836774897367	119.0	11.955325020922157	-297.1354034686225
2.0	308.0	810.0	4.714967638804687	0.14539367348107513	67.41844159326057	0.25109993194816865	7.051397325011502	0.25109974565546855	0.08583037250827152	0.2888222784601589	1422.6836774897367	119.0	11.955325020922157	-297.1354034686225
2.0	318.0	810.0	0.6658948227461164	0.11120538383256093	7.795658596330866	1.9521426441036422	10.128429676869139	1.9521475876933256	0.09411978378903998	0.26535043505353706	993.7696670358345	119.0	8.351005605343147	-318.9359237708426
2.0	318.0	810.0	5.593517875401285	0.14885855516673968	68.95537447279469	0.1736430927931323	5.6506609682074584	0.17364309659790106	0.09411978378903998	0.26535043505353706	993.7696670358345	119.0	8.351005605343147	-318.9359237708426
3.0	328.0	810.0	0.38229551927952543	0.11012970578861439	7.261173210327889	3.704707531146776	10.294727639449057	4.125792409739257	0.07782034512761922	0.2524781484306768	1318.8438948960277	116.0	11.36934392151748	-324.2482445671163
3.0	328.0	810.0	1.3244794700846199	0.1770662238475508	31.120936253404857	0.6439487936557643	3.9388211004134908	0.6615588647897955	0.07782034512761922	0.2524781484306768	1318.8438948960277	116.0	11.36934392151748	-324.2482445671163
3.0	328.0	810.0	4.152981854313413	0.11930917920442542	66.67572587233461	0.271629502734515	8.188907595203478	0.2717389790623939	0.07782034512761922	0.2524781484306768	1318.8438948960277	116.0	11.36934392151748	-324.2482445671163
2.0	338.0	810.0	2.4375501855395374	0.14130281365761768	32.55622857619746	0.3244301859695985	4.698980092108936	0.3289225296518582	0.08716647318672924	0.22884252880562408	867.4481796288654	119.0	7.2894805010829025	-355.116756864388
2.0	338.0	810.0	3.7927583332618933	0.10170136696803196	61.42022887045138	0.2903669571007767	9.314424058286635	0.3049291838495156	0.08716647318672924	0.22884252880562408	867.4481796288654	119.0	7.2894805010829025	-355.116756864388
2.0	348.0	810.0	3.0395632531866474	0.11315038674630243	33.89795925731207	0.31982737140199147	5.980678222850131	0.32107399648264406	0.08692386980578207	0.20626466924528264	703.8709049659897	119.0	5.914881554336048	-381.933632821472
2.0	348.0	810.0	3.9602050235923394	0.09792088286750622	57.69243525922699	0.28663581740714117	8.37382833226117	0.31344682907696797	0.08692386980578207	0.20626466924528264	703.8709049659897	119.0	5.914881554336048	-381.933632821472
2.0	358.0	810.0	2.473809517397957	0.09021206297333394	37.655358650745484	0.8345539138533085	9.63946284420386	0.761668298355641	0.07620229698337597	0.20130289247649513	873.0451568599664	119.0	7.336513923192995	-387.9198608356709
2.0	358.0	810.0	3.6571118463137475	0.14321108920102477	59.1983140220186	0.41801864057376376	6.615760343182372	0.3445245107910748	0.07620229698337597	0.20130289247649513	873.0451568599664	119.0	7.336513923192995	-387.9198608356709
1.0	368.0	810.0	3.6456828687788834	0.13583095598439696	58.34783850974901	0.3713122199515019	8.629888530073458	0.3713119695060246	0.10624824817142872	0.3015016641616921	1016.7227353856116	122.0	8.333792912996817	-292.4909908192156
1.0	378.0	810.0	3.9726539688547415	0.08548429148175586	60.880871680982644	0.1723450269530633	6.936738205160994	0.1723451437345453	0.11832005473736487	0.15606332159493538	260.9778951316496	122.0	2.139163074849587	-435.57525280812905
1.0	388.0	810.0	3.6269445542800725	0.0975609092374614	62.59828868982214	0.2379013232970125	7.658306308150575	0.23790105932187244	0.11264161561815238	0.1869777689022298	414.13321301966585	122.0	3.3945345329480805	-390.15176645047694
2.0	398.0	810.0	0.44525167649155784	0.16793167735616407	19.343048027338103	1.474387757799069	3.3798389384579615	1.4743190227560867	0.07647177667733489	0.231586037744017	1147.198902386617	119.0	9.640326910811908	-352.90092325847564
2.0	398.0	810.0	3.629084673650594	0.1059741515946454	63.93853296439653	0.28649266359851977	8.49648377332435	0.2864927453221814	0.07647177667733489	0.231586037744017	1147.198902386617	119.0	9.640326910811908	-352.90092325847564
2.0	408.0	810.0	0.5998312861599477	0.1610125933205446	20.999420626761317	1.7962497088476412	5.800771540891871	1.797165572639388	0.07865074652844975	0.287093132122194	1707.6464090393301	119.0	14.349969823859917	-296.1529756358769
2.0	408.0	810.0	3.6975522384496546	0.1254042728215375	64.38525662553744	0.37426875763650236	9.557846835405336	0.3745384860013928	0.07865074652844975	0.287093132122194	1707.6464090393301	119.0	14.349969823859917	-296.1529756358769
2.0	418.0	810.0	0.7536120227955602	0.1584214051114662	22.305008386184483	1.4029073167938868	5.7768672936610805	1.403407006255244	0.05021751519855263	0.2852841810290479	4042.8194457351724	119.0	33.97327265323674	-300.5880026867752
2.0	418.0	810.0	3.6315707080537534	0.12464726278067323	65.66540427200711	0.36998295764592104	9.335993666844855	0.37017148631742924	0.05021751519855263	0.2852841810290479	4042.8194457351724	119.0	33.97327265323674	-300.5880026867752
2.0	428.0	810.0	0.843121773694906	0.16007720346682075	21.34230475472514	1.4431549086144309	6.577747298862567	1.4433090788605676	0.06539916078830452	0.30794565978761906	2772.2821604715755	119.0	23.296488743458617	-281.71054782442627
2.0	428.0	810.0	3.5676338669702004	0.13882875302701364	67.42444762136726	0.39320263918379494	8.75100230911343	0.39325654087060635	0.06539916078830452	0.30794565978761906	2772.2821604715755	119.0	23.296488743458617	-281.71054782442627
2.0	438.0	810.0	0.7125408231260341	0.15907447993759652	19.383398603559836	2.3344142341130163	9.053159010086969	2.341443759041517	0.07755970384742895	0.35741827328579245	2673.759426114087	119.0	22.46856660600073	-243.59907127424188
2.0	438.0	810.0	3.9506271948471423	0.1539787605973241	67.80958131347587	0.4349571442813135	9.66539330833272	0.43633748092288704	0.07755970384742895	0.35741827328579245	2673.759426114087	119.0	22.46856660600073	-243.59907127424188
4.0	448.0	810.0	0.394939990401212	0.1482107233748641	31.49436131216103	29.443645617392814	23.205104859850003	21.392977217806095	0.04627805538936157	0.38306147506294125	8569.154383377623	113.0	75.83322463166039	-213.0348099813086
4.0	448.0	810.0	4.130861341890129	0.5043456377460107	66.87806009466577	0.8678938515858898	11.716898002752023	1.0097163646810283	0.04627805538936157	0.38306147506294125	8569.154383377623	113.0	75.83322463166039	-213.0348099813086
4.0	448.0	810.0	0.12174262461225223	0.2648037683071962	166.15569004258353	11.515848834441632	4.851478439490957	13.389558838281886	0.04627805538936157	0.38306147506294125	8569.154383377623	113.0	75.83322463166039	-213.0348099813086
4.0	448.0	810.0	0.23153304314543793	3.876753744623503	235.9203758732739	887.3587942202079	37.73006609810237	299.8707688588427	0.04627805538936157	0.38306147506294125	8569.154383377623	113.0	75.83322463166039	-213.0348099813086
2.0	458.0	810.0	3.491764494283414	0.04813534367922353	55.823293834258216	0.31943162865861874	11.933873542796904	0.3206442102605922	0.06937354552769016	0.11767853700033189	376.79327745599295	119.0	3.166330062655403	-516.4276832069266
2.0	458.0	810.0	3.887407654038139	0.11103689821178975	75.55962310492954	0.10778758193978648	4.0863773294854795	0.13493185238060432	0.06937354552769016	0.11767853700033189	376.79327745599295	119.0	3.166330062655403	-516.4276832069266
2.0	468.0	810.0	3.6618219184880108	0.08821736414499072	51.4679365473624	0.38065219164209824	8.91416875827167	0.3902313546981931	0.0712750105327308	0.18808993000783814	906.9545896556855	119.0	7.621467139963744	-399.868179066624
2.0	468.0	810.0	3.3710950688780246	0.1099767655231408	73.83378091128891	0.3370040271856052	6.248232232590626	0.30979180235002657	0.0712750105327308	0.18808993000783814	906.9545896556855	119.0	7.621467139963744	-399.868179066624
2.0	478.0	810.0	3.813571248960527	0.10839531967791201	56.959554125674906	0.4719799587123767	14.380875257820003	0.4719799839338157	0.07012868876351251	0.3082759670905581	2415.511207244667	119.0	20.298413506257706	-281.47490325162215
2.0	478.0	810.0	0.2385470511813458	0.1696382003699466	190.14758149644575	5.051261894126146	6.089892768164415	5.380584373162861	0.07012868876351251	0.3082759670905581	2415.511207244667	119.0	20.298413506257706	-281.47490325162215
1.0	488.0	810.0	4.736013073644762	0.08485320767037904	55.65367130668385	0.25142114657864767	12.152935493874141	0.2514211560743455	0.1137374837449771	0.2244686551507285	487.5523376520178	122.0	3.9963306364919493	-367.33007672168645
1.0	498.0	810.0	5.953846647086836	0.08422187522744848	57.15639415017632	0.17096780950462448	10.467388933462475	0.17096784884293198	0.11525878919007666	0.2069103046779349	402.8466887493472	122.0	3.3020220389290755	-387.8635435994488
1.0	508.0	810.0	6.907784064546228	0.11368196588676895	58.63120010334425	0.18128879941038992	9.539926325376223	0.18128879224222014	0.11412505725743519	0.26495953113060605	682.3106783181798	122.0	5.592710478017867	-324.4686899809774
1.0	518.0	810.0	6.599578178782125	0.1591515363553519	60.17215487500966	0.2650654906010071	9.518581620542001	0.2650654372534154	0.1138940635860148	0.37189011429349633	1339.7276802056842	122.0	10.981374427915444	-240.6331434454082
1.0	528.0	810.0	5.328972526123023	0.14017836976527134	61.45990411900748	0.30759618397167915	10.126297621794093	0.3075961049052697	0.11606723382422081	0.3387394634133454	1064.688392655896	122.0	8.726954038163083	-264.6309498401401
1.0	538.0	810.0	4.072573821288581	0.10743249064065623	63.567401492344054	0.3212746471708629	10.54602137160169	0.32127447265442444	0.11318663783922156	0.263618095529415	684.8849485279798	122.0	5.613811053508031	-326.0621490549767
1.0	548.0	810.0	4.380738803877527	0.09500814000350807	66.7847718570814	0.2082143781563592	8.31403512780442	0.20821432751438693	0.09548284481848823	0.2062575160537358	593.344595734361	122.0	4.863480292904598	-386.5194709212891
1.0	558.0	810.0	4.221206536393966	0.07498166156827638	66.38186347818262	0.16940656994021577	8.259083818497995	0.1694065397026236	0.1145744427443975	0.16023975717553138	254.96879356275764	122.0	2.0899081439570297	-446.5292002957751
1.0	568.0	810.0	3.3338084123960656	0.07355002792639813	65.21144677359254	0.23399234124928303	9.184909988463858	0.23399229010070643	0.10924323846533304	0.16562198452591703	300.10627506174745	122.0	2.4598875005061265	-438.0667187463163
1.0	578.0	810.0	2.597578367796247	0.07140730369122386	64.65100241535275	0.33014164088192316	10.39979901970262	0.33014152801387225	0.13607124706016055	0.16164065851774687	206.4487802317774	122.0	1.692203116653913	-429.9268379054082
1.0	588.0	810.0	2.2895638625774515	0.06693670486206528	64.17703021433678	0.36867531956553173	10.920859003642384	0.3686752964178762	0.11698868438878823	0.15346511413591635	257.700614806782	122.0	2.112300121367066	-439.983920109406
1.0	598.0	810.0	1.898798846856993	0.05916158575486957	64.44377178186615	0.4154480714224004	11.547093982814223	0.41544802052806235	0.09773796389485995	0.1426860255028804	304.96390246904434	122.0	2.499704118598724	-463.8813448345403
1.0	608.0	810.0	2.2198058965654304	0.08265932941125813	68.97556377615263	0.4265688851541595	9.9198483357029	0.4265686932678819	0.08611543349766358	0.19760766642133093	658.8181837666012	122.0	5.400149047267223	-399.24992544624814
1.0	618.0	810.0	3.826513029489349	0.13600903251604626	71.34086004427682	0.24497186573767368	5.967964236016162	0.2449714882804548	0.06894937752384638	0.24603358365722267	1673.9863366908683	122.0	13.721199481072691	-338.26450672459174
1.0	628.0	810.0	3.1322591286802686	0.08503820640690504	67.921821146809	0.25173561392083893	8.029760584652918	0.2517355474660059	0.08173205262532868	0.17764272152121816	626.5710744917346	122.0	5.135828479440447	-418.5836985754475
1.0	638.0	810.0	2.9486579768654426	0.06983727300006645	63.33147903000157	0.21232663566912657	7.763504545711621	0.21232657955236567	0.07437813608731014	0.14264856246195673	493.3610667434622	122.0	4.0439431700283786	-472.0323680839307
2.0	648.0	810.0	0.7627829060335526	0.05469361835419412	17.67494704176603	0.756477352220058	9.136147238184666	0.759392327350547	0.07717740298403016	0.12343150722203919	321.962534785994	119.0	2.705567519210034	-509.43509742350136
2.0	648.0	810.0	2.8839236222289846	0.05972712006546856	60.74542330106335	0.1832068226573874	7.658870215489289	0.1838167082737709	0.07717740298403016	0.12343150722203919	321.962534785994	119.0	2.705567519210034	-509.43509742350136
2.0	658.0	810.0	1.0240023234400946	0.05964448722618276	15.947860117233722	0.5875350474878028	8.736942441755154	0.5887527849025964	0.0753948022680482	0.13177723126729557	383.9839301162117	119.0	3.226755715262283	-493.25650031931684
2.0	658.0	810.0	2.7336152553772926	0.06300962007691971	59.8699137021095	0.20833941137729137	7.827102403223529	0.20873700501901335	0.0753948022680482	0.13177723126729557	383.9839301162117	119.0	3.226755715262283	-493.25650031931684
2.0	668.0	810.0	0.4958146243001835	0.051838155128711226	19.45955450684685	1.1483765814412583	9.517178390453303	1.1556745565395894	0.08497471513059994	0.11708495067045831	248.10206092087998	119.0	2.0848912682426888	-517.9477120202569
2.0	668.0	810.0	3.063603477051526	0.05923215381801608	61.28853852333229	0.16266631984270774	7.279334109764662	0.1634727884021185	0.08497471513059994	0.11708495067045831	248.10206092087998	119.0	2.0848912682426888	-517.9477120202569
1.0	678.0	810.0	3.9602084625600216	0.08759701795952536	63.24528881058958	0.16367056460200408	6.408197474407277	0.16367058879675936	0.11655506589795114	0.16176347260250967	260.89260459799266	122.0	2.138463972114694	-439.373473661194
1.0	688.0	810.0	4.577773465164906	0.11199104420958107	63.7141342788537	0.17462017864952373	6.181086080644121	0.17462003631812986	0.12669691837937047	0.2038264504672242	348.12373345505614	122.0	2.853473225041444	-382.4588491357332
1.0	698.0	810.0	4.060929804892056	0.10010432482456338	63.280660202226144	0.18472069604025546	6.489168739437133	0.18472056284713048	0.09555797268209419	0.1903016389002719	513.3271639179661	122.0	4.207599704245624	-404.4305865921829
1.0	708.0	810.0	2.836169022678726	0.08014163890961426	63.88807238664522	0.1993886452844534	6.110574888426903	0.19938852365311074	0.06466360090990018	0.150419972192286	676.561837321835	122.0	5.545588830506844	-467.5504403488822
1.0	798.0	810.0	2.3341580140977314	0.08159388549929361	51.56856395926627	0.3723395404933083	9.223517930886105	0.37233930994253456	0.0980535288822762	0.16455037888696733	460.3937654702484	122.0	3.7737193891003966	-411.589384348864
1.0	808.0	810.0	2.1714239464985767	0.06598466816357945	52.627001584467465	0.37172092001588974	10.592528331804333	0.3717207296104255	0.06920423111650056	0.16033588746316085	694.171813484457	122.0	5.689932897413581	-447.3725984281054
1.0	818.0	810.0	2.178035294859374	0.06557072147629571	54.234471707577356	0.415269761363797	11.94509404599467	0.4152696697584218	0.06234356550550583	0.16463872570629695	952.4831124730612	122.0	7.80723862682837	-433.92887296132676
1.0	828.0	810.0	2.154485496816735	0.0698556235636819	54.246058506692314	0.45868506507145634	12.250404135262107	0.4586849253132159	0.06437171431381587	0.17746769685852407	1039.9230483408048	122.0	8.523959412629548	-414.94670775710125
2.0	838.0	810.0	2.0851149200492047	0.06646226312355726	53.00084038380178	0.46095750945042907	12.52582579248121	0.46095772158708204	0.06667107447493766	0.17640153941951167	875.0691337805883	119.0	7.353522132609986	-421.035512638024
2.0	838.0	810.0	0.19401150465918648	0.09905405118672611	184.87651554682233	3.327052801760137	5.642071202327664	3.3323451139371096	0.06667107447493766	0.17640153941951167	875.0691337805883	119.0	7.353522132609986	-421.035512638024
1.0	848.0	810.0	1.8644474229839574	0.047485697403218674	51.88375975936979	0.4013890999883019	13.648000996817489	0.4013890656669532	0.06578265550613778	0.13321065627960668	512.6194159750485	122.0	4.201798491598758	-497.94727321376473
2.0	248.0	820.0	0.4163522757634579	0.08271697526342496	20.640791245897077	0.960762266100264	4.184097265411366	0.961922299440172	0.0725979508420302	0.1257303657886966	381.7879933227132	119.0	3.2083024648967493	-503.4238155675248
2.0	248.0	820.0	1.7376003246583476	0.05509727728480202	56.8238940429188	0.3456329910990758	9.44343278990339	0.34661115330699155	0.0725979508420302	0.1257303657886966	381.7879933227132	119.0	3.2083024648967493	-503.4238155675248
2.0	258.0	820.0	0.5375201767641413	0.07914665315182888	19.27941646772659	0.6877052217025705	4.043198052272823	0.6877428075914309	0.08064760318200244	0.11852994992066851	273.85425933500176	119.0	2.301296296932788	-518.6693930789343
2.0	258.0	820.0	2.19947843252465	0.05443602169683454	58.27196440718316	0.24433423743412447	8.549844253549274	0.24436095906890012	0.08064760318200244	0.11852994992066851	273.85425933500176	119.0	2.301296296932788	-518.6693930789343
2.0	268.0	820.0	0.7011372116457854	0.0824631208484777	19.192655119311397	0.5056691928619508	3.725250944995471	0.5056765439891736	0.07703419865913304	0.11906457047996571	300.0299401845136	119.0	2.521260001550534	-518.7185232941791
2.0	268.0	820.0	2.613780796463092	0.05742638853241998	58.73150650833304	0.1948141124111023	7.679075332394472	0.19481478661840707	0.07703419865913304	0.11906457047996571	300.0299401845136	119.0	2.521260001550534	-518.7185232941791
2.0	278.0	820.0	0.6910366453959796	0.09493330635022657	18.482273639713554	0.5773800546750967	3.6369604353484366	0.5773686647875975	0.08020529227991834	0.13524956538536909	358.4219005176304	119.0	3.0119487438456334	-486.40494899719005
2.0	278.0	820.0	2.5155890194796067	0.07099727524981295	58.129032171866186	0.21202542363609678	6.506038193248053	0.2120254270500606	0.08020529227991834	0.13524956538536909	358.4219005176304	119.0	3.0119487438456334	-486.40494899719005
2.0	288.0	820.0	0.10518331123228136	0.031607390603197144	-8.613068064150838	407.1555878361955	222.50857293340835	546.3966470330274	0.09201611874091882	0.2090683495497476	645.2959374272651	119.0	5.422654936363572	-378.56160248849164
2.0	288.0	820.0	3.0121623599452167	0.1262986440581713	57.31093225851531	0.24046285478640264	5.057576787667709	0.25310011032906493	0.09201611874091882	0.2090683495497476	645.2959374272651	119.0	5.422654936363572	-378.56160248849164
2.0	298.0	820.0	0.7279725695785032	0.13260399237130993	4.430423229640888	1.904478408544309	9.054528375919665	1.9044839863077416	0.130970116697206	0.2921531829230903	652.580612230096	119.0	5.48387069100921	-288.907043009007
2.0	298.0	820.0	3.555210617685362	0.14998833754453944	59.16507835376781	0.344776873107983	7.076807497210707	0.3447774944830337	0.130970116697206	0.2921531829230903	652.580612230096	119.0	5.48387069100921	-288.907043009007
2.0	308.0	820.0	0.9112241752063166	0.11696617659935056	4.716093192852975	1.2866695540245778	8.68388342387836	1.286675800728996	0.07181908171700549	0.25843707654624765	1619.0267108666606	119.0	13.605266477871098	-325.53106530692037
2.0	308.0	820.0	3.7339693806693073	0.11668328048336903	63.64491133980235	0.31478631210170305	8.72432521218179	0.3147872405559997	0.07181908171700549	0.25843707654624765	1619.0267108666606	119.0	13.605266477871098	-325.53106530692037
2.0	318.0	820.0	0.6285929203962649	0.08546506247725918	5.2311556359649325	1.5163196478524572	9.660355382292465	1.516323598354504	0.07249050666221334	0.19915396914234731	943.9467054727631	119.0	7.93232525607364	-390.64355626675643
2.0	318.0	820.0	4.092946404632138	0.09432062602733791	65.89267777313333	0.21103281874731886	7.9299090438938435	0.21103295550950646	0.07249050666221334	0.19915396914234731	943.9467054727631	119.0	7.93232525607364	-390.64355626675643
2.0	328.0	820.0	0.5288913537719435	0.0659565285154863	24.334984968196316	2.3794139356453288	14.522095506190036	2.632496517069685	0.06867944646144888	0.18147806407846886	882.4357770876297	119.0	7.415426698215376	-412.56792688123994
2.0	328.0	820.0	3.923971418368947	0.0821298012774976	63.871710201037814	0.2542429265917307	8.90253346557531	0.2551074157457526	0.06867944646144888	0.18147806407846886	882.4357770876297	119.0	7.415426698215376	-412.56792688123994
2.0	338.0	820.0	1.9183135484107263	0.12020431710498514	30.74469484498976	0.37037138294822336	4.9455469001863746	0.3766372267087118	0.07293849664864074	0.18847340975186588	942.4585315237708	119.0	7.919819592636729	-389.3005389117962
2.0	338.0	820.0	4.107237134291618	0.09009122443680367	59.28428798697513	0.2313060125221843	9.047904161778778	0.24385765352347824	0.07293849664864074	0.18847340975186588	942.4585315237708	119.0	7.919819592636729	-389.3005389117962
2.0	348.0	820.0	3.0015704107893684	0.1203247166167245	32.28918172354468	0.26397675107957963	5.368604047113956	0.27464365514833905	0.06254934968432006	0.18744666321618214	1379.5050613091091	119.0	11.592479506799236	-380.0922046457925
2.0	348.0	820.0	4.295928255859691	0.1065190715376632	56.173544561096556	0.20866382561830246	7.026015559755168	0.2240816932910606	0.06254934968432006	0.18744666321618214	1379.5050613091091	119.0	11.592479506799236	-380.0922046457925
2.0	358.0	820.0	2.835500239501928	0.08798672065824724	32.78310865387256	0.3079489993043265	6.6662563867197155	0.3166450046521729	0.07649453118007292	0.1619395488904193	608.9301136148175	119.0	5.117059778275777	-431.9984217483318
2.0	358.0	820.0	3.4388601577710265	0.0844660172214842	55.8907557823644	0.2655591008859806	7.3771200347142685	0.28167529107101563	0.07649453118007292	0.1619395488904193	608.9301136148175	119.0	5.117059778275777	-431.9984217483318
2.0	368.0	820.0	1.6205509307287858	0.07221474383811827	36.05070543897865	1.2001058357957155	10.184974780624684	1.0278306976644553	0.07580180779989991	0.1602806285580606	559.6564839056018	119.0	4.702995663072284	-444.82024027082826
2.0	368.0	820.0	2.8637396204202012	0.12090561107259075	58.561542447564264	0.5104958711421075	7.354282581020653	0.3967270851773928	0.07580180779989991	0.1602806285580606	559.6564839056018	119.0	4.702995663072284	-444.82024027082826
1.0	378.0	820.0	3.1557220131947488	0.07765434190620672	58.30274929089818	0.25485846213328534	8.969083885616762	0.2548584130287177	0.0845485165445313	0.17488412608293605	545.3694885027418	122.0	4.470241709038867	-427.4637137482889
1.0	388.0	820.0	3.2489531534378444	0.053249932347372624	58.662472623574736	0.19739837263805496	10.430509314517082	0.19739838813981406	0.07435388475690849	0.13026084956532574	385.60726038103667	122.0	3.1607152490248906	-502.91663270736876
1.0	398.0	820.0	3.536196032878851	0.08270324569357898	57.98067530309531	0.33611471456115444	12.447380999880378	0.33611483816511106	0.0883305194134903	0.22138725839881856	786.4739341456439	122.0	6.446507656931507	-370.7616690838544
1.0	408.0	820.0	3.7955273452345515	0.1296147522219135	57.69949239467196	0.5204770512307293	13.198128505861208	0.5204769089620948	0.08685840006940233	0.356562540362751	2118.5373036531137	122.0	17.36505986600913	-251.0980877818301
2.0	418.0	820.0	0.5147446273980884	0.1995908812712126	18.386271867901986	2.3206887221913237	5.136953945816193	2.3324625751803896	0.08251240220679466	0.33625718179856257	2112.9700866113267	119.0	17.75605114799434	-257.54778696082457
2.0	418.0	820.0	3.422436055378279	0.1267267276128686	59.77869343661442	0.5503084466112858	12.878303228590566	0.5608062423996317	0.08251240220679466	0.33625718179856257	2112.9700866113267	119.0	17.75605114799434	-257.54778696082457
2.0	428.0	820.0	0.7067135777944529	0.12589385845426468	18.08433460234763	1.3931233785138344	6.774792981252438	1.3941855873127322	0.07957889914233537	0.24371365903691306	1191.2764280894216	119.0	10.010726286465728	-338.23134962510096
2.0	428.0	820.0	3.164100964212103	0.10220095255465424	65.30772916648745	0.38332979458507876	10.279196268490427	0.3837263401620556	0.07957889914233537	0.24371365903691306	1191.2764280894216	119.0	10.010726286465728	-338.23134962510096
2.0	438.0	820.0	0.5186009945340398	0.1365423412046878	15.720946503260757	2.776814201206493	9.134024731302546	2.778330423562838	0.07469925116879395	0.30784624152086865	2145.027053171634	119.0	18.02543742161037	-280.5352251724686
2.0	438.0	820.0	3.4989822574615532	0.13527230589972786	67.76878994157401	0.4154290637533491	9.306398523337807	0.4156585883278373	0.07469925116879395	0.30784624152086865	2145.027053171634	119.0	18.02543742161037	-280.5352251724686
2.0	448.0	820.0	0.19971325000169568	0.0916767193145817	25.38894622702402	18.144900232919746	21.881928005206152	18.839964134137926	0.0631468411733351	0.3090030712687055	2998.3119024385824	119.0	25.19589833982002	-280.67487710616547
2.0	448.0	820.0	3.6913193431749796	0.16529360495107798	68.98170332781262	0.541280600452849	10.186434493245931	0.5493672377306914	0.0631468411733351	0.3090030712687055	2998.3119024385824	119.0	25.19589833982002	-280.67487710616547
1.0	458.0	820.0	3.4477525646707763	0.12176402627648333	67.52450760075327	0.5195082223045069	12.740681958255967	0.5195084241626649	0.07202052827816036	0.33002503994378485	2624.802018596918	122.0	21.514770644237032	-271.14514473327176
1.0	468.0	820.0	3.2106829058048874	0.10435406800902894	64.33882658809331	0.5370262892592025	14.311374745328708	0.5370265109085566	0.07025548572141119	0.2995511176757229	2275.6652633970984	122.0	18.6529939622713	-295.1899744631814
2.0	478.0	820.0	3.470953607072285	0.08193404471089474	60.516533578547396	0.3747837356984753	13.748438041118082	0.374783627621441	0.06876682958432666	0.2276339897881379	1372.3125903551872	119.0	11.532038574413338	-357.0542201318109
2.0	478.0	820.0	0.22662071008561335	0.14305129171591527	192.35034186429482	3.407466816536838	4.6505294497969984	3.5937129637038807	0.06876682958432666	0.2276339897881379	1372.3125903551872	119.0	11.532038574413338	-357.0542201318109
1.0	488.0	820.0	4.125298940618633	0.06970862616050297	58.29632866915706	0.2375956270234094	12.177215934380207	0.23759564693431037	0.07872179846660997	0.1837366966921255	688.2367412495494	122.0	5.641284764340568	-416.23140226919816
2.0	498.0	820.0	5.118063493802754	0.06572322025114341	58.6823102565018	0.14583344383323038	9.835190328543202	0.1458334591459063	0.07849214949086744	0.15027160037823592	484.800645784235	119.0	4.07395500659021	-454.04929832396226
2.0	498.0	820.0	0.2299709787087532	0.07967818748213942	191.18998633862267	3.135626534802803	7.197926830645473	3.5031011256209177	0.07849214949086744	0.15027160037823592	484.800645784235	119.0	4.07395500659021	-454.04929832396226
1.0	508.0	820.0	6.139966927058825	0.10303885324725352	60.26889174843992	0.1550649193772926	8.002379848269083	0.15506494551668462	0.14444225076599396	0.21162487831819274	293.52126768761167	122.0	2.4059120302263253	-371.01432979101327
1.0	518.0	820.0	6.409362556327342	0.15645056784668743	62.097777075509775	0.19762605813809614	7.010859682534814	0.19762588441414938	0.12616897003306912	0.28641343011916653	777.0723600430679	122.0	6.369445574123507	-283.130842575903
1.0	528.0	820.0	5.3982155057058305	0.14300309120438942	62.7493897645076	0.22895084502509835	7.484365325174611	0.22895074736243778	0.1903515658136673	0.2823285151150288	304.4819615714014	122.0	2.495753783372143	-297.4333789802342
1.0	538.0	820.0	4.3853901689788	0.12188409471999614	63.794628957814695	0.26244756747057196	8.177362225329293	0.2624474738066176	0.1329617566416616	0.25888685113060844	495.3149438467986	122.0	4.0599585561213	-326.31342489661426
1.0	548.0	820.0	4.181024833953406	0.11825468090585697	65.78301188706658	0.24918159032328632	7.629176659900764	0.24918143592891054	0.1097717855968224	0.24080250468293277	638.2173642199896	122.0	5.231289870655652	-342.54228814012004
1.0	558.0	820.0	4.024706629593758	0.0901409599591185	65.6107471506134	0.20204768919146812	7.812436019423259	0.20204765436253633	0.11711239105076363	0.18286073017291168	333.614855381131	122.0	2.7345479949273033	-407.4461166614739
1.0	568.0	820.0	3.520644148342624	0.07200496253524087	64.4266366237256	0.19925852391462243	8.43695242115793	0.19925845637386358	0.08454347571437094	0.15835375024394738	441.1417869739888	122.0	3.6159162866720393	-453.99076799861916
1.0	578.0	820.0	2.767438398490696	0.05321009301701063	63.30696629344278	0.21876792437565382	9.853438327651594	0.21876789742458788	0.08252501684446532	0.1252281051026034	295.27389285050475	122.0	2.420277810250039	-510.2147444530053
