ncomps	x	y	amplitude	err amplitude	shift	err shift	width	err width	rms	residual	chisq	dof	redchisq	aic
2.0	488.0	690.0	3.5454020768006624	0.27975278048343943	58.360905088978875	0.5093089932819241	5.323906340148632	0.34862953805744856	0.36105376468786626	0.1156984249295252	30.883750181544748	119.0	0.25952731244995586	-416.7306823416013
2.0	488.0	690.0	3.591785615878252	0.1221124365076293	73.0286521012416	0.7922033787727851	7.611363538603019	0.5737549448869969	0.36105376468786626	0.1156984249295252	30.883750181544748	119.0	0.25952731244995586	-416.7306823416013
2.0	498.0	690.0	4.112833976630076	0.12356749788116997	59.15257754807251	0.390831729612251	5.51270529135304	0.33148628329265895	0.36105376468786626	0.14290254127735816	37.76933244004573	119.0	0.3173893482356784	-391.57226974923816
2.0	498.0	690.0	4.99271051444872	0.13080367112530422	73.8269285638134	0.3122239221737946	5.277277586897516	0.25965124265729234	0.36105376468786626	0.14290254127735816	37.76933244004573	119.0	0.3173893482356784	-391.57226974923816
2.0	508.0	690.0	4.025783437569205	0.11948201861980821	64.67995897551877	0.620378951115748	11.150330715736626	0.37301482522033363	0.030531493040312094	0.16718777436141402	5036.536921548574	119.0	42.32383967687878	-397.5172443351776
2.0	508.0	690.0	3.270136673658624	0.24512897775810338	76.03753219196653	0.20702390951233238	3.9176136096506164	0.30719222348707326	0.030531493040312094	0.16718777436141402	5036.536921548574	119.0	42.32383967687878	-397.5172443351776
2.0	518.0	690.0	4.612882706941496	0.08569124975354628	60.50078542118616	0.3035495106007453	6.360316472090396	0.25365696224752116	0.06960061597195133	0.13083665267497194	554.8369102025446	119.0	4.662495043718862	-467.23854124936844
2.0	518.0	690.0	5.6614827375642625	0.11050565145536077	76.02472346220088	0.21821147351881356	5.42339563983649	0.1704258997583442	0.06960061597195133	0.13083665267497194	554.8369102025446	119.0	4.662495043718862	-467.23854124936844
2.0	528.0	690.0	5.307692337464418	0.12091253162445909	60.3163915295605	0.20846590967324427	4.654125200806266	0.16953950038843743	0.07143305304121879	0.1300758125013187	611.9579774854014	119.0	5.142504012482365	-448.49304801820404
2.0	528.0	690.0	5.850996506786835	0.09301849032460818	74.32291834151192	0.2198269141753433	5.720013857778341	0.19395039467326863	0.07143305304121879	0.1300758125013187	611.9579774854014	119.0	5.142504012482365	-448.49304801820404
2.0	538.0	690.0	5.887752368647003	0.11811492116595053	59.98369656328189	0.14421184277326052	4.091593687137269	0.11787054154475622	0.0781417821928282	0.1366542926125144	384.9484558318651	119.0	3.2348609733770175	-483.9962676914609
2.0	538.0	690.0	5.713691889650453	0.08094683334498774	72.92684805125754	0.1878552646083557	5.567416947560796	0.1698843370161021	0.0781417821928282	0.1366542926125144	384.9484558318651	119.0	3.2348609733770175	-483.9962676914609
2.0	548.0	690.0	6.520947175477441	0.1966288332334976	59.705924761370675	0.1748820045877692	3.8086254385435376	0.14780992301604873	0.14671280067350662	0.15733414021056719	255.64267394375332	119.0	2.1482577642332212	-377.6743547278
2.0	548.0	690.0	5.477832226976794	0.12001700313876926	72.54717038747053	0.2942430414209056	5.862389578223207	0.27427329088722274	0.14671280067350662	0.15733414021056719	255.64267394375332	119.0	2.1482577642332212	-377.6743547278
2.0	558.0	690.0	6.905693900878946	0.2172112655845994	60.05592615190622	0.11289394083080588	3.341242482016683	0.1111271237823787	0.1556320900874484	0.14021693910565644	174.52049557100867	119.0	1.4665587863109972	-410.6371927732304
2.0	558.0	690.0	4.641360183235806	0.09900547623607096	72.50494331874847	0.3331637945500063	6.6555072876221315	0.31272021179042986	0.1556320900874484	0.14021693910565644	174.52049557100867	119.0	1.4665587863109972	-410.6371927732304
2.0	568.0	690.0	5.929226379618209	0.230399266802805	59.95996729770588	0.07956777836503139	3.5069654916044444	0.11003084719624061	0.08662729468045624	0.11359926223920398	229.67529571508922	119.0	1.9300445018074723	-522.7791165455902
2.0	568.0	690.0	3.5267303284939167	0.06778021137262287	71.45872156953061	0.49099620018805107	7.800404646769254	0.37409660778802384	0.08662729468045624	0.11359926223920398	229.67529571508922	119.0	1.9300445018074723	-522.7791165455902
2.0	578.0	690.0	4.16004774117803	0.12825031659597097	60.23821942743257	0.08393819141636538	3.5915725249106654	0.11313020239484495	0.07227301799479846	0.09240941244707594	205.5414797342566	119.0	1.7272393254979546	-581.947473719313
2.0	578.0	690.0	3.174082594944366	0.09804542904429397	67.04124488501955	0.318667126969057	9.354417387330628	0.16853358488994116	0.07227301799479846	0.09240941244707594	205.5414797342566	119.0	1.7272393254979546	-581.947473719313
1.0	588.0	690.0	6.720758156782449	0.15495788940681854	62.45034859828341	0.15472125792666663	5.8109959404186515	0.15472110227592656	0.057260964472723365	0.28267998910951053	3067.589409071294	122.0	25.144175484190935	-308.9923356690717
1.0	598.0	690.0	6.423133865650379	0.1807244321461923	62.205067437551776	0.19268987705561674	5.93015402218274	0.19268958953763501	0.18061522878328531	0.3295226092023484	427.9965439356695	122.0	3.508168392915324	-267.99640665378445
2.0	608.0	690.0	3.2438577439122955	0.16108529634082389	60.11661375172542	0.15405591367492014	3.216104764771873	0.19358348538744627	0.10129351365299952	0.12520048428103017	313.2069044928865	119.0	2.6319907940578697	-444.90257685817494
2.0	608.0	690.0	2.7559402774904407	0.12026673087440162	66.62642256805722	0.4654842274115783	11.28502447661127	0.3387520232106024	0.10129351365299952	0.12520048428103017	313.2069044928865	119.0	2.6319907940578697	-444.90257685817494
1.0	618.0	690.0	3.7451435770868833	0.062238650056424503	66.15137208243753	0.21570149018652052	11.240422630958411	0.2157014700576093	0.12169418628994229	0.14487419070841615	211.92545022723954	122.0	1.7370938543216357	-454.57090953316487
2.0	628.0	690.0	1.6202698897659549	0.08044192737396355	55.016946560273574	0.6498858770201706	6.233065501223258	0.5071437852036094	0.08285085052675419	0.11282247223036045	241.44719054266736	119.0	2.028967987753507	-527.6743230209217
2.0	628.0	690.0	4.08637808544427	0.06382042149591245	72.6943569904315	0.28827877038337907	7.191416905202578	0.23928556558914466	0.08285085052675419	0.11282247223036045	241.44719054266736	119.0	2.028967987753507	-527.6743230209217
3.0	638.0	690.0	0.8876427116964136	0.08381462600607235	50.47656529425324	0.5842081384483505	4.908659657143656	0.6021874356921977	0.0647949841358996	0.1370317050223011	559.3674109088853	116.0	4.822132852662804	-477.25495552314135
3.0	638.0	690.0	3.9805867038026244	0.0706384169821515	72.9772532333984	0.15519214385483607	7.198049161649118	0.16884992109915764	0.0647949841358996	0.1370317050223011	559.3674109088853	116.0	4.822132852662804	-477.25495552314135
3.0	638.0	690.0	0.3468716868906478	0.09561435702603376	124.92030026186708	1.1930143609356358	3.748193879651377	1.193014364685576	0.0647949841358996	0.1370317050223011	559.3674109088853	116.0	4.822132852662804	-477.25495552314135
3.0	648.0	690.0	0.5202234727066288	0.09565905817826735	45.80251146917524	1.3731242007234108	6.261085007888572	1.4322957856705816	0.06244067100835512	0.17469812428100057	989.6617935453354	116.0	8.53156718573565	-415.1882012469724
3.0	648.0	690.0	3.508542445348335	0.08975815790009584	72.85930437240938	0.21703444468147834	7.178805013167652	0.22902096712138265	0.06244067100835512	0.17469812428100057	989.6617935453354	116.0	8.53156718573565	-415.1882012469724
3.0	648.0	690.0	0.49780559407570785	0.101514898663602	122.51153029486206	1.2864415722007152	5.463245062021236	1.2864415694405895	0.06244067100835512	0.17469812428100057	989.6617935453354	116.0	8.53156718573565	-415.1882012469724
3.0	658.0	690.0	0.41845443119652076	0.08847558491841917	38.19082047373581	2.1382724664964035	8.693204546060285	2.185403132624406	0.07752643373573984	0.18886795943312473	761.9162964546649	116.0	6.568243934954008	-393.77849204050074
3.0	658.0	690.0	3.597803784827569	0.11987098546476946	71.90383785547685	0.22545568585942855	6.434913419985093	0.2636845310915114	0.07752643373573984	0.18886795943312473	761.9162964546649	116.0	6.568243934954008	-393.77849204050074
3.0	658.0	690.0	0.4123110999978398	0.056200103566445114	112.23796196627958	4.7357915164294	23.10674982739437	5.201915842736955	0.07752643373573984	0.18886795943312473	761.9162964546649	116.0	6.568243934954008	-393.77849204050074
2.0	668.0	690.0	3.9566262595540818	0.0967949798460476	71.87108305621557	0.17560815040707856	6.058101419508701	0.1775094991689263	0.09166536086066565	0.16277151629259992	474.7605236046122	119.0	3.989584231971531	-417.8787170575811
2.0	668.0	690.0	0.8397324052912246	0.06591833223956793	112.44527027439082	1.2182362841221988	13.38564514557346	1.2728128038421949	0.09166536086066565	0.16277151629259992	474.7605236046122	119.0	3.989584231971531	-417.8787170575811
3.0	678.0	690.0	0.35485513193007634	0.0721908021041793	30.02302682129748	2.325393803557842	9.904610034850073	2.34203586313816	0.052835697758472654	0.1652779745106045	1262.0205064482786	116.0	10.879487124554126	-426.5573939565075
3.0	678.0	690.0	3.4267790788992967	0.08515286418427348	72.14301991569371	0.2044857305359332	7.115131682396594	0.20611298764234662	0.052835697758472654	0.1652779745106045	1262.0205064482786	116.0	10.879487124554126	-426.5573939565075
3.0	678.0	690.0	0.9678232411931368	0.07505378074287758	114.27605508639135	0.8184936208234158	9.14296097606277	0.8212294793216488	0.052835697758472654	0.1652779745106045	1262.0205064482786	116.0	10.879487124554126	-426.5573939565075
3.0	688.0	690.0	1.5309753744278485	0.1814513165420777	70.13237752567893	0.32260700480861937	3.08017466797806	0.4325592767596529	0.058671613399252025	0.15464581727709548	997.8740521698109	116.0	8.602362518705267	-429.72043047220535
3.0	688.0	690.0	1.9833079484266747	0.15448014055986095	73.47083480391716	0.5568964399484895	11.657493661772497	0.6196440581328475	0.058671613399252025	0.15464581727709548	997.8740521698109	116.0	8.602362518705267	-429.72043047220535
3.0	688.0	690.0	0.520109421173408	0.08242748591144768	117.50217179314971	1.3726253158358401	7.416530245273629	1.3948969459326779	0.058671613399252025	0.15464581727709548	997.8740521698109	116.0	8.602362518705267	-429.72043047220535
1.0	698.0	690.0	2.8640866674252092	0.09313689235177167	68.9072551962826	0.3070316007024082	8.176011823576813	0.30703141729470057	0.06960036259585733	0.20094471336000583	1055.3582521452515	122.0	8.650477476600422	-393.5811471788991
1.0	708.0	690.0	3.1269904144788656	0.06285175404512407	66.12735997782292	0.15650732455474922	6.743056355705148	0.1565072611961889	0.05755646001359661	0.1184575141298882	579.600467261323	122.0	4.7508235021419924	-515.9940649997419
1.0	718.0	690.0	3.0591334392324976	0.052490790819010945	65.07870509576153	0.1304800971434803	6.585361004981089	0.13048006439957835	0.060763803027728006	0.09117836505853218	354.22280462999066	122.0	2.9034656117212347	-563.9887068769934
1.0	728.0	690.0	3.2284705824016844	0.0457278040034626	65.21040776959698	0.1090726464633545	6.669162132676044	0.1090726669487159	0.06809529220455864	0.08935177925723266	216.773284478669	122.0	1.776830200644828	-596.89451244791
1.0	738.0	690.0	3.6160004033428312	0.06209430123968675	64.31825357564159	0.14320944705879315	7.222474898475481	0.14320946792981523	0.08255030004433314	0.1169424799310279	294.55137286684914	122.0	2.414355515302042	-510.44440703732334
1.0	748.0	690.0	3.598639673333315	0.08047474078084045	62.35616154804475	0.21006849284917592	8.13550985290236	0.21006854147251636	0.12917585995529562	0.13634712232282278	227.58576898709407	122.0	1.8654571228450334	-430.7434573134991
1.0	758.0	690.0	3.52787567134994	0.06937831608428714	59.51844608336625	0.1988000864514598	8.753707116277175	0.19879995674674264	0.09364608103810879	0.14453981768959567	346.3407611274409	122.0	2.8388586977659087	-458.6694979848698
1.0	768.0	690.0	3.7801066742288163	0.07449637402149277	58.2778410333793	0.19004404625615046	8.352134994914977	0.19004417886916075	0.06825668228560114	0.16140972034570378	717.0704163979397	122.0	5.877626363917538	-446.7624466614393
1.0	778.0	690.0	4.055165595710303	0.08716767653391673	59.414060754069496	0.21461627680993076	8.646931849913697	0.2146163251607566	0.10064268449083671	0.17935562012446973	467.5323317494108	122.0	3.832232227454187	-403.1503570658885
1.0	788.0	690.0	4.3086955489200465	0.08603176294756207	62.00361484941849	0.23158946227499777	10.043923992557907	0.23158937419361303	0.0975944836253222	0.18590563532363655	562.608165001466	122.0	4.61154233607759	-387.69986789491577
2.0	798.0	690.0	2.984819890820523	0.06370876803485052	57.81948036450795	0.4391040190966859	7.454868414904368	0.37412834614255575	0.12434006902714853	0.09978635291426222	117.43712718596625	119.0	0.9868666150081197	-516.2732086798588
2.0	798.0	690.0	2.9225955260655	0.13498476048088096	72.73648180895515	0.27909951643755215	4.691775610928419	0.22540822156829673	0.12434006902714853	0.09978635291426222	117.43712718596625	119.0	0.9868666150081197	-516.2732086798588
2.0	808.0	690.0	1.6111152748934447	0.05653182647643622	52.68336901308576	0.2660987388115714	5.564656703002159	0.28370613550025	0.08030455445472941	0.09528887707654217	187.8149904691237	119.0	1.5782772308329722	-566.8774150371855
2.0	808.0	690.0	2.154415585789389	0.05694699392078053	71.6993831418841	0.19743436214928767	5.465199396659559	0.20952300601715865	0.08030455445472941	0.09528887707654217	187.8149904691237	119.0	1.5782772308329722	-566.8774150371855
2.0	98.0	700.0	1.2261239632450542	0.07108855397500875	10.557333951895897	0.21935970566042784	3.2743524431361646	0.21946820995592356	0.07463475408042734	0.09604150230520021	208.86594203847434	119.0	1.7551759835165912	-571.9030271586123
2.0	98.0	700.0	0.9006886253043448	0.04334616605072078	44.18297936659774	0.4897295996158518	8.814753973813337	0.4904141296928572	0.07463475408042734	0.09604150230520021	208.86594203847434	119.0	1.7551759835165912	-571.9030271586123
3.0	108.0	700.0	2.2123790981448077	0.062339794780843234	9.075086627300527	0.1661951750243487	5.1061351950137555	0.16635486024091545	0.09066877814925217	0.09503735860346765	165.37118872544562	116.0	1.425613695909014	-545.5854810859032
3.0	108.0	700.0	0.7527089199638192	0.04686030496636704	48.853345082625445	0.686729912296204	9.403364245958823	0.7366277636668125	0.09066877814925217	0.09503735860346765	165.37118872544562	116.0	1.425613695909014	-545.5854810859032
3.0	108.0	700.0	0.3979274095125311	0.06961585575503462	75.03422149400357	0.8677227375559281	4.103071344139844	0.8789089974044494	0.09066877814925217	0.09503735860346765	165.37118872544562	116.0	1.425613695909014	-545.5854810859032
2.0	118.0	700.0	3.019312715053383	0.08256197845155673	8.853201585088314	0.17580834741051815	5.563943911896165	0.17601054591139406	0.0943371220128952	0.1393831892140345	299.5277008964383	119.0	2.5170395033314144	-468.2716168203215
2.0	118.0	700.0	0.9394440965912072	0.05686171768404592	55.162907716925034	0.8204049632979756	11.744118265447161	0.8223828828441129	0.0943371220128952	0.1393831892140345	299.5277008964383	119.0	2.5170395033314144	-468.2716168203215
2.0	128.0	700.0	2.3640861486988083	0.07950062242060056	9.982672954204833	0.229091041759345	5.899345887344362	0.22917894078621517	0.11794324714598187	0.12415574426928061	188.41845137958092	119.0	1.583348330920848	-470.38212258107217
2.0	128.0	700.0	1.1386384571899206	0.06146421711104242	55.09826170860926	0.6151935093374237	9.872206008627737	0.6155376161854107	0.11794324714598187	0.12415574426928061	188.41845137958092	119.0	1.583348330920848	-470.38212258107217
2.0	138.0	700.0	1.449769458817053	0.07703191212733664	11.169537932258173	0.3748714305450174	6.109684801641308	0.3749150890045736	0.08709043708818195	0.11520854453455047	336.05365071455964	119.0	2.8239802581055433	-473.87054838069133
2.0	138.0	700.0	1.022823889952397	0.06557244076292591	54.88087871728461	0.6241363094765712	8.433895031403674	0.6242256774772368	0.08709043708818195	0.11520854453455047	336.05365071455964	119.0	2.8239802581055433	-473.87054838069133
4.0	258.0	700.0	0.33241409784095843	0.03611294969730683	8.954650736241973	1.5084442536380762	9.76548647662251	1.566835134095476	0.07250708549899065	0.08172653552949954	159.37997800168844	113.0	1.4104422832007826	-598.8598568529886
4.0	258.0	700.0	0.7354770107071937	0.05885460533453243	47.11142175122266	1.0008249138992602	11.938158726046106	0.9580355153018768	0.07250708549899065	0.08172653552949954	159.37997800168844	113.0	1.4104422832007826	-598.8598568529886
4.0	258.0	700.0	3.340722768767935	0.0844615355047547	53.40814044430441	0.06960432587109522	2.7308922259435704	0.08584567791027303	0.07250708549899065	0.08172653552949954	159.37997800168844	113.0	1.4104422832007826	-598.8598568529886
4.0	258.0	700.0	0.6654006716419686	0.05755960790704246	79.69958331281933	0.3903867042783265	3.8150355845028887	0.39599446491100154	0.07250708549899065	0.08172653552949954	159.37997800168844	113.0	1.4104422832007826	-598.8598568529886
3.0	268.0	700.0	0.3327459106185426	0.050036611260271924	16.154439585485857	2.4353907736937854	13.981262119566574	2.537246939464083	0.06272956230597071	0.1368254156926836	595.9048598575661	116.0	5.137110860841087	-477.4444854513888
3.0	268.0	700.0	4.13939191367249	0.08880639843579488	54.443065097610216	0.10957170751597847	4.3543753833112495	0.1106351770907581	0.06272956230597071	0.1368254156926836	595.9048598575661	116.0	5.137110860841087	-477.4444854513888
3.0	268.0	700.0	0.8876075381038577	0.09526981548797993	80.02394498333273	0.46720674935105583	3.7696993137780783	0.46722079872456196	0.06272956230597071	0.1368254156926836	595.9048598575661	116.0	5.137110860841087	-477.4444854513888
2.0	278.0	700.0	3.8508168568162224	0.0758828941454818	57.41912332362098	0.1382330546360168	6.078627109880077	0.13928376234354567	0.06592891370981227	0.1395369439283362	563.7264696975493	119.0	4.737197224349154	-478.800754477219
2.0	278.0	700.0	0.9809122075706419	0.1034256996684684	80.55902151405778	0.39806678273022666	3.262611581524297	0.39958534138938945	0.06592891370981227	0.1395369439283362	563.7264696975493	119.0	4.737197224349154	-478.800754477219
1.0	288.0	700.0	3.9926808987531794	0.08168367813331981	57.546704450042284	0.151926030542264	6.431369175193006	0.15192607075656425	0.06797268392640393	0.15318333576098692	669.4392114018594	122.0	5.4872066508349135	-456.39651203204517
2.0	298.0	700.0	4.0325220581071655	0.07203972309688596	56.23580462632314	0.1398249837665844	6.780893255789373	0.14257606315540183	0.0643998748883053	0.13391403711990968	590.0400463280473	119.0	4.958319717042414	-478.9644486904021
2.0	298.0	700.0	0.6431641378747874	0.10511183809234385	79.0043980048934	0.6004554767464385	3.1525567619911614	0.6043967952281931	0.0643998748883053	0.13391403711990968	590.0400463280473	119.0	4.958319717042414	-478.9644486904021
2.0	308.0	700.0	3.6910862363006904	0.06777895433618635	56.52396563382167	0.14288960010289506	6.7439489439404525	0.14506427380582998	0.061708130311221875	0.1313827851574481	567.1269780402157	119.0	4.765772924707695	-494.58934580277264
2.0	308.0	700.0	0.6243599759244124	0.10540073650587503	78.84706695164309	0.5428358431739303	2.7655137725852375	0.5452388988362393	0.061708130311221875	0.1313827851574481	567.1269780402157	119.0	4.765772924707695	-494.58934580277264
1.0	318.0	700.0	2.8570082513009645	0.06834516302975943	58.99283363861046	0.17522895791797424	6.343445404883417	0.17522889311462356	0.06327619742843496	0.12793944533021498	533.4375043332117	122.0	4.372438560108292	-502.6829891575614
1.0	328.0	700.0	2.15677558781625	0.0624205514186656	64.50779820325636	0.3314903796468292	9.91882455301697	0.3314903046393167	0.10880943752611576	0.12620352955065156	235.2925971791898	122.0	1.928627845731064	-469.474789496773
2.0	338.0	700.0	0.23001826600730516	0.047558439845046895	47.74315273941632	14.092328345984441	68.70941910354668	16.84626221094974	0.08248587290116405	0.21200708971563043	826.1078545586018	119.0	6.942082811416822	-375.0187447821243
2.0	338.0	700.0	3.1611160387142543	0.11048465777810032	68.20312382919172	0.28068004561757587	7.292083054782804	0.31474245210012397	0.08248587290116405	0.21200708971563043	826.1078545586018	119.0	6.942082811416822	-375.0187447821243
1.0	348.0	700.0	3.6141341999628076	0.15015807413142626	67.68752787584108	0.28589542561354003	5.959047411842615	0.2858952927168517	0.36105376468786626	0.22318373660105056	74.29421927178385	122.0	0.6089690104244577	-313.71717366363265
2.0	358.0	700.0	0.7171127286175556	0.07343381165193412	43.322531264485676	2.533628098466571	13.94843207848291	2.641783511882918	0.09575940903306214	0.19012750867213773	533.3296190800412	119.0	4.481761504874296	-392.41399311353416
2.0	358.0	700.0	4.411729049875536	0.15594930572829246	67.71466625144195	0.1723442383783834	4.884955020499214	0.20410949411148874	0.09575940903306214	0.19012750867213773	533.3296190800412	119.0	4.481761504874296	-392.41399311353416
2.0	368.0	700.0	0.9269450834196089	0.08328236124486392	47.665095633551616	2.7696832861311194	12.135444600815939	2.5136897290306774	0.06157899266244144	0.20841658382843406	1432.754242164002	119.0	12.039951614823547	-379.2667371740685
2.0	368.0	700.0	5.244286411690398	0.22444996267158235	67.40551904290903	0.17370325618054394	5.009409724994653	0.2154509321010617	0.06157899266244144	0.20841658382843406	1432.754242164002	119.0	12.039951614823547	-379.2667371740685
2.0	378.0	700.0	1.1901858048683776	0.26264836657398055	54.636815404121194	6.205076401127859	9.794133662368505	3.6978216062964395	0.07769140594516999	0.23326594094484138	1176.7945372165534	119.0	9.889029724508852	-345.7613201852335
2.0	378.0	700.0	5.544529850000437	0.7896522987864587	67.96313821638374	0.3066129816422136	5.252980452251417	0.40591835318548614	0.07769140594516999	0.23326594094484138	1176.7945372165534	119.0	9.889029724508852	-345.7613201852335
1.0	388.0	700.0	5.275422665202623	0.15991542725688046	66.6870108000399	0.29375917636237836	8.393234686089782	0.293759364509401	0.1072677454313411	0.3499963793667837	1344.4924366643145	122.0	11.02042980872389	-255.17455494816352
2.0	398.0	700.0	4.198106112576069	0.08686780723698548	57.793073068307535	0.5015672901282454	7.9724526972341625	0.3858294235700683	0.08376549536034121	0.14911782030965298	396.2302576972275	119.0	3.329666031069139	-463.011441658724
2.0	398.0	700.0	4.609401338276315	0.19497226664522932	73.50306296020639	0.29254243454132023	5.437583493030592	0.21189095996477775	0.08376549536034121	0.14911782030965298	396.2302576972275	119.0	3.329666031069139	-463.011441658724
2.0	408.0	700.0	4.547053544328312	0.0791827008943941	56.46874187680835	0.31612391967627373	7.303249735194154	0.24147011768556376	0.088890321137336	0.1219613120563177	242.71256231439878	119.0	2.0396013639865442	-509.4306227445411
2.0	408.0	700.0	5.3630607784325335	0.08333860384071705	74.9624627863135	0.26238610929143197	7.122852426005174	0.19804224548549126	0.088890321137336	0.1219613120563177	242.71256231439878	119.0	2.0396013639865442	-509.4306227445411
2.0	418.0	700.0	4.704145182156588	0.07264872629403409	63.77658072249247	0.506756962538553	11.291605618061386	0.37879709688613544	0.0688108483689449	0.14696579436312562	620.8702970078957	119.0	5.217397453847863	-456.03554460172325
2.0	418.0	700.0	4.577337712912548	0.22715623393479556	78.87457799040439	0.12328753851415464	4.363295033119673	0.2007106970345013	0.0688108483689449	0.14696579436312562	620.8702970078957	119.0	5.217397453847863	-456.03554460172325
2.0	428.0	700.0	5.011533422062843	0.08332196422264947	65.9867038452531	0.41367240969366686	10.521299678604136	0.34780695143731477	0.07595003200409971	0.1919524212661551	802.6843351853609	119.0	6.745246514162696	-399.2520686711116
2.0	428.0	700.0	4.734623407355117	0.22847964866178022	80.25079858400952	0.12185380234329315	3.353947944655445	0.18039955689388673	0.07595003200409971	0.1919524212661551	802.6843351853609	119.0	6.745246514162696	-399.2520686711116
2.0	438.0	700.0	5.208076081000565	0.07775043945228885	66.5904898004434	0.33557905755080897	9.816948343018405	0.29937361643465527	0.36105376468786626	0.1489676141046273	29.897813192097928	119.0	0.25124212766468845	-420.78628498557856
2.0	438.0	700.0	3.429277882735169	0.20873839047098447	80.6868510175221	0.1510054511189575	3.1581648950813372	0.21598340538742267	0.36105376468786626	0.1489676141046273	29.897813192097928	119.0	0.25124212766468845	-420.78628498557856
2.0	448.0	700.0	4.838477092448613	0.16350490443074409	61.76339822145129	0.6090062322255787	6.7510000232262914	0.4198932088984785	0.0922915625639304	0.14948785080103555	553.2095222088473	119.0	4.648819514360061	-397.0608898875801
2.0	448.0	700.0	4.049855594567831	0.2364531488004677	76.65697890010057	0.6233028413724098	5.869827203084884	0.40266439419750716	0.0922915625639304	0.14948785080103555	553.2095222088473	119.0	4.648819514360061	-397.0608898875801
2.0	458.0	700.0	4.830306355607437	0.12414476090786596	59.85610014572292	0.33553741773110046	5.782058151586575	0.25025865802926855	0.36105376468786626	0.1103810230806774	24.34838559561466	119.0	0.20460828231608957	-446.4512591078337
2.0	458.0	700.0	3.90960453447256	0.10781078163041358	75.16841694781651	0.43976453152348716	6.19402538151595	0.3387777478886053	0.36105376468786626	0.1103810230806774	24.34838559561466	119.0	0.20460828231608957	-446.4512591078337
2.0	468.0	700.0	3.604826708247497	0.07347378723508226	62.230941053537656	0.4115149284817032	7.069266831303526	0.29777613234180067	0.08126167713354128	0.08408460420757959	200.0128028731839	119.0	1.6807798560771756	-556.0498677809054
2.0	468.0	700.0	3.214627317229806	0.12381550826733614	77.44076651417329	0.36622354579547356	5.715602593869744	0.24381337979199946	0.08126167713354128	0.08408460420757959	200.0128028731839	119.0	1.6807798560771756	-556.0498677809054
1.0	478.0	700.0	3.731891543676621	0.06944030239131907	70.43748425999112	0.233835062557133	10.883029079308995	0.23383504380274675	0.36105376468786626	0.143839780923914	29.016699434086807	122.0	0.23784179864005578	-431.2373785831649
2.0	488.0	700.0	2.9051323193899723	0.17589055823081617	67.17944252066505	0.5376647111461872	11.612205370770441	0.35128137009409	0.36105376468786626	0.11117121108977138	21.538662330308846	119.0	0.18099716243957012	-461.7782565094608
2.0	488.0	700.0	1.9583827765202402	0.19281810597633883	73.4098392970269	0.32500898107249876	4.4349377884775345	0.4362329822807341	0.36105376468786626	0.11117121108977138	21.538662330308846	119.0	0.18099716243957012	-461.7782565094608
1.0	498.0	700.0	4.887919415617159	0.09746560857983338	70.03835327459228	0.2018815521834204	8.76747287709048	0.20188147758815855	0.11661947559846984	0.1957984360173166	441.4337736053982	122.0	3.6183096197163787	-373.4954639253741
1.0	508.0	700.0	5.255801310005697	0.12355927934150358	70.65739934724486	0.253339438242814	9.331885061773324	0.25333934469992114	0.08245557151118277	0.27128027666453164	1510.4697597377196	122.0	12.380899669981309	-306.3911340479486
1.0	518.0	700.0	5.559215748174664	0.14024267399143683	70.17966855559284	0.29406333048617694	10.095783615859082	0.2940634482243711	0.07758207293956136	0.3358137777098736	2377.758170104113	122.0	19.489821066427158	-264.90476931056116
3.0	528.0	700.0	4.367992214639982	0.06661929885956623	62.388829065589604	0.24047668946636916	6.285451404502867	0.21447875799182603	0.04736620316476047	0.11080123419311831	684.7522938666509	116.0	5.903037016091818	-530.3034345120892
3.0	528.0	700.0	5.561514215162754	0.12124368183111042	75.52426987700493	0.12800857948453137	4.107559386797659	0.10331034926682542	0.04736620316476047	0.11080123419311831	684.7522938666509	116.0	5.903037016091818	-530.3034345120892
3.0	528.0	700.0	0.19140067411925135	0.026608434669454853	80.26560083759223	7.733325328737518	63.618511596447064	9.164143214053809	0.04736620316476047	0.11080123419311831	684.7522938666509	116.0	5.903037016091818	-530.3034345120892
3.0	538.0	700.0	4.8389029153278225	0.0641333957290276	62.558235859723375	0.20327200457216882	6.04527910348382	0.18018443423354033	0.06000292183062589	0.10703872702318397	397.78430716083795	116.0	3.4291750617313617	-539.0757653918903
3.0	538.0	700.0	4.604508011544717	0.11544860539696628	75.34654172039971	0.14749275621449112	4.007993928527906	0.1186772391651621	0.06000292183062589	0.10703872702318397	397.78430716083795	116.0	3.4291750617313617	-539.0757653918903
3.0	538.0	700.0	0.10911772928472535	0.019237403867337705	114.43673138757931	23.817310013439524	89.81619974929401	27.488740701952665	0.06000292183062589	0.10703872702318397	397.78430716083795	116.0	3.4291750617313617	-539.0757653918903
2.0	548.0	700.0	5.593817813186184	0.09476288794116194	62.9117585586434	0.282975449766935	5.829649683590591	0.2267364632706354	0.1612707265506878	0.12037254353861884	105.55289378459727	119.0	0.8869991074335906	-464.59352769012895
2.0	548.0	700.0	3.8857961211688905	0.1726619666857914	75.41057384508373	0.3015310462705118	4.296562591228393	0.22049407979167698	0.1612707265506878	0.12037254353861884	105.55289378459727	119.0	0.8869991074335906	-464.59352769012895
2.0	558.0	700.0	5.372537420071449	0.27911861730010407	61.3697055335011	0.21796873431490701	4.1696513275176645	0.1719257008404937	0.13039951778181935	0.12181868743685899	194.34246601037734	119.0	1.633129966473759	-441.4126981924394
2.0	558.0	700.0	3.981217535038408	0.10408066208633156	73.66676998157759	0.5606711075426268	6.780365318451074	0.4273312169605494	0.13039951778181935	0.12181868743685899	194.34246601037734	119.0	1.633129966473759	-441.4126981924394
2.0	568.0	700.0	4.897127877912236	0.1416534703728987	61.833927688161246	0.14729671257530672	4.614104135304795	0.11745207538847838	0.07973825209711906	0.09981837519419756	198.50407814315207	119.0	1.668101497001278	-561.7276114900789
2.0	568.0	700.0	2.9487285335896956	0.056777416327609534	75.89857005034816	0.43851692606364756	7.488650402184181	0.34988316044405793	0.07973825209711906	0.09981837519419756	198.50407814315207	119.0	1.668101497001278	-561.7276114900789
2.0	578.0	700.0	5.097054112599994	0.06443270496047254	63.06338548657681	0.13370921698238797	5.809675654401653	0.1329678591470927	0.08396011568597367	0.11416927622235565	231.54463459488161	119.0	1.9457532318897615	-529.5841216752709
2.0	578.0	700.0	2.0034970782988486	0.06971296133891053	79.33029852041537	0.3155938996791979	5.034983220614341	0.2972056378247692	0.08396011568597367	0.11416927622235565	231.54463459488161	119.0	1.9457532318897615	-529.5841216752709
2.0	588.0	700.0	5.786800045291422	0.0888052569228281	62.79192182219827	0.14710523144235946	5.372734487559916	0.14432160075575473	0.13331787013950788	0.1448690420261288	162.5744677028594	119.0	1.3661719975030202	-458.19008311308454
2.0	588.0	700.0	1.5865830674120949	0.0892681087686833	79.04592598888115	0.5337591632152675	5.31684680490694	0.5215545287672454	0.13331787013950788	0.1448690420261288	162.5744677028594	119.0	1.3661719975030202	-458.19008311308454
2.0	598.0	700.0	5.61812896753771	0.08875803268494589	62.441787433858	0.15673148004334847	5.486933396237628	0.1523926046307158	0.143939366248141	0.1441060011914436	142.0193743209912	119.0	1.193440120344464	-455.9227008095114
2.0	598.0	700.0	1.9469936754135813	0.08845536485770501	79.09675180175775	0.4537776286478922	5.522712595053144	0.44235949657261475	0.143939366248141	0.1441060011914436	142.0193743209912	119.0	1.193440120344464	-455.9227008095114
2.0	608.0	700.0	4.696778773532715	0.08562341474580648	61.80565497132274	0.22850634740982473	6.134853180784707	0.2141724666088891	0.1375776524893496	0.14368974755183206	158.43270525747704	119.0	1.3313672710712356	-453.55280540116814
2.0	608.0	700.0	2.225921209639291	0.09101795777391328	78.82604792733925	0.45949147915458666	5.644029152933375	0.4160477207612532	0.1375776524893496	0.14368974755183206	158.43270525747704	119.0	1.3313672710712356	-453.55280540116814
2.0	618.0	700.0	3.3923616058130124	0.06576865279148801	60.917751844815015	0.45121707838462427	7.896171347005964	0.34181828868672054	0.089980934939995	0.09602400160474427	182.03363220428503	119.0	1.5296943882713028	-542.3427862369836
2.0	618.0	700.0	2.8239313185073915	0.12405434557523994	77.50741389752866	0.39990193662738044	5.950398815220534	0.2774328590317501	0.089980934939995	0.09602400160474427	182.03363220428503	119.0	1.5296943882713028	-542.3427862369836
2.0	628.0	700.0	2.206323335716787	0.06846110539388506	58.79070878311768	0.9360633203011843	9.48908428867298	0.7178832400783678	0.071311509061301	0.12724014649194423	403.6386170733451	119.0	3.3919211518768493	-500.9367438692284
2.0	628.0	700.0	4.164760274541043	0.18947822932744054	75.71884524213668	0.24747797222670032	5.668588004753824	0.20263096955447005	0.071311509061301	0.12724014649194423	403.6386170733451	119.0	3.3919211518768493	-500.9367438692284
3.0	638.0	700.0	1.0644094781412712	0.0655716056728182	52.18039317464114	1.298703070839331	10.499999523854376	1.288733375362377	0.07167405548363522	0.1467787009248795	560.6561504472426	116.0	4.833242676269332	-451.7421366559517
3.0	638.0	700.0	4.722037829761172	0.11159855796598987	74.22387250829364	0.18502716049219356	5.84617916262628	0.1706797289607535	0.07167405548363522	0.1467787009248795	560.6561504472426	116.0	4.833242676269332	-451.7421366559517
3.0	638.0	700.0	0.4312952975386765	0.08793166220108983	124.99330150264811	1.2791878729732988	5.438341803200742	1.2792031352617146	0.07167405548363522	0.1467787009248795	560.6561504472426	116.0	4.833242676269332	-451.7421366559517
3.0	648.0	700.0	0.744565555719497	0.0819899726515166	45.97990786036397	1.1200774899844685	8.431619857722394	1.2124666202271064	0.07486572060593238	0.16647680875742865	663.518683002921	116.0	5.719988646576905	-419.79416382598066
3.0	648.0	700.0	4.5247697367265935	0.09559121799875915	73.18536168102207	0.1576718455578917	5.9872531733748735	0.1631700986717413	0.07486572060593238	0.16647680875742865	663.518683002921	116.0	5.719988646576905	-419.79416382598066
3.0	648.0	700.0	0.7364334194792254	0.10230176328974959	123.26360132394807	0.8316876320653344	5.184910913309772	0.8316876359495174	0.07486572060593238	0.16647680875742865	663.518683002921	116.0	5.719988646576905	-419.79416382598066
4.0	658.0	700.0	0.45860356408443187	0.08963510634523537	36.62740641646966	4.945465591917677	8.381494245372465	4.125658901385433	0.08577842076308792	0.16769564633415368	509.9192210228234	113.0	4.512559478078083	-411.46891509405833
4.0	658.0	700.0	0.5112001694250402	0.2724152892273267	50.23203145299164	1.5892251453213182	3.9344223062755628	1.8297689714437084	0.08577842076308792	0.16769564633415368	509.9192210228234	113.0	4.512559478078083	-411.46891509405833
4.0	658.0	700.0	4.658543670352089	0.09639836934538953	73.04097194755573	0.1466186745867639	6.123789362064508	0.1498951388654022	0.08577842076308792	0.16769564633415368	509.9192210228234	113.0	4.512559478078083	-411.46891509405833
4.0	658.0	700.0	0.7761368439228312	0.08203956056488755	119.89462064065573	1.019135919106871	8.350074450158738	1.019152915302054	0.08577842076308792	0.16769564633415368	509.9192210228234	113.0	4.512559478078083	-411.46891509405833
4.0	668.0	700.0	0.4914133352801617	0.06564308295241884	37.37996858903942	1.3026928143893697	8.448002311907246	1.3144093827351788	0.06060001956193884	0.1354003755674714	658.5095600811434	113.0	5.827518230806579	-466.37113877214074
4.0	668.0	700.0	4.486362617635626	0.07735578495390003	72.87585638327938	0.12982898976489096	6.0786090555981325	0.13332455695964876	0.06060001956193884	0.1354003755674714	658.5095600811434	113.0	5.827518230806579	-466.37113877214074
4.0	668.0	700.0	0.5858553903731972	0.17142670040533006	110.42586952436763	3.3807647658352677	12.762846962993116	1.9357526640016995	0.06060001956193884	0.1354003755674714	658.5095600811434	113.0	5.827518230806579	-466.37113877214074
4.0	668.0	700.0	0.6527278879661502	0.1958783389284414	118.68542426411926	1.0835696474458703	5.202826098037252	1.4571262350200658	0.06060001956193884	0.1354003755674714	658.5095600811434	113.0	5.827518230806579	-466.37113877214074
3.0	678.0	700.0	0.42279126509283405	0.06153153177893644	33.33648761959113	1.2976226120854302	7.7275360299700235	1.3018723040601667	0.0502570975864437	0.12235998936142943	792.1067388794054	116.0	6.8285063696500465	-497.2878546446849
3.0	678.0	700.0	3.656836942988736	0.06307039188201347	72.26525202364411	0.1464921745364294	7.355388388021995	0.14712851310887803	0.0502570975864437	0.12235998936142943	792.1067388794054	116.0	6.8285063696500465	-497.2878546446849
3.0	678.0	700.0	1.0661946809555964	0.05829607206745758	115.59149904172165	0.5426684633136801	8.5963828537367	0.5433918353592572	0.0502570975864437	0.12235998936142943	792.1067388794054	116.0	6.8285063696500465	-497.2878546446849
2.0	688.0	700.0	3.6307764590362597	0.06315988437113741	70.53921420808287	0.1571867638975883	7.825580628384309	0.1571967648289775	0.05529615223207286	0.12771668685745885	717.7757232449885	119.0	6.031728766764609	-492.57069631169543
2.0	688.0	700.0	0.5474673453911503	0.06409908872307508	117.92101140752551	1.0271880317435795	7.5978136465281345	1.0272522216328734	0.05529615223207286	0.12771668685745885	717.7757232449885	119.0	6.031728766764609	-492.57069631169543
1.0	698.0	700.0	4.280300751024028	0.06763210062558056	68.58119997076972	0.12054256984525992	6.606481601022536	0.12054250718678522	0.08722692477201667	0.13166659045465767	286.2880438835829	122.0	2.346623310521171	-500.22496720992194
2.0	708.0	700.0	3.6351689315276605	0.1941948712295653	66.10957953366032	0.14078796530226614	5.1835179739034505	0.19498757892611768	0.06999809161117963	0.08312758047166181	184.84226362315394	119.0	1.55329633296768	-603.2113237165462
2.0	708.0	700.0	0.9420876759140385	0.177598376467736	72.4186692007305	1.4783700343506256	10.44854996921577	0.6697803181283147	0.06999809161117963	0.08312758047166181	184.84226362315394	119.0	1.55329633296768	-603.2113237165462
1.0	718.0	700.0	3.7141391848177654	0.04767649465021091	66.16024787991945	0.0999917223558517	6.745850314421261	0.09999169395872858	0.07014445843554222	0.09324228674399576	224.63633500660043	122.0	1.8412814344803314	-585.0284843160695
1.0	728.0	700.0	3.3780973415071265	0.04306517443542127	65.65943364572885	0.1014094611569528	6.888796226125712	0.10140943543525989	0.0628133497113766	0.0846371761692503	233.40662444169357	122.0	1.913169052800767	-607.8383677064156
1.0	738.0	700.0	3.493972164447567	0.047784289331012725	64.13386916263724	0.10719538013265993	6.788169926724554	0.10719540767911663	0.06877436012863962	0.09136435245336444	236.1976466286326	122.0	1.9360462838412509	-583.6866686450422
1.0	748.0	700.0	3.5561540136910086	0.060638354879821395	61.564851551231634	0.13884425601636555	7.051402880898445	0.1388442073457074	0.0971262957717631	0.11060365283172686	198.11665743448913	122.0	1.6239070281515502	-519.3679949189114
1.0	758.0	700.0	3.743117893387944	0.07470528078233633	58.46848575393063	0.170158767861193	7.382755001966263	0.17015860649912964	0.08595580292417727	0.1262482570896479	401.9912823745241	122.0	3.295010511266591	-461.4659253984464
2.0	768.0	700.0	2.8289624438660312	0.251347042093386	50.91453116922267	0.40561356828168466	4.0668653584974095	0.24070478547585233	0.08784735613389467	0.09293241351874706	152.3923750427866	119.0	1.280608193636862	-570.5586665802558
2.0	768.0	700.0	3.540952199289362	0.11967872998238235	60.99364123412748	0.502014388252892	5.4355602041252675	0.31726937273883554	0.08784735613389467	0.09293241351874706	152.3923750427866	119.0	1.280608193636862	-570.5586665802558
2.0	778.0	700.0	2.6976904775860477	0.297848022170225	50.60485907647933	0.37029970181028526	3.952929872000058	0.28040447451230877	0.1232604634310369	0.10456539569715222	124.23116550371017	119.0	1.0439593739807578	-511.42323767325115
2.0	778.0	700.0	3.8283239303728105	0.1056057313065511	61.363820344237396	0.5496140369270827	6.31384129154325	0.3779520899517533	0.1232604634310369	0.10456539569715222	124.23116550371017	119.0	1.0439593739807578	-511.42323767325115
1.0	788.0	700.0	4.339459301708975	0.08126119738202317	59.24460764720318	0.19431338669804996	8.985778488287744	0.19431330567173738	0.15663880620832163	0.1390428030030693	174.32390755438783	122.0	1.42888448815072	-415.8780092348793
1.0	798.0	700.0	3.3820452149706917	0.07443125232610051	60.17604049861876	0.24958817413327455	9.821885216083027	0.24958822322273855	0.05964046009604177	0.1331211017474118	1102.621084269774	122.0	9.03787773991618	-426.713807266389
4.0	808.0	700.0	1.0780070846484144	0.4868052745881563	47.0754112709472	0.7876841499467465	2.6107211718909893	0.6434778053387675	0.1121915350291567	0.08503382428333757	129.83676898624253	113.0	1.1489979556304648	-515.3556816155343
4.0	808.0	700.0	1.826551422166242	0.44953250366081016	55.861273743072545	1.8690926050847065	4.657275886553405	2.581174151046898	0.1121915350291567	0.08503382428333757	129.83676898624253	113.0	1.1489979556304648	-515.3556816155343
4.0	808.0	700.0	1.648017782472446	0.28974307448417896	68.09505656115489	1.6361835931357327	5.036744242122773	4.073328843412655	0.1121915350291567	0.08503382428333757	129.83676898624253	113.0	1.1489979556304648	-515.3556816155343
4.0	808.0	700.0	0.4173836682857525	0.8356171128409464	76.63401769897291	2.2399107121278736	2.704579307473928	2.4209581332241323	0.1121915350291567	0.08503382428333757	129.83676898624253	113.0	1.1489979556304648	-515.3556816155343
4.0	108.0	710.0	1.9917640190171872	0.056444363735896334	11.749028601372734	0.18291709263866732	5.589916960716235	0.18292285614417877	0.08174360779228702	0.09639150065687871	177.93542820750335	113.0	1.5746498071460473	-555.1178287785626
4.0	108.0	710.0	0.6911169545819296	0.09193975069382887	44.06900784873959	1.1969705680235838	4.449422377689639	0.8985566031192133	0.08174360779228702	0.09639150065687871	177.93542820750335	113.0	1.5746498071460473	-555.1178287785626
4.0	108.0	710.0	0.547512680231446	0.06351021313272506	56.973523688430085	1.6181943813241313	5.330688966837133	1.7117490858939362	0.08174360779228702	0.09639150065687871	177.93542820750335	113.0	1.5746498071460473	-555.1178287785626
4.0	108.0	710.0	0.44957941823233116	0.057813293009016636	76.88542773571001	0.9629089158740337	5.537662980934394	1.035620335141187	0.08174360779228702	0.09639150065687871	177.93542820750335	113.0	1.5746498071460473	-555.1178287785626
3.0	118.0	710.0	2.5722229017473386	0.04550308663388146	11.503566301550833	0.13418561217376715	6.566949700992218	0.13456449120106995	0.06773298576074259	0.08486144027529488	202.8426612437223	116.0	1.7486436314113991	-592.9656692879597
3.0	118.0	710.0	0.9564115144690376	0.04058762217661784	52.38028582656697	0.7826215809218593	8.744166024649754	0.7490753942308832	0.06773298576074259	0.08486144027529488	202.8426612437223	116.0	1.7486436314113991	-592.9656692879597
3.0	118.0	710.0	0.46903353223750477	0.05237072041131401	73.85894600158586	1.3240525925475661	6.569576932305688	1.14250524438028	0.06773298576074259	0.08486144027529488	202.8426612437223	116.0	1.7486436314113991	-592.9656692879597
3.0	128.0	710.0	1.8475073034525786	0.04659702895582012	10.832364528557362	0.20445816270154885	7.018495642870349	0.2052803310805532	0.0790237524932756	0.08635151028517825	166.90193126012846	116.0	1.4388097522424868	-578.7999013347141
3.0	128.0	710.0	1.1144361576434094	0.044160134290014905	51.95466552734208	0.8317848423475059	8.602935289733356	0.746940138546542	0.0790237524932756	0.08635151028517825	166.90193126012846	116.0	1.4388097522424868	-578.7999013347141
3.0	128.0	710.0	0.4538022381710427	0.06613517536362824	71.77383906918277	1.6053395178771583	6.316280332298135	1.2965148873673462	0.0790237524932756	0.08635151028517825	166.90193126012846	116.0	1.4388097522424868	-578.7999013347141
2.0	138.0	710.0	1.0008288693414897	0.07306291037498638	9.470670286987673	0.5309482273341477	6.297549710011402	0.5317384430984393	0.13987193101900428	0.12149075263755303	120.71408709350564	119.0	1.0144040932227365	-483.40626200926323
2.0	138.0	710.0	0.906007026455265	0.056643074891298	54.167536320661426	0.756604971480831	10.483476200697599	0.758353809163996	0.13987193101900428	0.12149075263755303	120.71408709350564	119.0	1.0144040932227365	-483.40626200926323
3.0	258.0	710.0	0.28901389561430385	0.03963908989139966	11.524389239486684	2.011370285129607	12.023453191667821	2.1987086847137896	0.05878569885547149	0.09833181266778748	355.85342987464526	116.0	3.0677019816779763	-558.1233008423708
3.0	258.0	710.0	2.3346747963521883	0.04848233844454274	47.58995078248885	0.20250023744765167	7.662200997384939	0.20742013006968915	0.05878569885547149	0.09833181266778748	355.85342987464526	116.0	3.0677019816779763	-558.1233008423708
3.0	258.0	710.0	0.5608530935385735	0.07539466813601124	81.79749065754035	0.4900008050977865	3.156676163753776	0.49002301031254536	0.05878569885547149	0.09833181266778748	355.85342987464526	116.0	3.0677019816779763	-558.1233008423708
3.0	268.0	710.0	0.3705603080143731	0.036258713332814635	13.231302363782232	1.1775438825268854	10.318765398218334	1.2273298576649012	0.06838275005240164	0.08532713982048248	194.62311569831772	116.0	1.6777854801579113	-595.7495508150447
3.0	268.0	710.0	2.996221812610913	0.040416106983377095	52.3418547924728	0.13098314102987269	8.259325816758702	0.13590718366853738	0.06838275005240164	0.08532713982048248	194.62311569831772	116.0	1.6777854801579113	-595.7495508150447
3.0	268.0	710.0	0.9012519246941691	0.06469704007151778	81.05680150939072	0.2638140877070178	3.172372505064227	0.2643867659574824	0.06838275005240164	0.08532713982048248	194.62311569831772	116.0	1.6777854801579113	-595.7495508150447
5.0	278.0	710.0	0.2653955475648649	0.06999768012695537	6.344693034202473	0.6636118942169654	2.6429638701423013	0.8337165224345294	0.06547564215500212	0.06218738260912855	115.16607187935465	110.0	1.046964289812315	-657.3579189445483
5.0	278.0	710.0	0.337370731946626	0.03096327887107586	20.40760471222984	1.3941407331005413	8.565334849258806	1.4564996474154481	0.06547564215500212	0.06218738260912855	115.16607187935465	110.0	1.046964289812315	-657.3579189445483
5.0	278.0	710.0	2.137375379762341	0.06530813769612515	49.26990688753299	0.12955689169853085	3.083889416454724	0.11894662346167777	0.06547564215500212	0.06218738260912855	115.16607187935465	110.0	1.046964289812315	-657.3579189445483
5.0	278.0	710.0	3.8427576574299773	0.039388411779243494	60.83580106134561	0.1094484156257535	5.414930223422114	0.11558300040476052	0.06547564215500212	0.06218738260912855	115.16607187935465	110.0	1.046964289812315	-657.3579189445483
5.0	278.0	710.0	1.0561017753075754	0.046392850306718955	80.5978289420423	0.18455827352963797	3.5551316388477607	0.1889957385928963	0.06547564215500212	0.06218738260912855	115.16607187935465	110.0	1.046964289812315	-657.3579189445483
4.0	288.0	710.0	0.3173816693608261	0.037358561305313946	22.68393262493917	0.9585093930451469	7.050284468583383	0.9593759816836392	0.06509942506608471	0.07073120714652106	154.97029843834733	113.0	1.3714185702508612	-629.3092087689141
4.0	288.0	710.0	2.130796606901396	0.08281344282613956	49.97655821095878	0.11139338144200862	2.503726882962541	0.11530184592496058	0.06509942506608471	0.07073120714652106	154.97029843834733	113.0	1.3714185702508612	-629.3092087689141
4.0	288.0	710.0	4.6811719357323955	0.04554896352432115	61.03897868791012	0.09185024260497929	5.5941180895735	0.11307666455117033	0.06509942506608471	0.07073120714652106	154.97029843834733	113.0	1.3714185702508612	-629.3092087689141
4.0	288.0	710.0	0.8840748794206761	0.051426647879106814	79.46511180521907	0.27317747698548855	3.746584941135339	0.2825948462190162	0.06509942506608471	0.07073120714652106	154.97029843834733	113.0	1.3714185702508612	-629.3092087689141
2.0	298.0	710.0	4.397932309758265	0.07163130997386943	58.55587389761891	0.1450861703420968	7.637748690660276	0.15403476418849538	0.06799872466053541	0.1456014925278937	575.9056010094	119.0	4.83954286562521	-468.40096498345775
2.0	298.0	710.0	0.6365130940450662	0.11617748007317413	79.20640629651814	0.6129596661064012	2.8184817011592798	0.6205248775325108	0.06799872466053541	0.1456014925278937	575.9056010094	119.0	4.83954286562521	-468.40096498345775
1.0	308.0	710.0	4.045393977498463	0.05687362004268358	58.61185007181713	0.13472488372273314	8.298774921905247	0.13472485098132997	0.06968780682612137	0.12385702124684288	398.42377847534294	122.0	3.265768676027401	-515.0321696684442
1.0	318.0	710.0	3.511110533069822	0.053105347306296145	59.8761164231264	0.14058850556992117	8.049592310106387	0.14058847530767699	0.06437959815459386	0.11136119915055066	394.7988892634071	122.0	3.236056469372189	-535.9817791215759
2.0	328.0	710.0	3.0490568477592452	0.05429327758533761	61.91379489589551	0.4892763270193071	8.774583038086194	0.3953772964842256	0.05772258686756386	0.09012721827546155	435.43564327001553	119.0	3.659123052689206	-544.310658804226
2.0	328.0	710.0	0.9386155598028038	0.1750285172384835	75.47431760941863	0.49316516739753746	3.9465743732667384	0.6289399241613605	0.05772258686756386	0.09012721827546155	435.43564327001553	119.0	3.659123052689206	-544.310658804226
2.0	338.0	710.0	0.388508825407274	0.1182964662627645	-10.280638794157097	2.336498569727422	6.645378669586946	2.33649827926364	0.07775118781605365	0.22259707086959965	1081.567290228356	119.0	9.088800758221478	-356.1169075705568
2.0	338.0	710.0	3.750079534123868	0.10168778152262908	67.35928591128038	0.2815874293744228	8.994087582677286	0.2815875944606345	0.07775118781605365	0.22259707086959965	1081.567290228356	119.0	9.088800758221478	-356.1169075705568
2.0	348.0	710.0	2.617599044779357	0.16288146060072686	64.26111681885028	0.6090364847098735	7.786344996746196	0.3449996080411157	0.07517512536840733	0.15263671511381796	692.9314143950737	119.0	5.822953062143476	-420.194695215711
2.0	348.0	710.0	3.588428606921429	0.23874507512847157	70.35803093631526	0.14964782555368494	2.686312917489793	0.1988715625036194	0.07517512536840733	0.15263671511381796	692.9314143950737	119.0	5.822953062143476	-420.194695215711
2.0	358.0	710.0	1.0028675428584848	0.08441091389376595	52.38049103687912	2.56342246622057	12.087926575011329	2.133352160608753	0.06516787461215241	0.20694493283420445	1260.978355973229	119.0	10.596456772884277	-381.06911933807834
2.0	358.0	710.0	5.282653790632052	0.2403865117823318	69.02909791226395	0.13224799716487062	4.096098091654087	0.19928879585432205	0.06516787461215241	0.20694493283420445	1260.978355973229	119.0	10.596456772884277	-381.06911933807834
2.0	368.0	710.0	2.8752532459954825	0.34372969778649953	62.30821647993892	2.0317764277090813	6.357343297072698	1.167167513335966	0.12360001288292839	0.2437020132465701	504.49392017322623	119.0	4.239444707338036	-335.55903662191355
2.0	368.0	710.0	4.774113925071404	0.9789157891532507	70.31664568588486	0.2219683245525249	3.1797036100758556	0.388177875906127	0.12360001288292839	0.2437020132465701	504.49392017322623	119.0	4.239444707338036	-335.55903662191355
1.0	378.0	710.0	5.534986228141105	0.16186345789604425	66.40209080095488	0.2183784113194488	6.467681578477422	0.21837862590336587	0.24471159255100378	0.2990048840510841	203.9499653386724	122.0	1.6717210273661671	-284.7236139639324
1.0	388.0	710.0	5.295518608912948	0.1273921310044255	66.33005387374254	0.2162624455324396	7.784461769157327	0.2162622600464848	0.14513766381941867	0.2506148800538539	432.31444813733424	122.0	3.5435610503060184	-321.4132109070063
2.0	398.0	710.0	3.257963138094609	0.2035922031442407	54.92530238349174	0.6287496642345618	5.928788068042725	0.42393760105721423	0.20151047468336036	0.14482843065036252	99.55255893507474	119.0	0.8365761255048297	-416.22011470717104
2.0	398.0	710.0	5.284370001594616	0.12252279570978455	70.81469118211422	0.4847765006791567	7.318803711372201	0.35518811557346497	0.20151047468336036	0.14482843065036252	99.55255893507474	119.0	0.8365761255048297	-416.22011470717104
3.0	408.0	710.0	4.6492197411179506	0.12886193496736387	53.53588141839322	0.2312446830345385	5.465247212279873	0.2009026466777311	0.028011435189226965	0.14536634615292363	4776.633671216064	116.0	41.17787647600055	-418.8231973501005
3.0	408.0	710.0	6.335321552568148	0.08260437794058827	72.5882886156835	0.23810342742488635	8.573993970341851	0.2291683432459532	0.028011435189226965	0.14536634615292363	4776.633671216064	116.0	41.17787647600055	-418.8231973501005
3.0	408.0	710.0	0.20832853693396414	0.13552746935587745	198.0241492723693	3.739077891567389	3.270443907505343	3.985615993698721	0.028011435189226965	0.14536634615292363	4776.633671216064	116.0	41.17787647600055	-418.8231973501005
2.0	418.0	710.0	4.965744754471608	0.1005701093458169	60.60578772093294	0.6579264651083712	9.947505622560234	0.48610149221254517	0.12042555927439622	0.16039832079607352	275.5812597834129	119.0	2.3158089057429656	-417.647905964149
2.0	418.0	710.0	5.806082259958236	0.299877601853701	77.5399673065669	0.2506813924432149	5.7873976727521805	0.2141189724295001	0.12042555927439622	0.16039832079607352	275.5812597834129	119.0	2.3158089057429656	-417.647905964149
2.0	428.0	710.0	5.393805043963337	0.07422743159668112	65.28861844662373	0.4362167633915994	10.379000232307801	0.3315432674454717	0.08848358681366651	0.14623530204322213	366.8016349763912	119.0	3.0823666804738754	-458.9592540089096
2.0	428.0	710.0	4.812363411042305	0.24169415220359178	79.69082261509232	0.11911916875580253	4.197142263479269	0.18753421004458407	0.08848358681366651	0.14623530204322213	366.8016349763912	119.0	3.0823666804738754	-458.9592540089096
2.0	438.0	710.0	5.505609950913372	0.08185988475947256	65.88282261053412	0.40533044385175787	9.976029253807894	0.33763918684798033	0.07279150185863033	0.17575244133192863	772.8114079503989	119.0	6.494213512188226	-414.61198800336945
2.0	438.0	710.0	3.7636289125028557	0.2454032106039173	80.19331275412549	0.16210023774687668	3.70046888621276	0.24161282560752498	0.07279150185863033	0.17575244133192863	772.8114079503989	119.0	6.494213512188226	-414.61198800336945
2.0	448.0	710.0	4.754646308866176	0.3284872363873921	59.847308545485575	0.44109565344728907	4.978696717552748	0.29732444410598136	0.36105376468786626	0.18644631089466163	42.182402849556226	119.0	0.35447397352568255	-377.7590600286452
2.0	448.0	710.0	5.027771785432656	0.15061013713863705	73.46123154712649	0.6286155555497505	6.931529350398695	0.45425674065578064	0.36105376468786626	0.18644631089466163	42.182402849556226	119.0	0.35447397352568255	-377.7590600286452
1.0	458.0	710.0	5.716361722175906	0.11347846789677724	66.0220140730221	0.21187125023317757	9.242417774391905	0.2118711866562481	0.06482685551022718	0.25785279012111195	2041.4166825445468	122.0	16.73292362741432	-328.8731360553193
1.0	468.0	710.0	4.698316550983035	0.09566222225614048	67.12116118128479	0.22530174435793734	9.583202254207038	0.22530178443612597	0.09464345123779874	0.20755174431067672	705.691452685017	122.0	5.784356169549319	-367.0516021410482
2.0	478.0	710.0	2.150287758427083	0.18655538357211038	57.97982603328526	0.6784816251908284	4.694204898497757	0.5205099552530631	0.013428511794990838	0.14293707039832126	26164.6318261591	119.0	219.87085568200925	-396.9006434658256
2.0	478.0	710.0	4.157073604136629	0.11166517845721514	72.14007774131207	0.46175491636116905	6.394366080823278	0.39005056045955266	0.013428511794990838	0.14293707039832126	26164.6318261591	119.0	219.87085568200925	-396.9006434658256
2.0	488.0	710.0	1.4323271577465835	0.16492691872812815	63.887412746953245	1.3648658810957859	11.24850368998407	0.6802607462943213	0.36105376468786626	0.13233889388280762	21.09560023060834	119.0	0.17727395151771716	-464.376390169528
2.0	488.0	710.0	3.648417725656133	0.20857707842107248	71.96119615555007	0.18322314381163768	4.624701731474563	0.25056056788042985	0.36105376468786626	0.13233889388280762	21.09560023060834	119.0	0.17727395151771716	-464.376390169528
2.0	498.0	710.0	1.121450165603014	0.10695910815201617	50.23644079604024	0.3792875476503031	3.4077265721379426	0.38392469170365395	0.07910245136149527	0.11099799039774957	436.5050579518148	119.0	3.6681097306875197	-465.23021092090136
2.0	498.0	710.0	5.3729268323863355	0.08321496508708182	70.60570255820845	0.10179428437010385	5.687010692184116	0.10433737113833487	0.07910245136149527	0.11099799039774957	436.5050579518148	119.0	3.6681097306875197	-465.23021092090136
3.0	508.0	710.0	1.1506327909284069	0.1221277035565213	49.75096421705405	0.4665281910260339	3.732503956691798	0.474234419295561	0.06785050668157754	0.1685778455179005	825.7092943856192	116.0	7.11818357228982	-417.055760069258
3.0	508.0	710.0	5.873823820354186	0.09531788551464515	71.10536888612991	0.11716477713071927	6.229666773966622	0.12155984186787558	0.06785050668157754	0.1685778455179005	825.7092943856192	116.0	7.11818357228982	-417.055760069258
3.0	508.0	710.0	0.262917082487267	0.11028439567001563	118.19271843017764	2.2077188037267046	4.564815890120146	2.2077786425705015	0.06785050668157754	0.1685778455179005	825.7092943856192	116.0	7.11818357228982	-417.055760069258
2.0	518.0	710.0	1.207402468560315	0.32191796124625266	59.25644391399393	6.722641237831094	11.070579749858522	3.4474805559651975	0.06060594689515501	0.2114284127899001	1533.8984800616872	119.0	12.889903193795691	-374.7219420586102
2.0	518.0	710.0	5.577668278694044	0.7963796802836578	72.41500194611838	0.23547577071819545	5.821916059114238	0.4397445418567902	0.06060594689515501	0.2114284127899001	1533.8984800616872	119.0	12.889903193795691	-374.7219420586102
2.0	528.0	710.0	3.3631391077269526	0.28308812356424523	75.0105041591655	0.176565488823569	3.1524859286674953	0.2596432782441677	0.0556191070139638	0.1621223574639145	1263.659505108109	119.0	10.618987437883268	-420.4135791700316
2.0	528.0	710.0	3.746014471205148	0.1625440535990065	67.40947163954952	0.5679475805618113	8.198616150266119	0.3016667511606833	0.0556191070139638	0.1621223574639145	1263.659505108109	119.0	10.618987437883268	-420.4135791700316
1.0	538.0	710.0	4.605102093374881	0.12022349785073665	69.17336242914688	0.255415627787112	8.472575707459336	0.25541557726025643	0.008577579574996148	0.2435600809239008	119973.8339450447	122.0	983.3920815167598	-325.3114752456886
1.0	548.0	710.0	4.947851426983001	0.08149348748123406	67.92831749573702	0.15819228641424193	8.317444078076223	0.1581922383926086	0.06917190320429498	0.17840155027935217	832.1524141464369	122.0	6.82092142742981	-424.8273958641906
1.0	558.0	710.0	5.052974466364508	0.09613753740660878	67.72873103090662	0.197531078803054	8.990942573464933	0.1975310396707484	0.1291701865683751	0.2065537223819063	358.99642001387343	122.0	2.942593606671094	-373.7812822152949
2.0	568.0	710.0	4.666208659444451	0.08285595344971941	64.6901638333502	0.2575837302416899	5.919436644352017	0.22503724698531463	0.08881355169902343	0.14203035226395	320.9498737174184	119.0	2.6970577623312475	-474.72074132051
2.0	568.0	710.0	2.743154978270292	0.1078589694601218	79.16471905054254	0.378272908652452	4.852906661293073	0.3052704345952418	0.08881355169902343	0.14203035226395	320.9498737174184	119.0	2.6970577623312475	-474.72074132051
2.0	578.0	710.0	4.459836246659004	0.08979858829133691	64.91823031608962	0.2175287462182654	5.819406857133864	0.21786136159851222	0.06669880294313298	0.151467711527251	705.9940521611435	119.0	5.932723127404567	-447.7685694366979
2.0	578.0	710.0	2.8387170094182013	0.10668238710259148	79.9897445909035	0.2930484106186907	4.441343822047091	0.2671876653601138	0.06669880294313298	0.151467711527251	705.9940521611435	119.0	5.932723127404567	-447.7685694366979
2.0	588.0	710.0	4.757564244729984	0.08870601447910884	64.66819255746746	0.2585538080225024	6.52183535186085	0.24618484583172479	0.06389340343557032	0.15898124943309602	832.3990172901989	119.0	6.994949725127722	-437.92315239983174
2.0	588.0	710.0	2.9688568447053485	0.11756186540994797	80.45453891160707	0.3374071152620663	4.8010854500950355	0.28989881333335826	0.06389340343557032	0.15898124943309602	832.3990172901989	119.0	6.994949725127722	-437.92315239983174
2.0	598.0	710.0	4.842752802510728	0.08817722697188674	64.19988537579576	0.32547780371120516	6.73487866463252	0.26908896104182234	0.08891686345598483	0.15262689230712892	373.4739202648422	119.0	3.1384363047465733	-455.4846967174757
2.0	598.0	710.0	3.0537791918265675	0.12446446695472585	80.07133455135575	0.4368116471759215	5.511115370094332	0.33318416876179574	0.08891686345598483	0.15262689230712892	373.4739202648422	119.0	3.1384363047465733	-455.4846967174757
2.0	608.0	710.0	4.600394322476822	0.10510511746994204	63.499990835896384	0.4601636849332658	7.0070715858757	0.34689429408618866	0.07445487027991379	0.1428201153364696	585.8778519658309	119.0	4.923343293830512	-443.57896354361543
2.0	608.0	710.0	2.849953375935169	0.17668028711519662	78.78993256592585	0.5883669517667773	5.579778573755444	0.4070087119234803	0.07445487027991379	0.1428201153364696	585.8778519658309	119.0	4.923343293830512	-443.57896354361543
2.0	618.0	710.0	3.3805785292908137	0.15078152678885454	60.14764498583248	0.7608303518101677	7.233042311809331	0.46617989389726555	0.1046235057448928	0.1168832512446151	180.23581591123374	119.0	1.5145866883296952	-505.8908505930615
2.0	618.0	710.0	4.0476310427457705	0.21018976128653058	75.28248524719399	0.5435688308461384	6.426430435062067	0.31335999518468	0.1046235057448928	0.1168832512446151	180.23581591123374	119.0	1.5145866883296952	-505.8908505930615
2.0	628.0	710.0	2.5040167555334683	0.06659237000388056	57.2120199743996	0.4888907755986899	7.516265007498655	0.4350754535651263	0.06237407811129561	0.11693477525389115	544.7017743825764	119.0	4.577325835147701	-496.9489237149701
2.0	628.0	710.0	5.773796949735421	0.0972674892428599	74.71243876558508	0.16947409573029357	5.6302137015296925	0.13666948491039416	0.06237407811129561	0.11693477525389115	544.7017743825764	119.0	4.577325835147701	-496.9489237149701
2.0	638.0	710.0	1.33640690595245	0.08857697160116171	60.72853786833324	1.5008542840814938	17.920244133705594	1.0116934160549003	0.17014257243047848	0.15194461813403926	158.26672667755165	119.0	1.3299724930886694	-400.5717666146337
2.0	638.0	710.0	5.233728055660274	0.14846689281576647	74.42992750747241	0.13393143174712185	4.721670791190714	0.16609662023580818	0.17014257243047848	0.15194461813403926	158.26672667755165	119.0	1.3299724930886694	-400.5717666146337
3.0	648.0	710.0	0.8697802350915249	0.08715396088578267	50.31923991199822	0.5399962176585421	4.82004026656038	0.5741181736925126	0.11401038158110444	0.13644814073706527	179.0428419620262	116.0	1.5434727755347084	-478.3873021080716
3.0	648.0	710.0	5.5926876972157045	0.08624412752838767	73.52489914649681	0.08536752775932839	4.981513189469198	0.09194055313475798	0.11401038158110444	0.13644814073706527	179.0428419620262	116.0	1.5434727755347084	-478.3873021080716
3.0	648.0	710.0	0.33323439154128986	0.030062245118905876	81.48351837456686	7.178832572375613	86.2733088733034	10.584304254715757	0.11401038158110444	0.13644814073706527	179.0428419620262	116.0	1.5434727755347084	-478.3873021080716
5.0	658.0	710.0	0.16011663567679948	1.1135083497405593	61.168850468034414	43.98401754137509	54.84830853741338	146.96681032568026	0.12265265865585125	0.12649241710201162	132.9489963558438	110.0	1.20862723959858	-482.48955929540324
5.0	658.0	710.0	0.6964992953829686	0.0963397789567249	49.71774444386763	0.6042350071309458	4.253936985124256	0.7389197770912524	0.12265265865585125	0.12649241710201162	132.9489963558438	110.0	1.20862723959858	-482.48955929540324
5.0	658.0	710.0	5.438691312062828	0.08901096400107018	73.70263595160667	0.08599452464069132	5.063291089258827	0.10353681701499604	0.12265265865585125	0.12649241710201162	132.9489963558438	110.0	1.20862723959858	-482.48955929540324
5.0	658.0	710.0	0.13781659222729706	1.1280738852544907	86.44287061596502	314.46952099109586	118.5199580026347	559.5929467274138	0.12265265865585125	0.12649241710201162	132.9489963558438	110.0	1.20862723959858	-482.48955929540324
5.0	658.0	710.0	0.608379014924714	0.08518611334239039	121.01673888395281	0.7451846537426606	4.879774513634102	0.8498635047850145	0.12265265865585125	0.12649241710201162	132.9489963558438	110.0	1.20862723959858	-482.48955929540324
4.0	668.0	710.0	0.3795028408660585	0.0908001308299185	36.00675332819003	7.601112397055494	9.814136567870959	5.332587768261563	0.06682658773722824	0.13930206021836833	607.935114587627	113.0	5.379956766262186	-451.908547674225
4.0	668.0	710.0	0.49070865167052047	0.31236115066488584	49.0102437858077	1.2058201253434213	4.1626447787835135	2.0834822591601108	0.06682658773722824	0.13930206021836833	607.935114587627	113.0	5.379956766262186	-451.908547674225
4.0	668.0	710.0	5.007812522489041	0.08568810968509666	73.80591450526033	0.11352714750633666	5.577694523327884	0.11621514571198617	0.06682658773722824	0.13930206021836833	607.935114587627	113.0	5.379956766262186	-451.908547674225
4.0	668.0	710.0	0.9026545919486868	0.06167432134995456	114.13784823586651	0.8468235964598638	10.740305904292212	0.8536777616590675	0.06682658773722824	0.13930206021836833	607.935114587627	113.0	5.379956766262186	-451.908547674225
3.0	678.0	710.0	0.36663878344109835	0.055222828500118386	40.34184843119877	1.6703312960907495	9.443342662553665	1.7672649533329772	0.061381155280696445	0.11915653138517311	508.370819295457	116.0	4.382507062891871	-502.7357092526985
3.0	678.0	710.0	3.83459133872686	0.06447349154596554	73.11937416229097	0.13669862702692262	6.788466278720056	0.14105864732743273	0.061381155280696445	0.11915653138517311	508.370819295457	116.0	4.382507062891871	-502.7357092526985
3.0	678.0	710.0	1.0194759637890778	0.0580685867255521	115.81672324901085	0.5452209749481648	8.292299234063872	0.5455461628431756	0.061381155280696445	0.11915653138517311	508.370819295457	116.0	4.382507062891871	-502.7357092526985
2.0	688.0	710.0	3.759552264891988	0.05171687415018028	70.8121543459814	0.1154060933849866	7.26513042625133	0.11540686800277787	0.056572293005564725	0.10359585278078522	426.88682586349887	119.0	3.587284250953772	-551.8214702203526
2.0	688.0	710.0	0.6636359677439146	0.05242609755734122	118.01143375556137	0.644927585500466	7.070177961956613	0.64493221087739	0.056572293005564725	0.10359585278078522	426.88682586349887	119.0	3.587284250953772	-551.8214702203526
1.0	698.0	710.0	4.489409927588289	0.07304067389629605	69.03770783690894	0.12371375908410465	6.5850451139693	0.12371371785315437	0.08458932110510058	0.11939793913378205	353.8997971930917	122.0	2.90081800977944	-481.3993024790977
1.0	708.0	710.0	4.74069173038615	0.11477008837802091	67.78658469691393	0.18556906370037857	6.6384661171207116	0.18556914240393685	0.36105376468786626	0.17241535052497234	48.348452542223576	122.0	0.39629879132970147	-367.4170399271442
1.0	718.0	710.0	4.33783363789101	0.08027554909736724	67.37017208713412	0.14657776775636283	6.8596136879318035	0.14657780259503986	0.12210866492202382	0.13070851780639428	213.68755598925355	122.0	1.7515373441742095	-452.68583463629415
1.0	728.0	710.0	3.509751023661239	0.06052287844068015	66.27112633554397	0.1341904369085471	6.7389378833005775	0.13419038333263517	0.09270587406729817	0.0963320502714356	207.0338022930916	122.0	1.6969983794515706	-525.5098181573305
1.0	738.0	710.0	3.2810538783837213	0.06486887503803185	63.89124324728626	0.14830459489100403	6.496569508975754	0.14830467322494836	0.09285387900298515	0.11875685249569726	228.53654616750381	122.0	1.8732503784221624	-512.7592537776695
1.0	748.0	710.0	3.413714892504821	0.06602492727334754	61.206307314865974	0.14486364223643813	6.48673333450382	0.14486369986041228	0.07553724842723183	0.12655395637346253	357.20863780306445	122.0	2.9279396541234792	-508.5315602604743
1.0	758.0	710.0	3.57186098663624	0.07688835675655976	58.332227902537255	0.16891050025141682	6.7959464993845655	0.16891060944845263	0.08187341348058799	0.14352239328317515	431.9959640798503	122.0	3.5409505252446745	-464.63242707639665
1.0	768.0	710.0	3.739511357482434	0.07429218665702368	56.54601027684272	0.17954264945411508	7.826234545277561	0.17954259417893256	0.0777158030015443	0.15730141060235986	515.5198450930836	122.0	4.225572500762981	-455.56640658884936
1.0	778.0	710.0	3.8889698905823784	0.07885142132240175	57.17042382521161	0.20725494402166475	8.852116699827437	0.2072549040443675	0.07266925533477119	0.17795314206259802	751.2547786111561	122.0	6.157826054189804	-425.2803317297986
1.0	788.0	710.0	4.057901931168058	0.09142887568592965	58.05353056298849	0.2352454935645845	9.042769826310087	0.23524559409754428	0.10848637119586989	0.20107443220085716	462.92481944666554	122.0	3.79446573316939	-385.62631542304297
2.0	798.0	710.0	2.7167680953279825	0.1224381436611705	54.46114171008897	0.6462239364991239	9.483819046421361	0.3290390612964704	0.09985649597618791	0.1175691415599265	212.84485111684114	119.0	1.7886121942591693	-496.76220600491354
2.0	798.0	710.0	1.7851621598721088	0.20281952373242496	63.002992083936206	0.27612191104576056	3.775701332588138	0.40604571702592096	0.09985649597618791	0.1175691415599265	212.84485111684114	119.0	1.7886121942591693	-496.76220600491354
2.0	808.0	710.0	1.931214075045081	0.0922852460212323	54.54811130861678	0.5090109426099133	10.804249483792413	0.3252580487881666	0.06369808515764877	0.10596667435761259	358.088407281089	119.0	3.009146279673017	-544.1300590965053
2.0	808.0	710.0	0.8675229373975104	0.11805092569016293	61.39337101901322	0.42990793002224775	3.5481628523905355	0.554345457374818	0.06369808515764877	0.10596667435761259	358.088407281089	119.0	3.009146279673017	-544.1300590965053
3.0	98.0	720.0	1.1806186036842183	0.06434235245193641	8.845410590253366	0.34618566158385616	5.50113676880847	0.34618570514427316	0.0692798368304556	0.10005318997876128	325.1952687227936	116.0	2.8034074889896003	-528.3211136656998
3.0	98.0	720.0	0.5778257262971014	0.09087597523533238	41.907458241528566	0.7050905117018119	3.384290029848694	0.6964469851254059	0.0692798368304556	0.10005318997876128	325.1952687227936	116.0	2.8034074889896003	-528.3211136656998
3.0	98.0	720.0	0.4455192336703499	0.060169436420591235	57.05201361522429	1.4075908176670644	6.819711938940871	1.5308010302533708	0.0692798368304556	0.10005318997876128	325.1952687227936	116.0	2.8034074889896003	-528.3211136656998
