ncomps	x	y	amplitude	err amplitude	shift	err shift	width	err width	rms	residual	chisq	dof	redchisq	aic
2.0	768.0	880.0	0.34811717620221766	0.07139001884079824	35.30170643101091	2.20744419922498	9.2223705695014	2.3372815384238392	0.18623101172771755	0.14175541136184078	92.24409595373577	119.0	0.7751604701994602	-445.46441205337624
2.0	768.0	880.0	3.746591105195931	0.09562620888408846	63.90983013534603	0.1527498452722317	4.983730953114299	0.15535410430543675	0.18623101172771755	0.14175541136184078	92.24409595373577	119.0	0.7751604701994602	-445.46441205337624
1.0	778.0	880.0	3.7664761920210528	0.11280917493572946	63.59530784333809	0.15200655462024698	4.394577181500872	0.15200610329489792	0.16582864148878823	0.1683883168286274	146.60364660452078	122.0	1.201669234463285	-423.27271020042446
2.0	828.0	880.0	0.6953311657184823	0.0801352991368225	29.21938237982555	0.6779438360677786	5.0966491962897535	0.6797077906865645	0.10293079359281532	0.1355336966331102	216.82300239582486	119.0	1.8220420369397048	-486.8667881746135
2.0	828.0	880.0	2.558112301825922	0.07727072782871064	56.80816985579276	0.19113365038596736	5.480397773460312	0.19165841221941718	0.10293079359281532	0.1355336966331102	216.82300239582486	119.0	1.8220420369397048	-486.8667881746135
2.0	838.0	880.0	1.766229294480205	0.10401157505297964	32.787521569416285	0.4176932028368392	5.820380440746951	0.4460499349088115	0.11460710890347871	0.18328398303721963	326.6386315446809	119.0	2.744862449955302	-408.78190664427046
2.0	838.0	880.0	3.0517725303493073	0.10692997519855454	54.31289261899627	0.23503675537853733	5.469902717094901	0.24887612407242848	0.11460710890347871	0.18328398303721963	326.6386315446809	119.0	2.744862449955302	-408.78190664427046
2.0	848.0	880.0	2.6721905981807663	0.1168669932142114	35.061418664743	0.4284255620143003	6.524171327468753	0.45971185154787686	0.11243236335833379	0.2177089093585178	468.6931057006022	119.0	3.938597526895817	-368.434691512467
2.0	848.0	880.0	3.021540998602192	0.1331154602301585	53.238338074330954	0.3295933655530678	4.869975494999516	0.32426983527522196	0.11243236335833379	0.2177089093585178	468.6931057006022	119.0	3.938597526895817	-368.434691512467
2.0	858.0	880.0	3.2805215951658693	0.14402966831422115	36.73007437773832	0.3290722396208181	5.889328468503563	0.36468239205584024	0.1492916695965317	0.2314456966232188	361.33372310469747	119.0	3.036417841215945	-330.0654493517711
2.0	858.0	880.0	3.5619778836580283	0.18748530568096478	52.51972754899892	0.2297137085474189	3.304091440625002	0.23126487504435417	0.1492916695965317	0.2314456966232188	361.33372310469747	119.0	3.036417841215945	-330.0654493517711
2.0	868.0	880.0	3.5444212001033737	0.1772864167890203	37.86076127858519	0.2228051343479597	3.8274352402400798	0.23201198030713266	0.143876517671971	0.21955919332570925	399.9166407817857	119.0	3.360644040183073	-326.62030270051713
2.0	868.0	880.0	3.867201041043254	0.20313846742749314	52.04097577842576	0.17818405041735233	2.8806904742809745	0.18291602064231924	0.143876517671971	0.21955919332570925	399.9166407817857	119.0	3.360644040183073	-326.62030270051713
1.0	938.0	880.0	2.4862678473980546	0.44429416826359525	31.234379955150693	0.4775744475604302	2.313033632383635	0.4777652807511631	0.3322107361251856	0.49989723775646533	298.2668821953041	122.0	2.4448105097975747	-160.78707523574107
1.0	948.0	880.0	1.4154577102078094	0.15403070280153944	35.36448595565933	0.8471221335479198	6.7391003094761865	0.8471189769673133	0.2392247979704664	0.2761842383777113	201.43139255455355	122.0	1.6510769881520784	-291.9460101451809
1.0	38.0	890.0	1.6500045370508007	0.17024466974000035	58.41710374588973	0.7803035036923721	6.546664842306217	0.7803000600679024	0.3065998854162282	0.31463948235388184	145.532650231191	122.0	1.1928905756655002	-270.5420810234111
2.0	238.0	890.0	0.4528959080515777	0.09688762505054896	18.79877595218336	1.2132399282606887	4.907052841754082	1.2132222830034858	0.12649698208819102	0.1558027621855395	202.51416078646133	119.0	1.701799670474465	-443.8603330444681
2.0	238.0	890.0	3.9121633674460465	0.09574389463419944	65.47703397310214	0.1420876650074129	5.027972505988216	0.14208766324789052	0.12649698208819102	0.1558027621855395	202.51416078646133	119.0	1.701799670474465	-443.8603330444681
3.0	248.0	890.0	0.6339131864129901	0.07262634942802937	29.62641161656942	1.2618529009756867	9.380568422073386	1.3564908186716256	0.1142070212255187	0.15237795029919035	249.3185094958367	116.0	2.149297495653765	-436.5682210197051
3.0	248.0	890.0	0.6038605943060846	0.14181237366840568	51.70752075417818	0.6857976809656056	2.4252030037237033	0.7155340173274111	0.1142070212255187	0.15237795029919035	249.3185094958367	116.0	2.149297495653765	-436.5682210197051
3.0	248.0	890.0	4.670690634969488	0.10543803722834902	65.63801828696374	0.11561217243969076	4.395681816713895	0.1218363384904583	0.1142070212255187	0.15237795029919035	249.3185094958367	116.0	2.149297495653765	-436.5682210197051
2.0	258.0	890.0	0.862207775390012	0.11756560753855731	30.979947126795274	0.6837407529497245	4.342438975994793	0.683740136107589	0.10803038185438982	0.17039662730502572	361.5900504921798	119.0	3.03857185287546	-410.8491581306893
2.0	258.0	890.0	5.069869984461839	0.12082591573197661	65.17913281231098	0.11314397458465919	4.111164207635696	0.1131437856653993	0.10803038185438982	0.17039662730502572	361.5900504921798	119.0	3.03857185287546	-410.8491581306893
3.0	268.0	890.0	0.3454066950721104	0.16730155834261246	-2.237960434615492	1.2384534589961855	2.2132123115687765	1.2370834645903015	0.11027681242722241	0.1827401128644528	349.39682955926367	116.0	3.012041634131583	-403.13835870978926
3.0	268.0	890.0	0.4969800182748634	0.15839457194943565	32.83432563759126	0.9094505567916829	2.4713137085470276	0.9095460587204175	0.11027681242722241	0.1827401128644528	349.39682955926367	116.0	3.012041634131583	-403.13835870978926
3.0	268.0	890.0	4.963666371050445	0.12388228861063956	64.92834396889394	0.1164215185068315	4.039775663108095	0.1164215169058478	0.11027681242722241	0.1827401128644528	349.39682955926367	116.0	3.012041634131583	-403.13835870978926
1.0	278.0	890.0	4.04927287142323	0.15401267014050601	65.1411550164812	0.19049340033393994	4.336974026918686	0.1904930189349041	0.14142749373201838	0.23660910082538586	370.7448285255877	122.0	3.038892037094981	-347.09198938675337
2.0	318.0	890.0	1.8471152307309209	0.08865250807181244	23.682890668563914	0.3412969107043881	6.158401282764545	0.34129994924696133	0.12952134965511392	0.16272011807924333	202.84522370077414	119.0	1.7045817117712112	-437.7493346371593
2.0	318.0	890.0	3.890973546431042	0.10836896979017697	57.69428465331773	0.13254456190527175	4.1212026639050725	0.13254538666290208	0.12952134965511392	0.16272011807924333	202.84522370077414	119.0	1.7045817117712112	-437.7493346371593
2.0	328.0	890.0	2.4059633857952467	0.08227669240887009	26.60379987478992	0.34191973195564385	8.665819747543193	0.34523067282784947	0.1367449540322346	0.1764472769252985	219.34484999529968	119.0	1.843234033573947	-414.40614354316557
2.0	328.0	890.0	5.038926640223762	0.1220276993671179	57.2865339537775	0.11005162175528142	3.919785595163291	0.11044615448890244	0.1367449540322346	0.1764472769252985	219.34484999529968	119.0	1.843234033573947	-414.40614354316557
2.0	338.0	890.0	3.151641388613313	0.11025936535174782	26.801916228268222	0.38448860703916254	9.469015005263968	0.4016578565442188	0.13627471388207413	0.21314992332360497	425.3591629957428	119.0	3.574446747863385	-332.48123397532066
2.0	338.0	890.0	3.292847504807664	0.14901412963642335	57.259221945448544	0.2719048770821155	5.067978909849759	0.27590569454874353	0.13627471388207413	0.21314992332360497	425.3591629957428	119.0	3.574446747863385	-332.48123397532066
3.0	348.0	890.0	3.0301768704747225	0.11882776524382702	23.134543452062175	0.33418860320142973	6.969192744972205	0.32059081904944625	0.12424852807222411	0.15489598029611912	223.60537547715052	116.0	1.9276325472168148	-429.10651721724685
3.0	348.0	890.0	1.01962264479876	0.06833866121041504	51.73450010996936	1.5473772606904854	13.806226943177295	2.2670639473717773	0.12424852807222411	0.15489598029611912	223.60537547715052	116.0	1.9276325472168148	-429.10651721724685
3.0	348.0	890.0	1.0132948291611403	0.14860831658410614	76.91955282267523	0.44063012087075515	2.849641106910475	0.5224855790971765	0.12424852807222411	0.15489598029611912	223.60537547715052	116.0	1.9276325472168148	-429.10651721724685
3.0	358.0	890.0	3.154716852159104	0.09594912705400804	22.49696343503116	0.19443524287063593	5.536796041928466	0.19444420916743543	0.09333615756722764	0.16129827556154577	400.97819305085767	116.0	3.4567085607832557	-427.62254554290183
3.0	358.0	890.0	1.2320596730576348	0.12353526650109681	50.51771928653032	0.3866953910093022	3.339829772694129	0.38670870108656824	0.09333615756722764	0.16129827556154577	400.97819305085767	116.0	3.4567085607832557	-427.62254554290183
3.0	358.0	890.0	1.3003930942775492	0.11270805985062392	75.74148747903901	0.40156043812523723	4.012319974454583	0.4015610354359686	0.09333615756722764	0.16129827556154577	400.97819305085767	116.0	3.4567085607832557	-427.62254554290183
3.0	368.0	890.0	2.8260890285920848	0.11078712175761729	22.656264574886062	0.21824707125574505	4.821554695904849	0.2183127743645768	0.36105376468786626	0.14501050356218395	31.107209277938576	116.0	0.26816559722360844	-408.97614930510696
3.0	368.0	890.0	1.0358973713437996	0.1129394993456267	50.15128507421352	0.5887391938309595	4.663619864535928	0.5954495468167142	0.36105376468786626	0.14501050356218395	31.107209277938576	116.0	0.26816559722360844	-408.97614930510696
3.0	368.0	890.0	1.2709226829510125	0.10061010035522101	74.89664450006327	0.5386873575859746	5.889993640281292	0.5463975861464417	0.36105376468786626	0.14501050356218395	31.107209277938576	116.0	0.26816559722360844	-408.97614930510696
4.0	378.0	890.0	2.082374124114196	0.1009532688653871	23.446779109783375	0.3209704868688294	5.736341470407063	0.3227453140527792	0.07112645339041353	0.13671998637044544	769.0939828860721	113.0	6.806141441469665	-406.9258439284887
4.0	378.0	890.0	1.3102372029666804	0.12862331000751936	47.09996194636016	0.4199584134086484	3.5990398999448594	0.4411912724875	0.07112645339041353	0.13671998637044544	769.0939828860721	113.0	6.806141441469665	-406.9258439284887
4.0	378.0	890.0	1.993359062872876	0.12640884594200616	62.65219005154889	0.3520275598822417	3.9218606268825162	0.4092861437533296	0.07112645339041353	0.13671998637044544	769.0939828860721	113.0	6.806141441469665	-406.9258439284887
4.0	378.0	890.0	1.2996797293027593	0.12886860107169001	75.12244157605345	0.526135184244426	3.576693719255129	0.5431652801979047	0.07112645339041353	0.13671998637044544	769.0939828860721	113.0	6.806141441469665	-406.9258439284887
4.0	388.0	890.0	1.702953129655492	0.07687495914000232	24.418407668543527	0.3158899782980378	6.064170447962502	0.3183331265521501	0.10915484373123012	0.1350736958706412	199.92465534935903	113.0	1.7692447376049472	-468.2578863721353
4.0	388.0	890.0	1.6306457374559133	0.11029756112333279	46.72795500948049	0.2300821184448029	2.9377759629381988	0.23123256103862955	0.10915484373123012	0.1350736958706412	199.92465534935903	113.0	1.7692447376049472	-468.2578863721353
4.0	388.0	890.0	3.8241384097640254	0.1276167660681052	62.108859888349315	0.14404219404620514	2.7264466142568513	0.13178860319070507	0.10915484373123012	0.1350736958706412	199.92465534935903	113.0	1.7692447376049472	-468.2578863721353
4.0	388.0	890.0	0.9719874559947725	0.09521678845361618	72.12569577345013	0.7390845850664576	4.191791177879851	0.7569257052053824	0.10915484373123012	0.1350736958706412	199.92465534935903	113.0	1.7692447376049472	-468.2578863721353
2.0	398.0	890.0	1.5206580380127779	0.176847078421543	23.71467268551536	0.7519680039511176	5.59652398892875	0.7519623541788838	0.28680065283073297	0.28957194817610166	149.66423811150722	119.0	1.257682673205943	-277.0200296918722
2.0	398.0	890.0	3.4538919234799965	0.22140144315035565	63.30005353146481	0.2643982327124894	3.5720320917590973	0.2643982002396195	0.28680065283073297	0.28957194817610166	149.66423811150722	119.0	1.257682673205943	-277.0200296918722
2.0	408.0	890.0	1.2276121518309877	0.1547887451687909	22.063826758389187	0.8088750726028233	5.554684230613924	0.8088732080534072	0.16290021345189049	0.2478129253583434	352.6510198638433	119.0	2.963453948435658	-311.29684656232064
2.0	408.0	890.0	2.5938613406321465	0.15798682418550464	66.82491673128632	0.37508120518020244	5.331808574216602	0.37507987603468607	0.16290021345189049	0.2478129253583434	352.6510198638433	119.0	2.963453948435658	-311.29684656232064
3.0	488.0	890.0	2.277606478803842	0.14122040666367636	34.81966192440311	0.16279729087416833	2.3028396178496595	0.1741462207011145	0.12862551412369075	0.1517409991700031	176.4670347187842	116.0	1.521267540679174	-450.04476086215254
3.0	488.0	890.0	2.5513706643326928	0.06849293492136647	55.41145129033562	0.3221849637390172	9.996743096718566	0.3791169094325363	0.12862551412369075	0.1517409991700031	176.4670347187842	116.0	1.521267540679174	-450.04476086215254
3.0	488.0	890.0	0.6667007724813375	0.12095326568668177	82.19911779662154	0.6243932405498256	2.9329421481123794	0.6324462632081199	0.12862551412369075	0.1517409991700031	176.4670347187842	116.0	1.521267540679174	-450.04476086215254
1.0	558.0	890.0	3.505929404801099	0.10208888806749795	56.806862854660274	0.18215840639478628	5.416967676154154	0.18215812102423035	0.14934436970736018	0.18043647437938232	182.4656717233329	122.0	1.4956202600273187	-422.09406868378863
2.0	568.0	890.0	0.9167078401201965	0.11947739710661974	42.00257813211047	0.46698008339603375	2.8351339020696833	0.4732468214331875	0.12674866407288746	0.15036371179290509	176.06094137418376	119.0	1.4795037090267542	-460.8608727482476
2.0	568.0	890.0	3.438666043611802	0.08852867819060618	56.925180434072146	0.16972840120956414	5.423344274900746	0.1862944412505427	0.12674866407288746	0.15036371179290509	176.06094137418376	119.0	1.4795037090267542	-460.8608727482476
3.0	668.0	890.0	3.2381063557169263	0.10723463136320625	29.645181449970696	0.22748712804835286	5.696418760914339	0.23334881456669415	0.15381070466996175	0.18795383237705993	188.80574146462075	116.0	1.6276357022812133	-396.89232260225026
3.0	668.0	890.0	1.5526613325646512	0.09012970410975966	60.62535867403866	0.7757257096246074	9.242505824818839	0.9441174914588611	0.15381070466996175	0.18795383237705993	188.80574146462075	116.0	1.6276357022812133	-396.89232260225026
3.0	668.0	890.0	0.6716142575124935	0.16405174126900926	78.6262501962227	0.9058422962599242	3.3153401954519834	0.9969301099535094	0.15381070466996175	0.18795383237705993	188.80574146462075	116.0	1.6276357022812133	-396.89232260225026
4.0	678.0	890.0	3.2384621115034395	0.09044452149961504	30.21932192089751	0.1689166945122693	5.23794678267562	0.16891918339988027	0.12592902828951527	0.15047177086746083	180.38572137197545	113.0	1.5963338174511101	-445.3755206101526
4.0	678.0	890.0	1.5220192565796118	0.12381088317038368	57.20255151725994	0.3568119455133436	2.886299756884572	0.37294032522050063	0.12592902828951527	0.15047177086746083	180.38572137197545	113.0	1.5963338174511101	-445.3755206101526
4.0	678.0	890.0	1.0490128965412762	0.15232878573552966	66.56649978348014	0.5850347800314706	2.7660013080979953	0.7057779111315877	0.12592902828951527	0.15047177086746083	180.38572137197545	113.0	1.5963338174511101	-445.3755206101526
4.0	678.0	890.0	1.2745563711116115	0.09609393529393616	77.3794394131278	0.7272566630069753	4.993167798204252	0.7314886852665552	0.12592902828951527	0.15047177086746083	180.38572137197545	113.0	1.5963338174511101	-445.3755206101526
3.0	688.0	890.0	2.660772291011335	0.0859448075815246	31.987947498164033	0.20806104945157824	5.578693415759656	0.20811784971813774	0.12358118459943317	0.14526485061651045	184.8871012758945	116.0	1.5938543213439182	-454.22007127078496
3.0	688.0	890.0	1.6879704111520606	0.12119704442912618	56.94766187999848	0.23927394495131846	2.8061709495940725	0.2418914527565319	0.12358118459943317	0.14526485061651045	184.8871012758945	116.0	1.5938543213439182	-454.22007127078496
3.0	688.0	890.0	1.420027650331359	0.08116527517334682	75.98765474899758	0.4261402559686834	6.422565225561006	0.4467417034098712	0.12358118459943317	0.14526485061651045	184.8871012758945	116.0	1.5938543213439182	-454.22007127078496
1.0	758.0	890.0	3.557007848515455	0.09389970091954851	65.18849389533263	0.21092961737349855	6.919230695427531	0.2109294774204408	0.1306083271852626	0.18604030488820317	257.7974846113376	122.0	2.113094136158505	-412.40550129279086
1.0	768.0	890.0	4.580539696301579	0.145717069940055	64.43039641747377	0.20057182132012194	5.459823421148549	0.20057164146447268	0.24331926156384312	0.2227919376509771	141.14931376897405	122.0	1.156961588270279	-332.1571466335786
2.0	778.0	890.0	0.6471698029746379	0.21235110619295539	48.66164162935392	0.9014476253686178	2.3496882583519962	0.9100384080712146	0.1013980218538157	0.19911877208058812	723.6678191549673	119.0	6.081242177772835	-339.96121762399605
2.0	778.0	890.0	4.636221120939722	0.15310482948634968	64.1692887174683	0.17462586087497775	4.577715678648097	0.17901066513526728	0.1013980218538157	0.19911877208058812	723.6678191549673	119.0	6.081242177772835	-339.96121762399605
2.0	788.0	890.0	0.978854810785661	0.19502043849791034	49.553794318406695	0.5502418317323899	2.3649093028019856	0.5567416984504652	0.14762666321330475	0.2060710861042993	289.24457906284675	119.0	2.430626714813838	-360.6854592015901
2.0	788.0	890.0	4.395051407218248	0.14934563349160734	63.93365973199048	0.16011206709419107	4.076997349313643	0.1642475164637542	0.14762666321330475	0.2060710861042993	289.24457906284675	119.0	2.430626714813838	-360.6854592015901
2.0	798.0	890.0	0.7876270358952641	0.177159520709505	50.699760187948335	0.9981958029527976	3.364116110488271	1.0514688326381558	0.14212600691855345	0.2240148835535043	360.19053088979393	119.0	3.026811183947848	-342.75852031571173
2.0	798.0	890.0	4.199122130118614	0.16814862148098728	63.44612639824377	0.19773906425047033	3.81448976535423	0.21398972151288229	0.14212600691855345	0.2240148835535043	360.19053088979393	119.0	3.026811183947848	-342.75852031571173
1.0	808.0	890.0	3.4198243634906613	0.13022958841919932	61.86283520952842	0.23471660099789926	5.337559309824853	0.23471640149965703	0.12935568271646639	0.2281789932623281	389.96153957475354	122.0	3.1964060620881436	-363.0805620513635
1.0	818.0	890.0	3.148929752250839	0.09893787333042366	60.05899309943582	0.21061596015492992	5.804581732097106	0.21061564637012103	0.1335187139654514	0.17527502959326904	229.75212666700992	122.0	1.883214153008278	-421.29249782110503
2.0	828.0	890.0	2.795399733111917	0.18503024177448732	53.627302102812635	0.47627470351843704	3.3761588940674567	0.33283985313146763	0.15108370014840383	0.14828247423835783	125.96181176587653	119.0	1.0585026198813154	-458.81032781208705
2.0	828.0	890.0	2.244294688078721	0.1503698193395263	62.334028977612604	0.6445604850685854	3.6806483999589066	0.46947062764051384	0.15108370014840383	0.14828247423835783	125.96181176587653	119.0	1.0585026198813154	-458.81032781208705
3.0	838.0	890.0	1.5259157847440417	0.08093760949875267	32.35661029563839	0.35776621249628915	5.839520990124602	0.36657761992002436	0.12773965817304447	0.13898468696518032	158.4974253348081	116.0	1.3663571149552423	-465.196957819088
3.0	838.0	890.0	3.486661800128946	0.16713123294228174	52.589675650733106	0.25516621792141897	3.010961342208337	0.19991399160299056	0.12773965817304447	0.13898468696518032	158.4974253348081	116.0	1.3663571149552423	-465.196957819088
3.0	838.0	890.0	1.5409101245761214	0.10693973177143305	61.56468386585091	0.7328405632258022	3.9515759630297174	0.6165584187681634	0.12773965817304447	0.13898468696518032	158.4974253348081	116.0	1.3663571149552423	-465.196957819088
2.0	848.0	890.0	2.6237754254869237	0.09445902956882694	32.822820277499616	0.2591647402831278	6.190854832776324	0.2716878228194801	0.1358451927146179	0.1734015646357575	205.0327236950111	119.0	1.7229640646639588	-424.4909860965351
2.0	848.0	890.0	2.422056034871037	0.12417653751089695	52.92661516559946	0.21324426792335732	3.499486241140601	0.2169095604470382	0.1358451927146179	0.1734015646357575	205.0327236950111	119.0	1.7229640646639588	-424.4909860965351
2.0	858.0	890.0	2.966032901304889	0.09126052332661211	33.655505351279004	0.2083691833713261	5.869964794639173	0.21107084329076187	0.13266170564738203	0.16284718438357085	193.86487346344586	119.0	1.6291165837264359	-437.4204186972293
2.0	858.0	890.0	2.210961441216944	0.15567606695956318	52.406100875050974	0.16361231329166864	1.9982476288435205	0.163684996126944	0.13266170564738203	0.16284718438357085	193.86487346344586	119.0	1.6291165837264359	-437.4204186972293
2.0	868.0	890.0	2.769021604331433	0.10342765105537899	34.77836999235923	0.22678264207637608	5.26260626828461	0.22916232344589976	0.15103947206591828	0.16857056727651842	172.456422163918	119.0	1.4492136316295632	-419.61279830789215
2.0	868.0	890.0	2.321567926094803	0.17230932458396844	52.00682546000824	0.16118111714944997	1.8460359210091313	0.15723993044632995	0.15103947206591828	0.16857056727651842	172.456422163918	119.0	1.4492136316295632	-419.61279830789215
2.0	938.0	890.0	1.1074789229927304	0.3602217307711887	43.340219619990926	0.47321814383187705	1.389847316847281	0.5562668392112077	0.2371780427515778	0.286811656489276	183.0492951059715	119.0	1.538229370638416	-299.3439628256868
2.0	938.0	890.0	5.40574440178033	3422.3784542375397	57.0670667255585	32.09691842619546	0.610725428002356	145.9105277621494	0.2371780427515778	0.286811656489276	183.0492951059715	119.0	1.538229370638416	-299.3439628256868
1.0	48.0	900.0	2.4187560807398687	0.25393056265930225	56.18894509424374	0.5575727468707661	4.598041065518844	0.5575691592223264	0.31492511012855556	0.38055088495200706	215.52860300354263	122.0	1.7666278934716608	-214.757617012956
2.0	218.0	900.0	0.6882588599662368	0.13701192698170236	14.333029651144953	1.4752868686727554	6.4192095720916225	1.4752921964612595	0.18923154165693334	0.24353449850937076	236.5450386595376	119.0	1.9877734341137614	-323.75600564223265
2.0	218.0	900.0	3.7720273295949553	0.1465521673799681	63.64266261972029	0.25165217493803266	5.609431930744206	0.2516522106448248	0.18923154165693334	0.24353449850937076	236.5450386595376	119.0	1.9877734341137614	-323.75600564223265
2.0	228.0	900.0	0.7416821065326941	0.15392738728758673	19.107307874114102	0.816920777902082	3.410903943317451	0.8169343051664743	0.1400144074375115	0.20875146962517563	289.7244171629009	119.0	2.4346589677554697	-373.71356741499426
2.0	228.0	900.0	4.033494543222683	0.11825158193473234	64.34345450330578	0.195573876240202	5.777181022317056	0.1955738758749085	0.1400144074375115	0.20875146962517563	289.7244171629009	119.0	2.4346589677554697	-373.71356741499426
2.0	238.0	900.0	0.8689441422820022	0.20286604659809349	19.910385760453117	0.6516926703627592	2.4171347621463974	0.6515588381780341	0.13395861047732707	0.21791056143113383	389.81092798685404	119.0	3.275722083923143	-347.67572600855993
2.0	238.0	900.0	4.367590687904698	0.1337921432572053	64.91195783431084	0.19661063449493438	5.557792568227212	0.19661035232748206	0.13395861047732707	0.21791056143113383	389.81092798685404	119.0	3.275722083923143	-347.67572600855993
1.0	248.0	900.0	4.493377019327328	0.15256393425943726	65.24854101669183	0.20779997798989372	5.299781982983072	0.20779970938724293	0.14196092990405698	0.2438248515431334	441.22862236319514	122.0	3.616628052157337	-324.39467245631107
1.0	258.0	900.0	4.059559060292906	0.11843760969128186	65.36044231554838	0.17383707868635506	5.159604351616807	0.17383680265365783	0.1588821296600389	0.20406838436886368	206.6758126991567	122.0	1.6940640385176777	-391.04345538193076
3.0	358.0	900.0	1.479044507584663	0.08409080192614883	21.946562209492015	0.5905979963692608	9.004054911322191	0.5953761272032593	0.1136112912123927	0.16836210717826167	336.47522261561716	116.0	2.9006484708242857	-400.4015313449179
3.0	358.0	900.0	0.9946837180194155	0.17639491703148824	49.44256659306845	0.4183732413138751	2.039028810463862	0.41977515343620614	0.1136112912123927	0.16836210717826167	336.47522261561716	116.0	2.9006484708242857	-400.4015313449179
3.0	358.0	900.0	1.9805178956352185	0.10938384674545858	71.57946263155036	0.33780410862251714	5.297319647679448	0.33789349422626813	0.1136112912123927	0.16836210717826167	336.47522261561716	116.0	2.9006484708242857	-400.4015313449179
3.0	368.0	900.0	1.7671708034644313	0.1095905181717025	21.334954617490165	0.4538379580845784	6.338950927227092	0.4538530300810393	0.1336810300182726	0.1700159835761625	291.92781988539184	116.0	2.5166191369430333	-377.48534973446715
3.0	368.0	900.0	0.9932139732521247	0.19876159790279324	48.91193790767461	0.4477025451058952	1.946324256748234	0.4542570629591357	0.1336810300182726	0.1700159835761625	291.92781988539184	116.0	2.5166191369430333	-377.48534973446715
3.0	368.0	900.0	2.1437268703946355	0.10987264080693872	70.25043911557833	0.3740284472924687	6.323784877656218	0.3758766012255148	0.1336810300182726	0.1700159835761625	291.92781988539184	116.0	2.5166191369430333	-377.48534973446715
3.0	378.0	900.0	2.00402834850175	0.15372734095647744	21.276943703768016	0.5697087994232067	4.770221232189276	0.5384193280841877	0.11277082946885256	0.21023953772219706	546.3698939945023	116.0	4.710085293056054	-341.6613681243783
3.0	378.0	900.0	0.679431021677473	0.12440625770993503	39.77527433355924	2.0690746056631704	7.329993325525193	2.4353880274092674	0.11277082946885256	0.21023953772219706	546.3698939945023	116.0	4.710085293056054	-341.6613681243783
3.0	378.0	900.0	2.5206896284322555	0.13215293098855932	67.28765532822011	0.36952202059236317	5.895188690529258	0.38465202306707436	0.11277082946885256	0.21023953772219706	546.3698939945023	116.0	4.710085293056054	-341.6613681243783
3.0	388.0	900.0	1.7294620663234108	0.15331551630206633	21.985093656955698	0.5635108991794473	5.505532508125509	0.5638221394711889	0.15421271536165368	0.263375659588416	372.82018164146774	116.0	3.2139670831161014	-311.19256295522985
3.0	388.0	900.0	1.3381016885541905	0.2182168571139664	45.706830402290784	0.5119045668725936	2.7178496745406435	0.5123834487535863	0.15421271536165368	0.263375659588416	372.82018164146774	116.0	3.2139670831161014	-311.19256295522985
3.0	388.0	900.0	3.0419011434158203	0.17288489994357828	65.40092744784562	0.28416194911671633	4.330534006842072	0.28441522761888366	0.15421271536165368	0.263375659588416	372.82018164146774	116.0	3.2139670831161014	-311.19256295522985
3.0	398.0	900.0	1.695752130078986	0.20439039671518017	19.812382833990238	0.5203739846185887	3.7389381630466616	0.5203739856802769	0.26585301172406794	0.2515288953603782	151.4598911808223	116.0	1.3056887170760543	-287.636821728489
3.0	398.0	900.0	1.0365315884190103	0.2894372055877747	46.703745880078664	0.603416329453651	1.882085305894154	0.6112871160196002	0.26585301172406794	0.2515288953603782	151.4598911808223	116.0	1.3056887170760543	-287.636821728489
3.0	398.0	900.0	3.362368656087488	0.19595248865709844	65.48965195278673	0.27375014867144853	4.068050727769287	0.27376884133562995	0.26585301172406794	0.2515288953603782	151.4598911808223	116.0	1.3056887170760543	-287.636821728489
2.0	408.0	900.0	1.8750122449802795	0.19299911790112062	17.62709319576109	0.3736522647653507	3.143737130670332	0.37365224493077337	0.1451605776282853	0.25058684058336306	390.7155391446291	119.0	3.2833238583582274	-327.3085603736881
2.0	408.0	900.0	3.514099324049432	0.16032503849420618	66.22796383883467	0.2400159430693105	4.555093989405958	0.24001507316623702	0.1451605776282853	0.25058684058336306	390.7155391446291	119.0	3.2833238583582274	-327.3085603736881
4.0	648.0	900.0	1.583773095516086	0.6584769354108477	28.02592169000181	1.999572810387767	3.9346482670048095	1.102106314886067	0.1966303050358791	0.1603560915298302	144.4181691592922	113.0	1.2780368952149752	-361.77185678197964
4.0	648.0	900.0	2.5140391682987135	0.16226217287776398	38.99105860093075	1.2255931217339866	5.23769521451938	2.27486233010293	0.1966303050358791	0.1603560915298302	144.4181691592922	113.0	1.2780368952149752	-361.77185678197964
4.0	648.0	900.0	1.130031998128014	0.5131288259984882	49.25717506503504	0.9432056253113759	2.5930685240748312	0.9661553761606985	0.1966303050358791	0.1603560915298302	144.4181691592922	113.0	1.2780368952149752	-361.77185678197964
4.0	648.0	900.0	1.4267917685705107	0.12982352987370796	63.25368388054033	0.5901514077572181	5.276704814222868	0.6525638740640345	0.1966303050358791	0.1603560915298302	144.4181691592922	113.0	1.2780368952149752	-361.77185678197964
3.0	658.0	900.0	2.2527500452028337	1.5687207108688117	30.647781016887297	0.8750369029874786	5.598039822674402	1.394237834453649	0.17242882963558118	0.1546492922231855	110.82310170482418	116.0	0.9553715664208982	-434.924770673509
3.0	658.0	900.0	1.253966609778844	0.4782981142811153	43.02886933471703	9.627831827048842	9.573409198280057	7.571525134111223	0.17242882963558118	0.1546492922231855	110.82310170482418	116.0	0.9553715664208982	-434.924770673509
3.0	658.0	900.0	1.5319382955486993	0.21343482429927138	65.76196914101351	1.088717412090923	6.2895671643326985	0.7500396576209158	0.17242882963558118	0.1546492922231855	110.82310170482418	116.0	0.9553715664208982	-434.924770673509
2.0	668.0	900.0	3.368812256415832	0.09340062115035618	31.360440181072935	0.19645646169869244	5.72217758364847	0.1991842455594391	0.13157042655584134	0.16658912538556694	201.8287114862086	119.0	1.6960395923210805	-434.4531828049935
2.0	668.0	900.0	1.4905217433469873	0.06663759172742896	63.76964545007461	0.6280493359515799	11.75705361841395	0.6836179290555487	0.13157042655584134	0.16658912538556694	201.8287114862086	119.0	1.6960395923210805	-434.4531828049935
3.0	678.0	900.0	3.4963873459452093	0.10482056698426652	31.068864768697882	0.1804576542755959	5.214277209145955	0.18100998000919802	0.15769921124245914	0.17424102715925802	157.61117837091197	116.0	1.358717054921655	-413.22405847893606
3.0	678.0	900.0	1.1713136649049545	0.12702860544396222	54.9478214083354	0.5829166701423882	3.8829260897426874	0.5743048715368048	0.15769921124245914	0.17424102715925802	157.61117837091197	116.0	1.358717054921655	-413.22405847893606
3.0	678.0	900.0	1.3544911547081413	0.09300564860100657	72.17710842263719	0.7007868035320025	7.130817990669129	0.7710136181659408	0.15769921124245914	0.17424102715925802	157.61117837091197	116.0	1.358717054921655	-413.22405847893606
3.0	688.0	900.0	2.7052516870023813	0.10574110884125239	32.07274649386498	0.22488804188465547	4.982692673865475	0.22489456854199003	0.14382028727496987	0.1723952646921911	184.59293219168137	116.0	1.5913183809627705	-416.50256146052305
3.0	688.0	900.0	1.6970098713860986	0.1541331902531854	55.90003334065439	0.2500773556731327	2.344536298178474	0.2518331041961874	0.14382028727496987	0.1723952646921911	184.59293219168137	116.0	1.5913183809627705	-416.50256146052305
3.0	688.0	900.0	1.3700869625157952	0.09710887554775076	74.00454959772262	0.492911223665713	6.0165684855895645	0.5090843316269436	0.14382028727496987	0.1723952646921911	184.59293219168137	116.0	1.5913183809627705	-416.50256146052305
1.0	758.0	900.0	3.3355902456216455	0.11262897708525876	64.60911510284049	0.35459740934216566	9.0937896449828	0.354597193009658	0.1711599702449035	0.2297160341109681	283.84647849633	122.0	2.3266104794781146	-332.7741920663107
1.0	768.0	900.0	4.516652840288282	0.1520776004270793	63.808261270214494	0.2524705262929112	6.493203513902387	0.252470320889357	0.1703331633047884	0.29257443885240436	373.10159963901685	122.0	3.0582098331066954	-299.8076151215905
1.0	778.0	900.0	4.88546766680145	0.22049587966841863	63.572088298627115	0.2545048760221059	4.883223505473293	0.2545046297458036	0.21151299693293196	0.3176340881059488	382.52881810146107	122.0	3.1354821155857464	-242.55592597007998
1.0	788.0	900.0	4.829189664544455	0.228204775905019	63.7213549586791	0.23266712082667662	4.263712463181838	0.23266682594059915	0.25175353236869163	0.3150985139400238	252.53287178017698	122.0	2.0699415719686636	-250.92271803051017
1.0	798.0	900.0	4.446088363876553	0.20431821496289854	63.104811412734975	0.2214742853828989	4.173646426590807	0.2214741869014303	0.2189151212203293	0.267542920406257	262.05835342403645	122.0	2.1480192903609545	-281.23611657556705
1.0	808.0	900.0	3.836891947784303	0.13511614072710226	61.401452895905194	0.20015486465109703	4.922648184511849	0.20015508823283135	0.15604368076262387	0.22516493696080664	266.02010850815975	122.0	2.180492692689834	-363.9975559448208
1.0	818.0	900.0	3.412749783510055	0.12335986639771672	59.87486054203745	0.22782893584369096	5.458509349344676	0.2278289642808428	0.15461655693874335	0.21844240722268626	250.44979363339263	122.0	2.052867160929448	-373.83367099238916
1.0	858.0	900.0	2.8811423355017247	0.1679604771581318	32.259227255464886	0.28053503598282364	4.166888678971682	0.28053418933077795	0.2178762121236619	0.20929918944743953	178.509677920995	122.0	1.4631940813196311	-330.4159178802269
1.0	868.0	900.0	3.44911484428313	0.1770720663003028	31.4521522668898	0.20970168540264858	3.5368840774469836	0.20970080421313347	0.1774609506174454	0.2159690310207779	253.84860350277506	122.0	2.080726258219468	-337.69813484689405
1.0	878.0	900.0	3.3902174344742195	0.14436421849981268	31.26104385798888	0.20557204427491346	4.181445996098573	0.20557269264012343	0.18591322675347627	0.2214015027225203	181.71663640737378	122.0	1.4894806262899492	-367.85196003097514
1.0	888.0	900.0	2.9013797000279333	0.1569466267369709	30.351594804057303	0.2857566556461502	4.5744096611657055	0.2857561242572539	0.21602861150945393	0.2512161135985564	174.04422907161086	122.0	1.4265920415705808	-335.7116398847827
2.0	48.0	910.0	0.6129070366274896	0.16762918439209906	29.25962142542091	1.85802359750538	5.883603382725879	1.8587402718257295	0.24774674484284082	0.3025916234863973	189.3364983941896	119.0	1.5910630117158788	-284.2236830922282
2.0	48.0	910.0	2.4869282983824648	0.21213180535404713	57.0013824282902	0.3618226183593984	3.673197932276489	0.3619221352944077	0.24774674484284082	0.3025916234863973	189.3364983941896	119.0	1.5910630117158788	-284.2236830922282
1.0	58.0	910.0	3.658336793827912	0.41739494626748397	56.51426465429848	0.4716162606287399	3.579776392170664	0.47161625657989276	0.4909593466177329	0.5833079204666755	186.49737404907205	122.0	1.52866700040223	-121.83556024243562
3.0	218.0	910.0	0.5499333728921396	0.14506165810901342	9.348462975708767	4.106196071491858	6.7485940624129	3.8711926498915004	0.19282513832029685	0.26472778240744177	243.49416083518304	116.0	2.0990875934067503	-308.58025946657233
3.0	218.0	910.0	0.7011883874427864	0.36842504403749216	20.334253138606883	1.1517919813504416	2.595820578165796	1.4549659015166476	0.19282513832029685	0.26472778240744177	243.49416083518304	116.0	2.0990875934067503	-308.58025946657233
3.0	218.0	910.0	4.355029982104326	0.15259514526311807	63.78084257302194	0.22953117392666567	5.673130023460277	0.22953117171122997	0.19282513832029685	0.26472778240744177	243.49416083518304	116.0	2.0990875934067503	-308.58025946657233
1.0	228.0	910.0	4.82242987342053	0.17093400806800166	63.89757091268117	0.20115394653293459	4.914068246584333	0.20115352716732537	0.20599813383233484	0.2849254052527911	243.9057495549391	122.0	1.9992274553683531	-305.4135246933926
2.0	238.0	910.0	1.0348872305476942	0.1706235170018319	49.34355232208779	1.0105696622619456	4.385082823677071	1.0688378817620199	0.18454441673108435	0.26058201895096145	256.1269551944897	119.0	2.1523273545755437	-320.0844735671732
2.0	238.0	910.0	4.637251976885533	0.1698578524093065	64.32430384896408	0.2266420117954429	4.433117862399409	0.24044710853712928	0.18454441673108435	0.26058201895096145	256.1269551944897	119.0	2.1523273545755437	-320.0844735671732
3.0	368.0	910.0	0.8433483805582053	0.1535904923112045	11.422658921235048	1.6985383015702475	4.694343708490222	1.6923268596939633	0.18326116926870994	0.23524406659857716	210.3647926188653	116.0	1.8134895915419422	-339.579355617501
3.0	368.0	910.0	1.895598768208349	0.2593855035681081	21.305038847427948	0.4789744548256298	2.60798136753085	0.4429393596198093	0.18326116926870994	0.23524406659857716	210.3647926188653	116.0	1.8134895915419422	-339.579355617501
3.0	368.0	910.0	3.448366928278854	0.1486345047211477	67.8443542772625	0.2322559567483029	4.665588457294444	0.23225515467664415	0.18326116926870994	0.23524406659857716	210.3647926188653	116.0	1.8134895915419422	-339.579355617501
3.0	378.0	910.0	1.6054151805824015	0.25734991868380025	21.344653466920843	0.3127437996412771	1.813737654078416	0.3705755308737305	0.1817442690844297	0.23214729293123237	205.5486900401303	116.0	1.7719714658631924	-344.5523059562171
3.0	378.0	910.0	0.9420971675068909	0.1401073867406347	25.959713507115104	1.4604626697481127	10.69453836525146	1.3780323496682279	0.1817442690844297	0.23214729293123237	205.5486900401303	116.0	1.7719714658631924	-344.5523059562171
3.0	378.0	910.0	4.603479402892872	0.1556695967155516	66.22312428116633	0.1597876271679369	4.08856731493023	0.1599285080467762	0.1817442690844297	0.23214729293123237	205.5486900401303	116.0	1.7719714658631924	-344.5523059562171
4.0	388.0	910.0	1.3487886865420777	0.3679971915324217	20.704406783884487	0.5029228505347895	1.7525042742832202	0.6248811599786278	0.19553995984910755	0.29710653708990326	305.14118779223935	113.0	2.7003644937366316	-269.6543109001445
4.0	388.0	910.0	1.1924848787293965	0.19884955534201854	27.2127394909649	1.9344031014943748	8.137599055318569	1.5878277795117286	0.19553995984910755	0.29710653708990326	305.14118779223935	113.0	2.7003644937366316	-269.6543109001445
4.0	388.0	910.0	0.7824203176668176	0.28514193453840925	43.87242604551426	1.042370799704251	2.480023251283323	1.1281916694276313	0.19553995984910755	0.29710653708990326	305.14118779223935	113.0	2.7003644937366316	-269.6543109001445
4.0	388.0	910.0	4.891137084864837	0.2181593056757363	65.89545419688476	0.18911861577266165	3.671956570135184	0.1891242006622955	0.19553995984910755	0.29710653708990326	305.14118779223935	113.0	2.7003644937366316	-269.6543109001445
3.0	458.0	910.0	2.826192148647014	0.36741694747280396	20.859296829751752	0.5517946245438112	3.67764777797038	0.5518016324665105	0.31084035976798474	0.43755758715717136	352.02944311590824	116.0	3.0347365785854157	-143.12860041604213
3.0	458.0	910.0	3.8248932975460437	0.39599371843758	59.25414299684347	0.4032396848068367	3.262937999954244	0.4286336697863708	0.31084035976798474	0.43755758715717136	352.02944311590824	116.0	3.0347365785854157	-143.12860041604213
3.0	458.0	910.0	2.760630460903172	0.42056520863795344	71.28652501659879	0.5258155129501392	2.8599468429202735	0.5512388424046664	0.31084035976798474	0.43755758715717136	352.02944311590824	116.0	3.0347365785854157	-143.12860041604213
4.0	468.0	910.0	2.5580788263616645	0.2663071153755798	20.34742961526387	0.553649687893713	4.605658750354246	0.5536495659811224	0.16003602964709557	0.39415322863635466	851.446335765239	113.0	7.534923325356098	-191.47551946063564
4.0	468.0	910.0	3.2499084025575025	0.3211721446668613	59.047570582135464	0.3728105168625001	3.2332281268947494	0.38826676017719075	0.16003602964709557	0.39415322863635466	851.446335765239	113.0	7.534923325356098	-191.47551946063564
4.0	468.0	910.0	2.30599082621011	0.3513445516542729	71.57360548154087	0.48431856450878924	2.7073944393652756	0.5092871293386435	0.16003602964709557	0.39415322863635466	851.446335765239	113.0	7.534923325356098	-191.47551946063564
4.0	468.0	910.0	1.3089648982175972	0.41021109883509	82.32580586769896	0.7082302267083216	1.940405905467045	0.7114274411723042	0.16003602964709557	0.39415322863635466	851.446335765239	113.0	7.534923325356098	-191.47551946063564
3.0	478.0	910.0	2.666688416157805	0.2207325648123448	20.36975929766042	0.48135982043774	5.036239031262793	0.4813598224769085	0.20883139295097533	0.36672017768975473	385.6197370388721	116.0	3.324308077921311	-231.1745526580573
3.0	478.0	910.0	2.011134401269301	0.32256948544303854	58.785224364355415	0.4368078861691902	2.3588548470981743	0.4369612485592512	0.20883139295097533	0.36672017768975473	385.6197370388721	116.0	3.324308077921311	-231.1745526580573
3.0	478.0	910.0	2.27100061764113	0.35363018769270915	72.11717734845921	0.3516894555186752	1.9427610462386342	0.3472077501070918	0.20883139295097533	0.36672017768975473	385.6197370388721	116.0	3.324308077921311	-231.1745526580573
3.0	658.0	910.0	2.0564184773451393	0.5911180221204446	30.24505288473209	0.43098219134387566	4.146938191958079	0.8166903195432071	0.2192987672807896	0.18696196061398246	117.35057078384051	116.0	1.011642851584832	-367.6583376750008
3.0	658.0	910.0	1.6596986225659789	0.2551860371161153	40.04474355472822	2.9266136419638946	8.906186076303584	1.5776297065571518	0.2192987672807896	0.18696196061398246	117.35057078384051	116.0	1.011642851584832	-367.6583376750008
3.0	658.0	910.0	2.047828018954004	0.14421642978779	68.33481510793813	0.33065609420721187	3.96312985807148	0.33407311772747394	0.2192987672807896	0.18696196061398246	117.35057078384051	116.0	1.011642851584832	-367.6583376750008
3.0	768.0	910.0	0.7553250899359715	0.21252120132779243	42.84201773786672	0.6078763805948523	1.8828737751326607	0.6246915172694254	0.17360537575382234	0.2103429450299978	189.19263745869432	116.0	1.630971012574951	-366.3709097750379
3.0	768.0	910.0	3.882955154879785	0.3406129937711159	59.75296048664022	0.21634390263944248	4.156800107197523	0.3248520067866369	0.17360537575382234	0.2103429450299978	189.19263745869432	116.0	1.630971012574951	-366.3709097750379
3.0	768.0	910.0	0.8827053843028339	0.10157148245651963	74.49083515429967	3.6941979299239405	10.202448681644523	2.9550723062908557	0.17360537575382234	0.2103429450299978	189.19263745869432	116.0	1.630971012574951	-366.3709097750379
2.0	778.0	910.0	4.714133164820124	0.5313700158874455	60.395718848081856	0.241014776914256	3.4992393339042485	0.3333221947609987	0.21320392510975422	0.2643166142604663	236.25081572993173	119.0	1.9853009725204347	-294.09214445723524
2.0	778.0	910.0	0.8294909078487029	0.1597017379607804	72.2670779317644	4.907419257378639	7.984083134606873	3.848564677704316	0.21320392510975422	0.2643166142604663	236.25081572993173	119.0	1.9853009725204347	-294.09214445723524
2.0	788.0	910.0	5.029421176642959	0.3192285095304713	61.162090529233346	0.2355318036863199	3.4364964306957946	0.25411258950078996	0.2008830133980187	0.2936645369413081	339.51935899000074	119.0	2.8531038570588296	-263.6441226415351
2.0	788.0	910.0	0.7773739092367423	0.16123924636725948	76.37456777221708	3.1317374325411294	8.118881127838996	3.2245331034212246	0.2008830133980187	0.2936645369413081	339.51935899000074	119.0	2.8531038570588296	-263.6441226415351
2.0	798.0	910.0	4.798182360614687	0.23029047151122958	61.31316186780515	0.20930000836147647	3.47413744300768	0.2128962954441119	0.16293720332839495	0.2935522705407953	461.00782868340815	119.0	3.8740153670874635	-277.74807666934663
2.0	798.0	910.0	0.604437625322491	0.1516433916930012	80.58048317140819	2.595579129570636	8.128832897202102	2.8943164346206673	0.16293720332839495	0.2935522705407953	461.00782868340815	119.0	3.8740153670874635	-277.74807666934663
1.0	858.0	910.0	3.8393421120131954	0.2403693103601776	33.08774184413667	0.21473860955380802	2.9695398094916015	0.21473651385115977	0.2060110263632425	0.30545627812645443	291.45123897167576	122.0	2.388944581735047	-283.1365241173362
1.0	868.0	910.0	4.3422092844555795	0.22938545047862963	31.953865077935372	0.18354427425499117	3.0088351441021697	0.18354398791384166	0.20745609672520113	0.2681047288681239	265.1570810943773	122.0	2.173418697494896	-293.2078019464996
1.0	878.0	910.0	4.640783987133739	0.16864598846457088	30.790968849371072	0.14779492126236124	3.52261392590773	0.1477954620994041	0.19498317595111275	0.23175023061183495	189.9313083925688	122.0	1.556814003217777	-350.4169084894678
1.0	888.0	910.0	5.232403072471898	0.18676468462638976	29.447951546177045	0.14857389036991075	3.604354935402605	0.14857343276923077	0.22573097584274282	0.2655124812778917	177.86187779180636	122.0	1.457884244195134	-322.01614724708116
1.0	898.0	910.0	5.873529437266402	0.24866343200798824	28.687279606852883	0.15229589262811025	3.114919975879677	0.15229524064729003	0.30863529377178356	0.3327566596124783	145.7580237050713	122.0	1.194737899221896	-268.6944773591512
2.0	908.0	910.0	5.2339119825957345	0.3157155642071528	28.734837479152155	0.2224271963041589	3.1933677221754975	0.22242719958967672	0.42443641436574653	0.3973517600741068	124.22708326328892	119.0	1.0439250694394027	-202.31172031000648
2.0	908.0	910.0	0.9024800360576459	0.20180631609692234	83.82706520291491	2.017515909396052	7.8201319227104005	2.017528929609153	0.42443641436574653	0.3973517600741068	124.22708326328892	119.0	1.0439250694394027	-202.31172031000648
2.0	918.0	910.0	2.6680326194469797	0.32753331989583717	28.893959971469865	0.535531847101567	3.7732973562120886	0.5429698080526264	0.32676877775937635	0.404138910576273	264.6538952567289	119.0	2.2239823130817555	-173.15010312946694
2.0	918.0	910.0	1.2735013502996584	0.34677711918105747	45.61050631482679	1.0590687650069113	3.365632203630822	1.072126146655535	0.32676877775937635	0.404138910576273	264.6538952567289	119.0	2.2239823130817555	-173.15010312946694
2.0	58.0	920.0	0.7663273632331683	0.1707466367879179	34.79077451895927	2.148668365384343	8.258059236552453	2.2860032719667553	0.2841854123342057	0.3573221953425682	202.25229200863913	119.0	1.6995990925095725	-241.66996508016544
2.0	58.0	920.0	2.680707592252959	0.25903243953594335	57.908778033025456	0.4023249240852415	3.46993578829262	0.40720531395495196	0.2841854123342057	0.3573221953425682	202.25229200863913	119.0	1.6995990925095725	-241.66996508016544
5.0	448.0	920.0	3.342244066656456	0.2410686868947135	19.40762877069495	0.24557259614041654	2.9485460121633125	0.24557262533413618	0.2817848085668403	0.2662147060310442	140.24929800938838	110.0	1.274993618267167	-267.8607524328271
5.0	448.0	920.0	0.911663825830982	0.29904789503500384	46.02997742811875	0.7875159050451565	1.9523036101234243	0.7918370444364434	0.2817848085668403	0.2662147060310442	140.24929800938838	110.0	1.274993618267167	-267.8607524328271
5.0	448.0	920.0	4.109995888182657	0.19706215224113555	59.482069688595544	0.4400223142317322	5.164672623160493	0.5348378797448756	0.2817848085668403	0.2662147060310442	140.24929800938838	110.0	1.274993618267167	-267.8607524328271
5.0	448.0	920.0	2.697320377578122	0.27266726906637234	71.53999994912279	0.5029196145420942	3.2107832755755767	0.5263373275975646	0.2817848085668403	0.2662147060310442	140.24929800938838	110.0	1.274993618267167	-267.8607524328271
5.0	448.0	920.0	1.0891229535494344	0.2552935876163606	82.87114472448123	0.7827542732455844	2.6783787912004167	0.8231933367061277	0.2817848085668403	0.2662147060310442	140.24929800938838	110.0	1.274993618267167	-267.8607524328271
4.0	458.0	920.0	4.181393602078454	0.30448223748323144	19.65898205885932	0.29410664126963976	3.4977956493661377	0.29410663474001203	0.28066874769456585	0.3743783461664587	274.8289298913693	113.0	2.4321144238174273	-192.37993371668261
4.0	458.0	920.0	4.632837884058071	0.27120897649885833	59.420907550341596	0.44550554731566533	4.684866494101971	0.4704155503067066	0.28066874769456585	0.3743783461664587	274.8289298913693	113.0	2.4321144238174273	-192.37993371668261
4.0	458.0	920.0	3.203410296160581	0.3291041133315815	71.69830509601148	0.5218156067672709	3.261794649698383	0.5879099118011227	0.28066874769456585	0.3743783461664587	274.8289298913693	113.0	2.4321144238174273	-192.37993371668261
4.0	458.0	920.0	1.2833240086478215	0.35457969915124504	82.84382772809826	0.9142379169532269	2.622112723487632	0.9582002459877563	0.28066874769456585	0.3743783461664587	274.8289298913693	113.0	2.4321144238174273	-192.37993371668261
4.0	468.0	920.0	4.660960079985928	0.35068885383837917	18.16775891640396	0.30147199878562386	3.4700360016712155	0.30147205542030303	0.22443679248279058	0.43705120332295583	565.6137577467997	113.0	5.005431484484953	-158.0548629215207
4.0	468.0	920.0	4.539201095907447	0.34676258444901503	59.80995141889715	0.42689816278971876	3.6807552012565576	0.44892128079564814	0.22443679248279058	0.43705120332295583	565.6137577467997	113.0	5.005431484484953	-158.0548629215207
4.0	468.0	920.0	2.9603569432364045	0.36913249011348415	71.37099239409369	0.6143827039950901	3.3661342317387586	0.7326500413055587	0.22443679248279058	0.43705120332295583	565.6137577467997	113.0	5.005431484484953	-158.0548629215207
4.0	468.0	920.0	1.3675372388256009	0.42900621682994683	82.39148259303116	0.9161727615481495	2.3353119776803095	0.9478833498220638	0.22443679248279058	0.43705120332295583	565.6137577467997	113.0	5.005431484484953	-158.0548629215207
4.0	478.0	920.0	4.8178589008126265	0.34397166677690255	18.027348240978636	0.2963034286588988	3.594178362555998	0.29630344415684556	0.2170264506449354	0.45953798791041806	602.7693356049829	113.0	5.334241908008698	-158.495688560516
4.0	478.0	920.0	2.3773288489381157	0.3941892746928009	59.90407130461257	0.5316949673205914	2.765912594604776	0.5433534026120698	0.2170264506449354	0.45953798791041806	602.7693356049829	113.0	5.334241908008698	-158.495688560516
4.0	478.0	920.0	2.489964547784564	0.41616919438114336	71.85760050755252	0.49273894840479066	2.530848282313878	0.5229336298603077	0.2170264506449354	0.45953798791041806	602.7693356049829	113.0	5.334241908008698	-158.495688560516
4.0	478.0	920.0	1.1474374786074473	0.4815159068635932	81.26515317530188	0.9161815918578017	1.8741811958080605	0.9547794437417996	0.2170264506449354	0.45953798791041806	602.7693356049829	113.0	5.334241908008698	-158.495688560516
2.0	488.0	920.0	3.5847318480552786	0.3118119039924329	18.955510040609603	0.433559038730916	4.316610558751233	0.43355903567001414	0.2279951486951331	0.47421125924023344	567.6461265526043	119.0	4.770135517248776	-167.7478087411434
2.0	488.0	920.0	2.18948815619742	0.4277581863098303	72.56140788494058	0.517518825535763	2.2933512372728853	0.517581317456821	0.2279951486951331	0.47421125924023344	567.6461265526043	119.0	4.770135517248776	-167.7478087411434
1.0	788.0	920.0	5.341899831585825	0.3474303922141364	59.77621214601257	0.23711130391624372	3.157921592544251	0.23711283447539463	0.2982241577665862	0.3926792463018031	308.8904354024236	122.0	2.5318888147739638	-183.39335465158663
2.0	868.0	920.0	4.179648831255752	0.5680451442960012	33.02769048909618	0.27923700693065473	2.122665211292707	0.3533231543806401	0.26825089678494973	0.42742367971796813	373.3792315710034	119.0	3.1376406014370035	-179.4611651302067
2.0	868.0	920.0	1.6852184227870157	0.3697513168292274	38.46194564482208	1.948922801281645	7.417423924802563	1.2668304399681671	0.26825089678494973	0.42742367971796813	373.3792315710034	119.0	3.1376406014370035	-179.4611651302067
2.0	878.0	920.0	5.123181651475124	0.24303172946105395	32.5017627755449	0.32252122192789534	4.2964026348329964	0.33080557972499813	0.25694437374060847	0.37272281741707985	263.2733741611968	119.0	2.212381295472242	-233.9021510558566
2.0	878.0	920.0	1.3580482247927095	0.24403443159681165	46.14958170879687	1.2110472154955652	4.256406661976429	1.237940626390413	0.25694437374060847	0.37272281741707985	263.2733741611968	119.0	2.212381295472242	-233.9021510558566
1.0	888.0	920.0	5.5791500239088885	0.1949916216060283	31.511288369513125	0.20742845103177604	5.139633802940431	0.20742831355001495	0.2602264673157673	0.3333757644504505	208.01144686936505	122.0	1.7050118595849595	-266.89082799966
1.0	898.0	920.0	6.426245125462599	0.24544849611410982	30.367331010516477	0.20457065198763766	4.638882565314618	0.2045710084188119	0.3462213870867595	0.39575124415139673	168.03954900568507	122.0	1.3773733525056153	-222.1835122238884
1.0	908.0	920.0	5.837599406223762	0.2994853840796879	29.633432465915952	0.25777452780597876	4.350702765266166	0.2577737171212537	0.3395887255348186	0.47411032256979163	243.92945073688176	122.0	1.9994217273514898	-180.43434235409075
1.0	918.0	920.0	3.1928389216886544	0.20685341206710017	29.667987028162823	0.3508566634199513	4.688878077056122	0.3508551647611869	0.22259838936396664	0.3041382679075001	291.90011512964986	122.0	2.3926238945053266	-263.5842770605928
2.0	68.0	930.0	1.16168520579811	0.18303173152760852	35.37190357231524	1.0800194170886084	5.937120632501905	1.080664502689595	0.2674677941409267	0.3134555873499301	195.4008094833661	119.0	1.6420236091039166	-261.1347713759015
2.0	68.0	930.0	3.044822125551802	0.2548766887170705	61.186203614137995	0.29593168968850847	3.060522222608668	0.2960333640462323	0.2674677941409267	0.3134555873499301	195.4008094833661	119.0	1.6420236091039166	-261.1347713759015
1.0	78.0	930.0	5.536005093298989	0.643196248544791	62.19140837037897	0.30608939095704074	2.2805486158849115	0.3058831397886013	0.7330028947465741	0.592742489298848	126.64322450088021	122.0	1.0380592172203296	-70.01888949505134
3.0	368.0	930.0	3.598686976744872	0.28207535939850537	22.600476537903926	0.36818385836488193	3.9242300982795335	0.3814131449588696	0.4192705206857381	0.3654055206622194	120.25936909630967	116.0	1.036718699106118	-202.57738066657987
3.0	368.0	930.0	1.19826895888026	0.2501797431309438	40.73469155759178	1.2471659165978597	5.077347803591261	1.319301737462808	0.4192705206857381	0.3654055206622194	120.25936909630967	116.0	1.036718699106118	-202.57738066657987
3.0	368.0	930.0	1.3040570158874119	0.37317623843322695	65.47039222026241	0.731990992539344	2.21414916107047	0.7320700526302435	0.4192705206857381	0.3654055206622194	120.25936909630967	116.0	1.036718699106118	-202.57738066657987
3.0	378.0	930.0	2.9627224152977463	0.25804051661072125	24.120851616908006	0.4985373103526128	4.927582266797895	0.5172365013586374	0.38524986155794766	0.37869510843227105	148.55692621225697	116.0	1.2806631570022153	-197.3187625207201
3.0	378.0	930.0	1.4803379509404642	0.29607281722334794	42.58002009484565	0.8696348826857928	3.7018242762598907	0.89091744310748	0.38524986155794766	0.37869510843227105	148.55692621225697	116.0	1.2806631570022153	-197.3187625207201
3.0	378.0	930.0	2.199671718538111	0.3633062679666195	64.99579533017557	0.4648619729586015	2.4376939381575986	0.46494231265902736	0.38524986155794766	0.37869510843227105	148.55692621225697	116.0	1.2806631570022153	-197.3187625207201
5.0	458.0	930.0	3.549896953724227	0.2237323419151058	19.214670666525688	0.28853760976794224	3.9647885880506584	0.28853760970074066	0.3029519008716876	0.3196527011916665	140.53243821911337	110.0	1.277567620173758	-249.5010623146209
5.0	458.0	930.0	1.866531049744548	0.43700750621287443	47.21947675402256	0.7915296648660125	2.6908132803561156	0.6981031137912062	0.3029519008716876	0.3196527011916665	140.53243821911337	110.0	1.277567620173758	-249.5010623146209
5.0	458.0	930.0	4.623496719288968	0.2302215462711357	57.93979786131884	0.6227195896083444	4.91393332940217	1.0371927917781583	0.3029519008716876	0.3196527011916665	140.53243821911337	110.0	1.277567620173758	-249.5010623146209
5.0	458.0	930.0	3.736973197324684	0.22653340434856808	72.10487947253488	0.7572763051456498	4.939668981504783	1.3638771318091067	0.3029519008716876	0.3196527011916665	140.53243821911337	110.0	1.277567620173758	-249.5010623146209
5.0	458.0	930.0	1.5701095318488705	0.38268408314046587	83.85005187959219	1.3804318130439541	3.425767729276129	1.0598171713752211	0.3029519008716876	0.3196527011916665	140.53243821911337	110.0	1.277567620173758	-249.5010623146209
4.0	468.0	930.0	4.932854020981578	0.34250256945573937	17.649838678448386	0.26913204725224515	3.3569100637947233	0.2691322104745751	0.3532021604042646	0.40771477040928894	210.73983695251408	113.0	1.864954309314284	-168.10412971976416
4.0	468.0	930.0	4.432646058659737	0.2870362975135466	59.861899834850064	0.45684503066469523	5.166042825596547	0.5076037015651776	0.3532021604042646	0.40771477040928894	210.73983695251408	113.0	1.864954309314284	-168.10412971976416
4.0	468.0	930.0	3.6281811114259606	0.43536518774010985	72.03968213310536	0.4526013668281231	2.4437055180943172	0.49043107355480103	0.3532021604042646	0.40771477040928894	210.73983695251408	113.0	1.864954309314284	-168.10412971976416
4.0	468.0	930.0	2.0681984876485706	0.34135058716016875	81.37908918258972	0.946759706487326	3.5999097530729296	1.006353311926513	0.3532021604042646	0.40771477040928894	210.73983695251408	113.0	1.864954309314284	-168.10412971976416
3.0	478.0	930.0	5.640890921373187	0.41392142115368663	17.63759099112333	0.2734275622703908	3.2270340589080133	0.2734275778709206	0.3375679357376048	0.5007375040393683	332.52795029957673	116.0	2.8666202612032476	-129.63063453256584
3.0	478.0	930.0	2.6339898550321905	0.4759242280178529	58.893489764482176	0.6280559600189408	2.7534140370917206	0.6395776723690376	0.3375679357376048	0.5007375040393683	332.52795029957673	116.0	2.8666202612032476	-129.63063453256584
3.0	478.0	930.0	2.5257486928132287	0.30745746934623863	73.10719407750786	1.0512118934472412	6.333656876389265	1.171330087431716	0.3375679357376048	0.5007375040393683	332.52795029957673	116.0	2.8666202612032476	-129.63063453256584
2.0	488.0	930.0	5.002908012551188	0.43992188279943817	18.177889825258458	0.37040693799762253	3.6480156634007335	0.3704069361631463	0.32292518277745774	0.5951692798407703	475.99747440797154	119.0	3.999978776537576	-102.73443792661827
2.0	488.0	930.0	2.930254498400822	0.4416872607631151	74.22340770119969	0.6297540324267586	3.620505872522598	0.6297647029677473	0.32292518277745774	0.5951692798407703	475.99747440797154	119.0	3.999978776537576	-102.73443792661827
2.0	878.0	930.0	5.326342278051701	0.3265502396111827	35.82610507603114	0.5207668670221864	6.59559166681074	0.5815508636429406	0.45551168451322593	0.5832291577198467	221.3992669420435	119.0	1.8604980415297774	-112.41486673665972
2.0	878.0	930.0	2.2342367956974645	0.5052594822156709	51.11232725309448	0.7767032793877496	2.7500304880185817	0.7929173410135024	0.45551168451322593	0.5832291577198467	221.3992669420435	119.0	1.8604980415297774	-112.41486673665972
3.0	888.0	930.0	6.038168350693901	0.2697620034458302	34.172276165097024	0.3184091727549119	6.116981694859131	0.33560795567156265	0.34366533370778657	0.4698381589530982	250.86002771163805	116.0	2.1625864457899833	-160.38384970851084
3.0	888.0	930.0	2.288825949817625	0.36266696628178036	53.371765071897194	0.6233454632789138	3.2934104728130364	0.6335398020177245	0.34366533370778657	0.4698381589530982	250.86002771163805	116.0	2.1625864457899833	-160.38384970851084
3.0	888.0	930.0	1.0945126256277418	0.4025145066037178	137.43520018381622	1.1330750019616231	2.6682653840819053	1.1330781181755551	0.34366533370778657	0.4698381589530982	250.86002771163805	116.0	2.1625864457899833	-160.38384970851084
2.0	898.0	930.0	5.5567895843639015	0.22384269972790288	32.87415397373623	0.2706380893668369	5.820145556378788	0.27119664851723463	0.3620881454284063	0.38274098751069385	156.19311790909788	119.0	1.3125472093201502	-213.40760592125193
2.0	898.0	930.0	2.373778688963075	0.3574025574754837	54.873560063726636	0.3968747692942996	2.281412989708441	0.39746917075384564	0.3620881454284063	0.38274098751069385	156.19311790909788	119.0	1.3125472093201502	-213.40760592125193
3.0	908.0	930.0	3.292799066038571	0.1367364159118081	32.21137221601988	0.30026730281519287	6.2632798753683625	0.30060023549348147	0.24287264727809713	0.2525379996578606	135.96791880665057	116.0	1.1721372310918152	-323.7261434981586
3.0	908.0	930.0	1.1974283246037214	0.2734870295344806	54.90780897971905	0.42229880388143404	1.6763208364741669	0.45832025148815214	0.24287264727809713	0.2525379996578606	135.96791880665057	116.0	1.1721372310918152	-323.7261434981586
3.0	908.0	930.0	0.5426529778527868	0.18341009750426757	136.89656646913213	1.358196099321302	3.4763436154270115	1.3581562019370854	0.24287264727809713	0.2525379996578606	135.96791880665057	116.0	1.1721372310918152	-323.7261434981586
1.0	78.0	940.0	3.371717303370507	0.4034050589795248	62.75994291447307	0.34367089222614877	2.4881445026614624	0.34369901580202383	0.44222526507939114	0.3539679944893925	149.21383339624373	122.0	1.2230642081659322	-175.85063639488897
1.0	88.0	940.0	5.142882917692954	0.5009283715753101	62.61909245846519	0.2631623715114272	2.3404133428081857	0.26320858469101066	0.6692425803126343	0.4372079639103012	94.49030449956493	122.0	0.7745106926193847	-129.37923404772096
2.0	358.0	940.0	5.000349187334661	0.44022598404132535	23.11487446979084	0.3858697818006296	3.795046243625081	0.38977568839503346	0.44499938824382584	0.6255361771257404	259.70179341316924	119.0	2.1823680118753717	-98.30619259896916
2.0	358.0	940.0	2.6956563635054676	0.46732329679871176	40.30740770125099	0.674317325801098	3.3639207370931974	0.6803720592599382	0.44499938824382584	0.6255361771257404	259.70179341316924	119.0	2.1823680118753717	-98.30619259896916
2.0	368.0	940.0	6.190492225074605	0.42037927026488914	23.039621691558914	0.375056213912939	3.8159490454319904	0.3710475142526871	0.4327474620849936	0.5915964751806075	246.9890124732005	119.0	2.075537919942861	-111.55960868162073
2.0	368.0	940.0	2.2352340149125243	0.3487427303797772	38.62068224903795	1.267984678013157	5.771568869457075	1.3888205872730943	0.4327474620849936	0.5915964751806075	246.9890124732005	119.0	2.075537919942861	-111.55960868162073
2.0	378.0	940.0	4.498922503649593	0.28378702713369586	24.394932477428355	0.43918731849866416	5.961085356386421	0.464348658998881	0.4549916726691118	0.5113597628598979	158.09029342788335	119.0	1.3284898607385156	-154.80059986375494
2.0	378.0	940.0	2.505275330095669	0.3674522851894005	43.467570871794656	0.607922486194232	3.457956874813389	0.6199146944847833	0.4549916726691118	0.5113597628598979	158.09029342788335	119.0	1.3284898607385156	-154.80059986375494
2.0	878.0	940.0	3.5875951318998993	0.25930090067339895	36.754641304436	0.5851446109503083	6.703658562617216	0.6446073848408076	0.3365665363731593	0.4698342576713084	263.8457893700257	119.0	2.217191507311141	-166.14660728473459
2.0	878.0	940.0	2.2474718158741336	0.46428199225721073	51.99175630308602	0.5040375162710297	2.0597807682450147	0.519509447142133	0.3365665363731593	0.4698342576713084	263.8457893700257	119.0	2.217191507311141	-166.14660728473459
2.0	888.0	940.0	3.8055732602097825	0.22051357348683487	34.85605665160831	0.4168734225254722	6.189251383170254	0.4381301220458771	0.32248004673007974	0.36086519936398603	197.8706809586731	119.0	1.6627788315854881	-212.8041452168053
2.0	888.0	940.0	2.070746861789768	0.3184212638916308	53.47179057310393	0.5289257358320612	2.8875006153297944	0.5353327473676706	0.32248004673007974	0.36086519936398603	197.8706809586731	119.0	1.6627788315854881	-212.8041452168053
3.0	898.0	940.0	3.3250963918557517	0.16493451699568665	33.8345933671634	0.33668007474319933	5.863323062557976	0.3477307659384279	0.043506745130724736	0.2473144550968954	5673.444556464793	116.0	48.909004797110285	-287.23985815261483
3.0	898.0	940.0	1.990971300373603	0.20935109686363115	54.40920868868912	0.442809471444841	3.5895502416204703	0.4497282909569032	0.043506745130724736	0.2473144550968954	5673.444556464793	116.0	48.909004797110285	-287.23985815261483
3.0	898.0	940.0	0.7065563510402229	0.23250383290561813	137.93311073324458	1.101417209558533	2.898447947038191	1.1014133698074404	0.043506745130724736	0.2473144550968954	5673.444556464793	116.0	48.909004797110285	-287.23985815261483
