ncomps	x	y	amplitude	err amplitude	shift	err shift	width	err width	rms	residual	chisq	dof	redchisq	aic
1.0	588.0	820.0	2.327932504485748	0.05100742229841489	62.795777424893956	0.2741361865136236	10.834205490645873	0.27413608964322544	0.08359732713670485	0.11899762672861189	290.74828002963363	122.0	2.383182623193718	-508.91791555717964
3.0	608.0	820.0	1.1127911918709774	0.10835216715867774	58.3055313179955	2.775805082905196	12.032745841887328	1.8272837387464065	0.07501117002883016	0.0986335555218066	216.19211014965398	116.0	1.863725087497017	-559.4826340703419
3.0	608.0	820.0	1.9132552386624946	0.27664240232081977	72.9118546228179	0.2618191136495768	5.646697884076192	0.5099599177084754	0.07501117002883016	0.0986335555218066	216.19211014965398	116.0	1.863725087497017	-559.4826340703419
3.0	608.0	820.0	0.09923871972300968	0.019328347791252528	144.44699034164805	19.591801870143577	58.52199728597646	29.09199016584164	0.07501117002883016	0.0986335555218066	216.19211014965398	116.0	1.863725087497017	-559.4826340703419
2.0	618.0	820.0	1.0604075613657846	0.07579075560130817	61.08274533474729	1.2840461266254795	15.013967272831458	0.780901357026685	0.08065437508634107	0.1045558118406652	287.7372355027328	119.0	2.4179599622078385	-512.4669489050949
2.0	618.0	820.0	2.8517352416117867	0.11068639762226462	72.24784241508226	0.1679771215658143	4.767658695211433	0.21676909603025402	0.08065437508634107	0.1045558118406652	287.7372355027328	119.0	2.4179599622078385	-512.4669489050949
2.0	628.0	820.0	1.0349265695464758	0.09214711426809503	60.0769526229091	1.3556209000732098	14.081081022666	0.7086539367930766	0.06685007286602382	0.09465491913923282	295.47193539605547	119.0	2.4829574403029873	-556.0813417343703
2.0	628.0	820.0	2.1286584962125006	0.11878909617817132	70.22009710642874	0.22812230467233227	5.500693140519036	0.30826773106737637	0.06685007286602382	0.09465491913923282	295.47193539605547	119.0	2.4829574403029873	-556.0813417343703
3.0	638.0	820.0	0.279921400243465	0.1387046832196032	10.229248326563429	1.577796811749535	3.416060338251298	1.594476199969599	0.07924232135811508	0.09610127591665278	188.1847364945255	116.0	1.6222822111597026	-563.1071751859611
3.0	638.0	820.0	0.35460657189532985	0.05333581690405052	22.27050382049345	2.793761972782697	6.816333295931332	2.479081241000109	0.07924232135811508	0.09610127591665278	188.1847364945255	116.0	1.6222822111597026	-563.1071751859611
3.0	638.0	820.0	2.295724994737075	0.04272177717436814	63.251605242176424	0.20404943875686798	9.499213193229131	0.20608268145687308	0.07924232135811508	0.09610127591665278	188.1847364945255	116.0	1.6222822111597026	-563.1071751859611
3.0	648.0	820.0	0.9386382529645868	0.1577285150979469	10.802652678690764	0.8056263981975771	3.754787940007776	0.6554721720836265	0.08922636516051059	0.11935454485661147	244.74833336716307	116.0	2.109899425578992	-500.5898681697687
3.0	648.0	820.0	0.6864745740446422	0.07408784648428204	22.829466236426892	1.7818814525695954	6.026952562787432	1.538721740265136	0.08922636516051059	0.11935454485661147	244.74833336716307	116.0	2.109899425578992	-500.5898681697687
3.0	648.0	820.0	2.3749697232908242	0.05684613029063668	60.45744413209765	0.24425153081745912	8.841202971007583	0.24638788511469298	0.08922636516051059	0.11935454485661147	244.74833336716307	116.0	2.109899425578992	-500.5898681697687
2.0	658.0	820.0	1.0830077938478766	0.055970004259298906	16.686865742156	0.4870250078027968	8.155908583791723	0.4896730299435189	0.08803355334824736	0.11694706487267567	231.18731336430258	119.0	1.942750532473131	-517.933132250269
2.0	658.0	820.0	2.172354853442523	0.0536879371077988	59.12210611955078	0.25309845182782736	8.868938319744075	0.25458081042671177	0.08803355334824736	0.11694706487267567	231.18731336430258	119.0	1.942750532473131	-517.933132250269
2.0	668.0	820.0	0.8376189990776999	0.06387004122731808	21.04925366362305	0.4980702167398052	5.654487232197179	0.4986252018916978	0.0758418262738941	0.11377782059495387	281.8469611777642	119.0	2.3684618586366737	-530.4331588372686
2.0	668.0	820.0	2.304418040844149	0.05218576464662204	59.405036726954265	0.22155227923849719	8.474945364450722	0.22189179160527128	0.0758418262738941	0.11377782059495387	281.8469611777642	119.0	2.3684618586366737	-530.4331588372686
2.0	678.0	820.0	0.6652095793790519	0.07549363259007971	24.379025220492696	0.5458950771652386	4.166735651681243	0.5460202104533523	0.08318195663479128	0.1146425645550441	241.22841336099734	119.0	2.0271295240419946	-526.7905260271967
2.0	678.0	820.0	2.837915377082513	0.053162226404727744	61.2251135783752	0.18172859169202396	8.40194852322954	0.1817985586128445	0.08318195663479128	0.1146425645550441	241.22841336099734	119.0	2.0271295240419946	-526.7905260271967
1.0	688.0	820.0	3.8814389565383802	0.08972670687374278	62.87291623025217	0.1882708544639454	7.05277771248516	0.18827075719682865	0.1117386345070951	0.1797802287539946	327.8134883612163	122.0	2.686995806239478	-421.3818042858446
2.0	698.0	820.0	0.4597794901629152	0.15047862617911342	28.642415007647788	1.0648415391672104	2.818453645382862	1.064853292711583	0.11867878121015188	0.18524738505139668	318.518357988626	119.0	2.6766248570472775	-403.2010270148482
2.0	698.0	820.0	4.422641102630329	0.10240568505954467	63.38528115283307	0.1626797202562786	6.084882699664287	0.16267985981727692	0.11867878121015188	0.18524738505139668	318.518357988626	119.0	2.6766248570472775	-403.2010270148482
2.0	708.0	820.0	0.514154190568679	0.1520587674998753	28.566016110536317	0.7125066916565334	2.087276299733356	0.713166304375716	0.1095143073872638	0.15899701157396107	282.7270017529922	119.0	2.3758571575881695	-438.1921503104665
2.0	708.0	820.0	3.59608122583811	0.09055294615177994	64.19900429174842	0.17101612930343021	5.881936929179921	0.17101625408079618	0.1095143073872638	0.15899701157396107	282.7270017529922	119.0	2.3758571575881695	-438.1921503104665
3.0	718.0	820.0	0.3364065330401463	0.12706833552863964	27.93105580795049	0.7510255956005977	1.6341453651349163	0.6844765212101599	0.09544837842411612	0.11662192945150261	213.11818331325009	116.0	1.8372257182176732	-501.0355713128222
3.0	718.0	820.0	0.5592483502189982	0.08129882967909545	48.55520857311764	0.8591474344799664	4.3544498244833205	0.8963221685699642	0.09544837842411612	0.11662192945150261	213.11818331325009	116.0	1.8372257182176732	-501.0355713128222
3.0	718.0	820.0	2.695902771981739	0.07587389792858519	65.0846301648711	0.19175461244902933	5.150026997870652	0.2081238305060547	0.09544837842411612	0.11662192945150261	213.11818331325009	116.0	1.8372257182176732	-501.0355713128222
2.0	798.0	820.0	2.8845831367076635	0.06530917161536222	50.67408440507827	0.3127067873550964	8.331568008469565	0.317409394159822	0.056291475739796745	0.12639699899490817	765.9848309773504	119.0	6.4368473191373985	-479.98509770532263
2.0	798.0	820.0	0.5116503966637493	0.06664642755610081	76.13755816659909	1.724961588991752	7.9596644783139325	1.7219439738521556	0.056291475739796745	0.12639699899490817	765.9848309773504	119.0	6.4368473191373985	-479.98509770532263
2.0	808.0	820.0	3.500510348889861	0.046667443096642926	50.70686045824206	0.13254458031930397	8.308588522227469	0.14477153789692768	0.069460166482374	0.09573941516903497	250.3218282010894	119.0	2.1035447747990705	-567.2343861222168
2.0	808.0	820.0	0.6893572391842497	0.07098805768841414	72.14530961460329	0.43597596051493875	3.455721893121228	0.44255446542555477	0.069460166482374	0.09573941516903497	250.3218282010894	119.0	2.1035447747990705	-567.2343861222168
2.0	818.0	820.0	3.1193388016310415	0.03805888927604896	51.84583466044451	0.14655423444489618	10.402835193396887	0.1465542596456085	0.07454207967420597	0.09204890494176884	190.65610367276605	119.0	1.6021521317039165	-583.6163114511206
2.0	818.0	820.0	0.22881312383810143	0.045382382049629015	185.68960536777863	1.708526621597119	7.455917536596942	1.7660708282568152	0.07454207967420597	0.09204890494176884	190.65610367276605	119.0	1.6021521317039165	-583.6163114511206
2.0	828.0	820.0	2.7688730697793495	0.03339215712562355	52.10604636614771	0.15985226018009155	11.479228221799161	0.1598522670565386	0.06917211369210827	0.08484680870015454	188.07759290549245	119.0	1.5804839739957348	-604.0098967445904
2.0	828.0	820.0	0.21492827849220883	0.04020045057754438	184.63631783267567	1.748112284626992	8.082579784243064	1.811993209507782	0.06917211369210827	0.08484680870015454	188.07759290549245	119.0	1.5804839739957348	-604.0098967445904
2.0	838.0	820.0	2.6490532365097463	0.03950294577272914	50.5033777729148	0.22279988309116672	12.939188433629171	0.22279988282020538	0.06935209842500573	0.10495383853053668	295.1530474481007	119.0	2.4802777096479054	-547.0303179683884
2.0	838.0	820.0	0.22570611623961984	0.044869829177317015	181.7371217553297	2.387891369944339	10.345665002645024	2.51867874475431	0.06935209842500573	0.10495383853053668	295.1530474481007	119.0	2.4802777096479054	-547.0303179683884
2.0	848.0	820.0	2.5133460104057885	0.035395188655881586	49.15320215770459	0.21629350651387785	13.30093473265103	0.21629350474822795	0.0711128223150141	0.09455408000929214	231.67300924089747	119.0	1.94683201042771	-571.0333900508067
2.0	848.0	820.0	0.289333252057035	0.0434678487104056	182.39631446559238	1.5586737994504065	8.977807694443225	1.6087912325950944	0.0711128223150141	0.09455408000929214	231.67300924089747	119.0	1.94683201042771	-571.0333900508067
2.0	858.0	820.0	2.2025984428804803	0.04907902993413975	48.01988811180492	0.3323951883556849	12.919127352049681	0.33239521062840505	0.05752965334978317	0.130588991770089	661.0534939091754	119.0	5.555071377388028	-492.9616955092765
2.0	858.0	820.0	0.31119793063542994	0.06638499572083081	183.37418037336357	1.7460514991330136	7.094564766226799	1.7602170766853993	0.05752965334978317	0.130588991770089	661.0534939091754	119.0	5.555071377388028	-492.9616955092765
2.0	908.0	820.0	3.056899457018926	0.0729725939289258	41.67324772683341	0.15094575931714124	5.474067928753342	0.15254040463935906	0.09922185388268147	0.12351944098721565	207.00754027025968	119.0	1.7395591619349553	-501.8321973068071
2.0	908.0	820.0	1.0229373664544628	0.07788164139190415	66.27613598572243	0.42269723456232416	4.799184037145389	0.4266100351228136	0.09922185388268147	0.12351944098721565	207.00754027025968	119.0	1.7395591619349553	-501.8321973068071
2.0	918.0	820.0	3.2440908052385087	0.09230886535448092	41.52992758972873	0.18170787230978402	5.531405861367073	0.18199096184814242	0.12661254212518033	0.14109897623640183	206.52756690381312	119.0	1.7355257723009507	-441.1790416467614
2.0	918.0	820.0	1.499031085276002	0.10954166817994833	67.13533507179667	0.331389092377804	3.9263336668443474	0.33178574994941734	0.12661254212518033	0.14109897623640183	206.52756690381312	119.0	1.7355257723009507	-441.1790416467614
2.0	258.0	830.0	0.5012022933627404	0.07833609146861913	20.291802475802072	0.71623089175075	3.9655256779440844	0.7162185107835134	0.07639518617631515	0.1168143266831678	293.3025476072283	119.0	2.4647272908170446	-523.6356682508803
2.0	258.0	830.0	2.580699062532276	0.06557652577071464	60.86112371654233	0.16612338368282373	5.661746094849449	0.16612338177158922	0.07639518617631515	0.1168143266831678	293.3025476072283	119.0	2.4647272908170446	-523.6356682508803
3.0	268.0	830.0	0.4743598895415631	0.09766555911506977	1.196212851207642	0.4381212738381424	1.8604439563903092	0.4472813271154931	0.07358971861537342	0.09704328667043656	221.12654846754023	116.0	1.9062633488581056	-561.4445943123839
3.0	268.0	830.0	0.7132518045729984	0.06567798324060617	19.710895776222266	0.43070836291709064	4.050900910747018	0.4307461376514825	0.07358971861537342	0.09704328667043656	221.12654846754023	116.0	1.9062633488581056	-561.4445943123839
3.0	268.0	830.0	3.2736603262611417	0.05543810565031004	60.3142543031153	0.11117083537534973	5.685212871895028	0.11117083528635686	0.07358971861537342	0.09704328667043656	221.12654846754023	116.0	1.9062633488581056	-561.4445943123839
3.0	278.0	830.0	0.8202548449616163	0.10007557683780326	1.2339129807041178	0.26901459148883095	1.9212210009347288	0.27234180570350514	0.07220348032162278	0.10165937904616676	250.5657272723881	116.0	2.1600493730378285	-550.5755985539814
3.0	278.0	830.0	0.4691074043682653	0.06957163148168524	19.90059764224522	0.6743723721969994	3.9379936536437663	0.6744056843425131	0.07220348032162278	0.10165937904616676	250.5657272723881	116.0	2.1600493730378285	-550.5755985539814
3.0	278.0	830.0	3.0202084646439533	0.05747081273043276	58.73658476847525	0.12679769708622604	5.770740882878984	0.12679769718589204	0.07220348032162278	0.10165937904616676	250.5657272723881	116.0	2.1600493730378285	-550.5755985539814
3.0	288.0	830.0	1.0842306415529028	0.09777197972349133	2.0984094825818382	0.28156324044552417	2.704041598096222	0.2816088000738441	0.0842676974127356	0.1078741484786542	249.45711431385357	116.0	2.1504923647745997	-512.5022914083673
3.0	288.0	830.0	0.34531063978355725	0.08555664160890374	20.56145077875792	1.0104282157477895	3.5323457573807957	1.0106403646257418	0.0842676974127356	0.1078741484786542	249.45711431385357	116.0	2.1504923647745997	-512.5022914083673
3.0	288.0	830.0	3.6671574115561665	0.07603243713809359	56.901913991338716	0.10703986154741704	4.471074007197769	0.10703988529864723	0.0842676974127356	0.1078741484786542	249.45711431385357	116.0	2.1504923647745997	-512.5022914083673
2.0	298.0	830.0	1.2167009895805199	0.14757908351642177	2.0006534582634243	0.6908810184461526	4.932730862738274	0.6908808630710493	0.1500732658473366	0.20215951464343687	335.37809862299895	119.0	2.8183033497731005	-338.07795054609966
2.0	298.0	830.0	4.929425936107352	0.16109667890377874	56.998932538152594	0.1562199201499072	4.139511026617339	0.15621970694265713	0.1500732658473366	0.20215951464343687	335.37809862299895	119.0	2.8183033497731005	-338.07795054609966
3.0	308.0	830.0	0.9828386384011493	0.05713175774399092	2.127747543405654	0.5155589632226814	7.680931027242318	0.5155607005243834	0.064489975285451	0.1155464165134758	413.13824486229345	116.0	3.5615365936404606	-516.3125882850093
3.0	308.0	830.0	3.598027473855814	0.123914035444381	56.826235331545604	0.10276861336773732	3.248220062628258	0.13359664009043237	0.064489975285451	0.1155464165134758	413.13824486229345	116.0	3.5615365936404606	-516.3125882850093
3.0	308.0	830.0	1.6566408862556035	0.07220167838721035	66.13182638176117	0.678193679673468	10.908435915818801	0.42412066152857686	0.064489975285451	0.1155464165134758	413.13824486229345	116.0	3.5615365936404606	-516.3125882850093
3.0	318.0	830.0	0.5948253961400198	0.13564921913856498	-3.5057491350381356	1.3112308077425208	3.4658450606151145	1.2712203205174317	0.07015679406035809	0.18365697661269673	860.7524083882508	116.0	7.420279382657335	-403.50379390697077
3.0	318.0	830.0	0.7401872878854797	0.12386245821690216	8.394504995520204	1.1586911705301601	4.208432161924676	1.2011967050189734	0.07015679406035809	0.18365697661269673	860.7524083882508	116.0	7.420279382657335	-403.50379390697077
3.0	318.0	830.0	3.058773127905873	0.0805362243054066	61.45353925572036	0.2897546783671519	9.53095498195905	0.28975477636423097	0.07015679406035809	0.18365697661269673	860.7524083882508	116.0	7.420279382657335	-403.50379390697077
3.0	328.0	830.0	0.39909315667644923	0.08627127491610459	8.673142518114902	2.539185008485885	9.419702327422609	2.830462542333151	0.05763224618317472	0.18148761680075065	1349.6872937340463	116.0	11.635235290810744	-396.4387330695783
3.0	328.0	830.0	0.582379314073119	0.15859967823812446	28.781360828747115	0.9029850743262712	2.8322222858091	0.9552997120772502	0.05763224618317472	0.18148761680075065	1349.6872937340463	116.0	11.635235290810744	-396.4387330695783
3.0	328.0	830.0	3.3327116420643867	0.07955794168273496	60.23239283143934	0.2868292445249731	10.41470484096552	0.2907233168956652	0.05763224618317472	0.18148761680075065	1349.6872937340463	116.0	11.635235290810744	-396.4387330695783
3.0	338.0	830.0	1.2699294897283115	0.10782075281131649	30.278880086134627	0.5350241626938453	5.262644153330342	0.5553820111535042	0.36105376468786626	0.14279174485216292	31.738166551726483	116.0	0.2736048840666076	-406.46610593855473
3.0	338.0	830.0	4.562801225664615	0.09705417549815494	55.48521706744312	0.26209171238918494	6.836812436293614	0.2824791482031923	0.36105376468786626	0.14279174485216292	31.738166551726483	116.0	0.2736048840666076	-406.46610593855473
3.0	338.0	830.0	1.5710682581211912	0.09916729853486222	75.43679686000301	0.7562658078185412	6.413268491933291	0.7167073949254225	0.36105376468786626	0.14279174485216292	31.738166551726483	116.0	0.2736048840666076	-406.46610593855473
3.0	348.0	830.0	2.251747462510486	0.09660902858255495	31.73461920369901	0.2904431814212614	5.454116587033951	0.3046195307847748	0.07913864886866163	0.1361488698082576	547.7996533036628	116.0	4.722410804341921	-429.87377573984304
3.0	348.0	830.0	4.867616371972054	0.09085028379964907	55.07128976703321	0.15365706530950637	6.6999191452733005	0.1878530045757977	0.07913864886866163	0.1361488698082576	547.7996533036628	116.0	4.722410804341921	-429.87377573984304
3.0	348.0	830.0	1.587375551773039	0.09915919048993486	77.10311205808657	0.41108718646808595	5.154512943108918	0.4287003334934895	0.07913864886866163	0.1361488698082576	547.7996533036628	116.0	4.722410804341921	-429.87377573984304
3.0	358.0	830.0	2.7086972659847004	0.09753873044601583	32.894728360739485	0.346734064602323	6.519506606856504	0.3593649833664532	0.0954642091527419	0.17134699697784622	456.9226979286767	116.0	3.9389887752472132	-405.66069034331593
3.0	358.0	830.0	4.161154846962184	0.0972772038292214	55.62082995458478	0.22883386371506487	7.057492389114746	0.27811538070097136	0.0954642091527419	0.17134699697784622	456.9226979286767	116.0	3.9389887752472132	-405.66069034331593
3.0	358.0	830.0	1.265197774678167	0.11501553754207969	78.58874131090647	0.5185521064329724	4.6195308181991255	0.5343347184022988	0.0954642091527419	0.17134699697784622	456.9226979286767	116.0	3.9389887752472132	-405.66069034331593
3.0	368.0	830.0	2.3248816387540936	0.09493399190034249	35.35300783335824	0.697119834410456	7.5282476347829785	0.6017919650599215	0.06771137092148363	0.16894400369383666	869.6036212335208	116.0	7.496582941668283	-411.0946004482393
3.0	368.0	830.0	3.0925370747796155	0.09374431108331517	56.6622337109026	0.4934743004116092	7.560205304189049	0.5358336153189333	0.06771137092148363	0.16894400369383666	869.6036212335208	116.0	7.496582941668283	-411.0946004482393
3.0	368.0	830.0	0.7735036653678226	0.1073682933657718	80.44984218218549	0.9218894319707186	5.078381800070601	0.948029855740683	0.06771137092148363	0.16894400369383666	869.6036212335208	116.0	7.496582941668283	-411.0946004482393
1.0	378.0	830.0	2.30614925612514	0.06842564455826189	54.33806586320603	0.5173756598290788	15.100727627789766	0.5173756388006876	0.08664529240945382	0.18958656359200485	678.8347679404134	122.0	5.5642194093476505	-393.9751464669279
1.0	388.0	830.0	2.7272124030027163	0.07889476710659991	56.66866123258749	0.4492601527124946	13.447666931467221	0.44925999386760845	0.08046397356979673	0.2157109900347162	931.9417310128279	122.0	7.63886664764613	-372.86686262420733
1.0	398.0	830.0	3.384282367044564	0.08259342073286358	55.41852361877429	0.3954170969445307	14.032459627833063	0.39541716250826026	0.07860901907768533	0.23420742710560388	1116.5437416477043	122.0	9.151997882358232	-356.1072710632689
2.0	408.0	830.0	2.6111831440020628	0.1808558636098546	46.80606350241568	0.18353655707211827	4.841370819905468	0.3085224495856568	0.09162735088606397	0.12173152472534296	228.14645101365787	119.0	1.9171970673416627	-509.5852491394411
2.0	408.0	830.0	2.9958882457970635	0.07132648063980981	61.23261006191138	0.7081332818761696	12.563566950230388	0.4450859781600981	0.09162735088606397	0.12173152472534296	228.14645101365787	119.0	1.9171970673416627	-509.5852491394411
2.0	418.0	830.0	2.7963890411260617	0.39596256170411237	48.093468825796066	0.28938912882948525	4.5652220761036	0.471701954014875	0.14234487975017315	0.17517389101246705	200.83682831360667	119.0	1.6877044396101402	-415.3913642252494
2.0	418.0	830.0	3.329921319612671	0.11985029957967867	61.56039690166795	1.1330849619026853	10.015069809596142	0.7607856457214337	0.14234487975017315	0.17517389101246705	200.83682831360667	119.0	1.6877044396101402	-415.3913642252494
1.0	428.0	830.0	3.975243172216705	0.11103821593827733	59.91978321968568	0.3067826269163408	9.510511142270262	0.3067824397609261	0.2302539972408713	0.2514174326839804	159.43382726765117	122.0	1.3068346497348455	-330.7286580432254
2.0	438.0	830.0	3.5654928437889684	0.4064858937787969	56.33909828214791	0.27959145977411326	3.3495122224340186	0.33916429710177654	0.40742909600121036	0.2233869259393851	47.22024148886989	119.0	0.39680875200731	-333.4466117810424
2.0	438.0	830.0	3.0063388805125286	0.13314593673148148	68.15922730926009	0.980257408674806	7.410621247135337	0.8208393605471218	0.40742909600121036	0.2233869259393851	47.22024148886989	119.0	0.39680875200731	-333.4466117810424
2.0	448.0	830.0	3.3637200590400633	0.22520225496553611	56.11285243121805	0.19723679834731786	2.740032089826516	0.22191324349930036	0.0741998197265561	0.22513170288232115	1185.5308013079725	119.0	9.962443708470357	-356.3325064904868
2.0	448.0	830.0	3.2698365729987047	0.11543435887025033	70.18213666227967	0.43463898800580364	7.580146744902644	0.4672510182683138	0.0741998197265561	0.22513170288232115	1185.5308013079725	119.0	9.962443708470357	-356.3325064904868
2.0	458.0	830.0	0.293335196828612	0.15887924771695727	11.537690433883727	2.933005605654274	4.680736849523783	2.932907829378905	0.07895005608564923	0.2573990429155819	1334.4260543374824	119.0	11.213664322163718	-326.0302401591973
2.0	458.0	830.0	3.2910114516965896	0.11173264144839538	68.97715433142567	0.3714971260981515	9.476436115534346	0.37149717277348443	0.07895005608564923	0.2573990429155819	1334.4260543374824	119.0	11.213664322163718	-326.0302401591973
2.0	468.0	830.0	0.22148699336566446	0.11452142943304894	12.771349310039243	4.386658681180529	7.355661720950554	4.386706705983784	0.08510864618014508	0.23233099378447758	935.6584991289236	119.0	7.862676463268266	-351.6276950196239
2.0	468.0	830.0	3.487932323919335	0.10505979885686441	68.4142964195127	0.30376474599563114	8.733225377354977	0.30376502583585996	0.08510864618014508	0.23233099378447758	935.6584991289236	119.0	7.862676463268266	-351.6276950196239
1.0	478.0	830.0	3.8082145742673306	0.10514018724631871	65.09287192788996	0.29210270908125496	9.16283409238289	0.29210275582804257	0.07304124049013064	0.23976439203957056	1368.476220670818	122.0	11.21701820221982	-349.0403379290945
1.0	488.0	830.0	4.351549865594126	0.11677919585202923	61.88448745039653	0.2915619752009812	9.40850461023101	0.29156190738613014	0.06584765905727787	0.2608357570130439	2133.031785138024	122.0	17.48386709129528	-319.4796149283872
1.0	498.0	830.0	4.653589778085246	0.12036418296963952	60.5842328645625	0.23834032890351592	7.979543608191376	0.2383401626690396	0.07987270353149158	0.25455026585814045	1306.2208887271684	122.0	10.70672859612433	-332.5078178667245
1.0	508.0	830.0	4.782402314287389	0.11284235322143917	61.18088251631783	0.1869549309950295	6.862209626345413	0.18695502382368753	0.14298014160620368	0.2009705814818393	308.0742103017627	122.0	2.525198445096416	-367.50901216462415
1.0	518.0	830.0	5.132056745437836	0.12421150906508631	62.03093533208101	0.17580915536978542	6.29046199905766	0.17580907079550145	0.1465481261982582	0.18256251574619145	325.74066608959555	122.0	2.6700054597507834	-354.37687141323704
1.0	528.0	830.0	4.910107854059809	0.1113058376062484	62.235518091553345	0.16534779863196386	6.317064809740151	0.1653478550684883	0.12002053461134884	0.16169779221941458	391.6019223124452	122.0	3.2098518222331576	-381.28159699346077
1.0	538.0	830.0	4.350862273861907	0.09102304271551052	62.841559327122624	0.16487035533324262	6.825696295681942	0.1648705381806072	0.12417162133124436	0.15926314012014314	264.3536119410882	122.0	2.1668328847630183	-421.9009182261695
1.0	548.0	830.0	3.817264116756256	0.09661308932804318	64.5654889113817	0.20764504267748635	7.10574920115619	0.20764522295812954	0.13290309359934294	0.17880474644626618	270.6434414318681	122.0	2.21838886419564	-401.97269609762503
1.0	558.0	830.0	4.040647192272672	0.08211777593339696	65.05456469431245	0.15496948682222506	6.6033822020749104	0.1549693989586133	0.11384744543274004	0.15101390713923069	247.64165974189063	122.0	2.029849670015497	-451.76535073777063
1.0	568.0	830.0	4.270535833351371	0.07540166767212006	64.00130374396974	0.13129269199957821	6.439754069078112	0.13129268002441102	0.0848719257685466	0.14527883047583115	366.3690583444996	122.0	3.0030250683975375	-476.2370480907089
1.0	578.0	830.0	3.686662201881707	0.059029832375939506	63.583628034452325	0.13061850207684966	7.0646954493717224	0.13061849220256322	0.0697347251821095	0.11864734772178168	364.8835810764955	122.0	2.990849025217176	-525.8561428360327
1.0	588.0	830.0	2.678418117752256	0.054086428485129984	64.17225121176521	0.19825447726149695	8.502973722236193	0.198254562800274	0.0921334357426192	0.11771281296559943	211.2070038230626	122.0	1.7312049493693655	-524.5637190533424
2.0	618.0	830.0	1.0025349055250736	0.06550149929245097	48.07248835332838	0.3381107388996291	4.165912113552082	0.34470902764724054	0.07744055331773961	0.10010444781363873	209.15977101343273	119.0	1.7576451345666617	-562.5012236709912
2.0	618.0	830.0	2.2631927578189344	0.05057497520716968	69.68233490612734	0.19498933037508512	7.3038920743590126	0.21144190007870955	0.07744055331773961	0.10010444781363873	209.15977101343273	119.0	1.7576451345666617	-562.5012236709912
2.0	628.0	830.0	1.0874154048848208	0.0706255469654046	48.05448934879255	0.3940696917591495	4.386486458219282	0.3901800643333184	0.06419916080570795	0.10819170037738783	357.19892958836783	119.0	3.001671677213175	-542.4820311988732
2.0	628.0	830.0	2.2014499090178963	0.054085801451236676	67.63124357604701	0.25844599677454294	7.688988508976465	0.28585427498178567	0.06419916080570795	0.10819170037738783	357.19892958836783	119.0	3.001671677213175	-542.4820311988732
2.0	638.0	830.0	0.5248133303501135	0.07667865180643042	8.799778216377028	0.9728369116381351	5.763534078707255	0.972840616866259	0.07908960862307134	0.137909415825025	381.0120353421624	119.0	3.2017818095980033	-482.26692806542826
2.0	638.0	830.0	2.3175399628368205	0.0575157990518457	61.573009967496695	0.2936527813792983	10.24723055138771	0.2936568020570807	0.07908960862307134	0.137909415825025	381.0120353421624	119.0	3.2017818095980033	-482.26692806542826
2.0	648.0	830.0	1.1759224915420592	0.08015083126888771	10.418885042304424	0.3903458459840176	4.958724545107845	0.39034592847774907	0.08956941084975967	0.13281650078680451	279.20322088531213	119.0	2.3462455536580853	-490.0202179021436
2.0	648.0	830.0	2.4379226977552024	0.05793553829064072	59.888367249131555	0.2604619806676108	9.491840141957779	0.2604631623158186	0.08956941084975967	0.13281650078680451	279.20322088531213	119.0	2.3462455536580853	-490.0202179021436
2.0	658.0	830.0	1.0819100147247531	0.06837828490258946	13.71122570124013	0.47361611138761633	6.487912745104564	0.4740210696485912	0.10224211983230862	0.12432475013318482	203.96488010513264	119.0	1.7139905891187617	-496.1867635924236
2.0	658.0	830.0	1.9883041674285549	0.05539104300358446	58.78662317513179	0.3181200509557989	9.890873687993286	0.3184955630380695	0.10224211983230862	0.12432475013318482	203.96488010513264	119.0	1.7139905891187617	-496.1867635924236
2.0	668.0	830.0	0.8442301532184903	0.06869240972805354	19.498127763699756	0.5716420590692215	6.061081638700691	0.5752968980675722	0.07019499282552666	0.12519629365351823	407.2699832970195	119.0	3.4224368344287353	-503.7623878040523
2.0	668.0	830.0	1.9053948068758833	0.05370524211469142	57.9784061765861	0.3239497942647454	9.958411619275717	0.3275852712365749	0.07019499282552666	0.12519629365351823	407.2699832970195	119.0	3.4224368344287353	-503.7623878040523
2.0	678.0	830.0	0.6108754839363794	0.07358855798989326	24.356868552820952	0.9371878522395968	6.670618226663617	0.9542004128510826	0.07952647427810244	0.14201418114149378	398.87624470321373	119.0	3.3519012159933927	-475.1622778574612
2.0	678.0	830.0	2.132125989380586	0.06383980829228204	58.987636504176116	0.3094920908177525	8.928763552501914	0.317746501669586	0.07952647427810244	0.14201418114149378	398.87624470321373	119.0	3.3519012159933927	-475.1622778574612
2.0	688.0	830.0	0.4341404255534411	0.06959846098647189	28.69703764209512	1.2664381234590847	6.806991522015047	1.2894817140869912	0.09374753536248313	0.13370682785998958	261.5087815953495	119.0	2.197552786515542	-486.8063456710545
2.0	688.0	830.0	2.8543586335569002	0.06444935477835159	61.96176338894087	0.20806546974696633	7.9594837478637075	0.2126444792560847	0.09374753536248313	0.13370682785998958	261.5087815953495	119.0	2.197552786515542	-486.8063456710545
1.0	698.0	830.0	3.880311656155014	0.09709173263004833	63.22787994845932	0.1808598492592777	6.2590481919447924	0.18085962175061132	0.07665503081957288	0.17556328958350484	723.8316229160275	122.0	5.933046089475636	-416.5793776656894
1.0	708.0	830.0	3.7844521915873965	0.10843620584896346	64.06098785199066	0.181836849076514	5.49534960371839	0.18183658862276728	0.08438157397428943	0.19068595706755323	654.1733258119507	122.0	5.362076441081563	-405.21922936136576
3.0	718.0	830.0	1.044051086814147	0.06390096652990894	52.3157171505611	0.659954173625554	5.3841548032802375	0.6510913298283069	0.08849211205843309	0.09611255696906675	180.11732045102636	116.0	1.5527355211295375	-540.9834124702733
3.0	718.0	830.0	3.5303651940955385	0.0923946283333933	64.89175641315586	0.1526661884712414	3.436135363703017	0.18668525139241493	0.08849211205843309	0.09611255696906675	180.11732045102636	116.0	1.5527355211295375	-540.9834124702733
3.0	718.0	830.0	0.6577435667325779	0.07318845285524729	76.18683210798721	0.8432112788538442	4.008567782269748	0.8290338983424967	0.08849211205843309	0.09611255696906675	180.11732045102636	116.0	1.5527355211295375	-540.9834124702733
3.0	728.0	830.0	1.1902599156283598	0.18967013594679874	55.32365969036951	2.5810534183891938	8.397841406060659	1.3496313479814301	0.06867909677281443	0.08848019160777247	209.83468424441813	116.0	1.8089196917622252	-585.2615979895205
3.0	728.0	830.0	1.981288130040302	0.18089610840134437	64.11492084611974	0.1351316167024615	2.2634599333059273	0.19453974439991265	0.06867909677281443	0.08848019160777247	209.83468424441813	116.0	1.8089196917622252	-585.2615979895205
3.0	728.0	830.0	0.5140122606929615	0.2754569515720773	71.3381910959787	5.644454978737248	7.132156180369606	2.880793737781956	0.06867909677281443	0.08848019160777247	209.83468424441813	116.0	1.8089196917622252	-585.2615979895205
3.0	798.0	830.0	2.7560290043310527	0.05673425355771925	47.95800897431665	0.5265435795709652	7.82637417690046	0.41474694313109195	0.0799726420126937	0.0979778996982454	196.72783540418274	116.0	1.6959296155532995	-555.2640157616204
3.0	798.0	830.0	1.0149271351494638	0.20249894139266816	58.565461829690996	0.34996293508056264	3.016315131762936	0.5175047930446984	0.0799726420126937	0.0979778996982454	196.72783540418274	116.0	1.6959296155532995	-555.2640157616204
3.0	798.0	830.0	0.8992483998043143	0.06904346210623619	71.94869691015045	0.4346713623856476	4.4340659728578204	0.4525275692607946	0.0799726420126937	0.0979778996982454	196.72783540418274	116.0	1.6959296155532995	-555.2640157616204
2.0	808.0	830.0	3.65016021919287	0.05050945611961025	50.066790063378534	0.14019592078540252	8.471023135865789	0.15305556546845683	0.09831320363850743	0.09636572426408371	149.29010258541018	119.0	1.254538677188321	-544.9901617352081
2.0	808.0	830.0	0.7717732127155773	0.07651847804924784	72.0156662975662	0.4314302403870744	3.5513518682285454	0.4378325644995638	0.09831320363850743	0.09636572426408371	149.29010258541018	119.0	1.254538677188321	-544.9901617352081
2.0	818.0	830.0	2.8041850688868464	2.5877773891849363	47.72304770417497	2.9220590255745207	8.018374493534418	1.0689568392203965	0.08511436739465496	0.10064491043082871	181.79910483049684	119.0	1.5277235700041751	-556.4044275560587
2.0	818.0	830.0	1.4005401337472894	1.785626171168898	58.99528780825645	14.379045855291178	9.754160415402554	4.5649597047169586	0.08511436739465496	0.10064491043082871	181.79910483049684	119.0	1.5277235700041751	-556.4044275560587
2.0	828.0	830.0	1.5763561086712372	0.18903447485028171	40.14527826215036	0.36281053931949825	4.788718254166654	0.39052619394488264	0.08831215275648521	0.09035721627703988	130.93160027342122	119.0	1.1002655485161448	-588.212358948336
2.0	828.0	830.0	3.1836925997648318	0.05656929385750907	54.26639011640507	0.54545140845865	9.118095778846001	0.3909693549329368	0.08831215275648521	0.09035721627703988	130.93160027342122	119.0	1.1002655485161448	-588.212358948336
2.0	838.0	830.0	2.383279931293148	0.1367010928938074	41.158050339065575	0.6398767097439436	6.495869862395044	0.39088869202738413	0.08285502007495892	0.0985734860351748	177.98277929029518	119.0	1.4956536074814721	-565.7822389020731
2.0	838.0	830.0	2.821706483289118	0.09503207829636787	57.06620204905426	0.6340051711232101	7.412023742812677	0.4129076079176277	0.08285502007495892	0.0985734860351748	177.98277929029518	119.0	1.4956536074814721	-565.7822389020731
2.0	848.0	830.0	2.641778954175378	0.06311246488694622	41.837093241282986	0.41538563918326743	6.744368018644513	0.3263695910148667	0.08257890115695465	0.10114030337934803	187.58626652810236	119.0	1.576355180908423	-560.0477655417728
2.0	848.0	830.0	2.4378229164555094	0.07366453829422287	58.57428911772757	0.42105961556760957	6.224798264071778	0.3187772168671171	0.08257890115695465	0.10114030337934803	187.58626652810236	119.0	1.576355180908423	-560.0477655417728
2.0	858.0	830.0	3.117643995944593	0.0872570738731131	41.09316362789924	0.18534660253151522	4.3156450485920645	0.17092643963746357	0.09648069655297094	0.12104702223588228	198.17474329298975	119.0	1.6653339772520146	-514.2867864269859
2.0	858.0	830.0	2.123082846062548	0.06369304472576412	57.37927357464762	0.36449804129206476	6.910188119770391	0.3771229609825797	0.09648069655297094	0.12104702223588228	198.17474329298975	119.0	1.6653339772520146	-514.2867864269859
2.0	868.0	830.0	3.234274507751762	0.09896509770978722	41.25796322328927	0.14124784762731182	3.6368661753953395	0.13996485551570093	0.08732525982876543	0.11643981532015844	229.23750750189996	119.0	1.9263656092596635	-521.0114038802623
2.0	868.0	830.0	1.5174751031623928	0.059991130623558	56.923787426922765	0.49994456801913334	7.4837298847826865	0.5291062378526249	0.08732525982876543	0.11643981532015844	229.23750750189996	119.0	1.9263656092596635	-521.0114038802623
2.0	878.0	830.0	2.675663413614742	0.09202908387716506	42.54080993860936	0.21095044270782332	4.364268348043563	0.21643733668941523	0.10016658657511979	0.11058799834405779	256.2270119604505	119.0	2.1531681677348784	-472.7995289448098
2.0	878.0	830.0	1.0888636118049875	0.08361723578935072	59.28880571818503	0.5744635451943271	5.504809526678306	0.6252635577279275	0.10016658657511979	0.11058799834405779	256.2270119604505	119.0	2.1531681677348784	-472.7995289448098
2.0	908.0	830.0	3.1179774980291417	0.09552894985708718	42.94537200414114	0.18746555134931736	5.289574252434269	0.19153395472923426	0.10502343621607242	0.16177808875367228	304.1917615303825	119.0	2.5562332901712814	-439.51300354331795
2.0	908.0	830.0	0.6738973027310288	0.10706294472878924	64.38699373315636	0.7739218118363161	4.192125233953495	0.7865630943603045	0.10502343621607242	0.16177808875367228	304.1917615303825	119.0	2.5562332901712814	-439.51300354331795
1.0	918.0	830.0	3.428541642014044	0.11200488676340388	42.048105346793896	0.20777806964873044	5.508306694984233	0.20777816942872065	0.10695881379140167	0.15954474608983982	435.37371220958545	122.0	3.568636985324471	-396.84147992791384
2.0	978.0	830.0	0.6122162287643658	0.1650663128087353	-4.320313940315463	3.3908932609966818	9.747427250313558	3.5052935598470985	0.36105376468786626	0.34055884385548596	142.10658425480608	119.0	1.1941729769311435	-225.93728135348874
2.0	978.0	830.0	1.7476398053865951	0.1433315708933109	37.7905171499586	1.374078441930291	13.480126420025638	1.5016109220099683	0.36105376468786626	0.34055884385548596	142.10658425480608	119.0	1.1941729769311435	-225.93728135348874
2.0	8.0	840.0	1.3946116006303155	0.11502064916150215	37.875522253786784	0.8656801741396446	8.597730048340491	0.9513157192293902	0.2519052775994163	0.23924486944795942	119.17570029902944	119.0	1.0014764731010877	-337.9280292623347
2.0	8.0	840.0	2.470774424335494	0.15308937448638796	61.65302508805175	0.3635003777853731	4.614755106412745	0.36842427106310627	0.2519052775994163	0.23924486944795942	119.17570029902944	119.0	1.0014764731010877	-337.9280292623347
2.0	208.0	840.0	1.682228751988617	0.0897163697669303	30.325059536545787	0.3441984484031957	5.422258679608948	0.3495434258044703	0.07851670480905344	0.14971871574986687	496.9541058764919	119.0	4.176084923331865	-450.8761119938028
2.0	208.0	840.0	1.2556873955603642	0.06649886202760537	62.45219262192882	0.6232064972239749	10.122526460838875	0.6539707240894583	0.07851670480905344	0.14971871574986687	496.9541058764919	119.0	4.176084923331865	-450.8761119938028
1.0	258.0	840.0	3.1737116547953637	0.13136379494992154	62.402674811872274	0.17174576419443066	3.593029670799331	0.1717452760966691	0.1069763870545708	0.14900936298683504	390.5544443820464	122.0	3.2012659375577575	-410.3800820902256
4.0	268.0	840.0	0.5150491604007094	0.08397664480931848	1.7657228540299819	0.3857580295610189	2.042050059687061	0.384504752280807	0.07597780602638257	0.08751121033901785	167.07200916429383	113.0	1.4785133554362286	-581.2788906950962
4.0	268.0	840.0	0.39047216957406544	0.05731016693709267	18.63417869769942	0.7467565651139476	4.405632177360635	0.7493847122793188	0.07597780602638257	0.08751121033901785	167.07200916429383	113.0	1.4785133554362286	-581.2788906950962
4.0	268.0	840.0	3.472911877632886	0.06487617923740649	61.57142284090396	0.10023092088632642	3.7079461193270706	0.09734177677255201	0.07597780602638257	0.08751121033901785	167.07200916429383	113.0	1.4785133554362286	-581.2788906950962
4.0	268.0	840.0	0.527291328937308	0.05002310906774841	77.03788070979822	0.8668550015877001	6.202123775556215	0.9451492669158562	0.07597780602638257	0.08751121033901785	167.07200916429383	113.0	1.4785133554362286	-581.2788906950962
3.0	278.0	840.0	0.9480138355953502	0.09379610956840131	1.645791958947466	0.23676566040850344	2.0712775574636946	0.23623301192955165	0.07821256600145389	0.09992161763841902	204.43302410900657	116.0	1.7623536561121256	-556.0251867963451
3.0	278.0	840.0	3.269607367827434	0.06469266152053364	59.699483706617386	0.13363544800269694	4.430534752536243	0.13329811122861904	0.07821256600145389	0.09992161763841902	204.43302410900657	116.0	1.7623536561121256	-556.0251867963451
3.0	278.0	840.0	0.5916001794702086	0.058485431997808444	75.91768216132252	0.823815725156522	5.613922624944602	0.8826183129844322	0.07821256600145389	0.09992161763841902	204.43302410900657	116.0	1.7623536561121256	-556.0251867963451
3.0	288.0	840.0	1.264002538007776	0.09036123557121988	1.8683072650790016	0.2081855945616058	2.5219327873552353	0.2081721143233058	0.06715697734336447	0.09789296622609142	312.93089478902203	116.0	2.6976801274915694	-540.906815574915
3.0	288.0	840.0	3.957962390289881	0.0723294682325122	57.64541826432064	0.09574079708418108	3.9773574863941414	0.09930815213371715	0.06715697734336447	0.09789296622609142	312.93089478902203	116.0	2.6976801274915694	-540.906815574915
3.0	288.0	840.0	0.8135410009707124	0.06468939831829561	73.93442754521013	0.5232801406332762	5.171285686485834	0.5717788499790764	0.06715697734336447	0.09789296622609142	312.93089478902203	116.0	2.6976801274915694	-540.906815574915
3.0	298.0	840.0	1.336063660530297	0.0928512082330546	1.4411995729132259	0.28222163503878006	3.516123029419914	0.28221996445355163	0.07821538030700116	0.11302417706435458	339.64935703624843	116.0	2.9280116985883486	-492.5570198573655
3.0	298.0	840.0	4.839711893706469	0.0878747046042366	57.25725699794472	0.08518128641421775	3.9972714869815755	0.08850931340909167	0.07821538030700116	0.11302417706435458	339.64935703624843	116.0	2.9280116985883486	-492.5570198573655
3.0	298.0	840.0	1.0693180498727504	0.08729711133970083	74.07831259470332	0.3880842316838482	4.053130930470208	0.4035773757277618	0.07821538030700116	0.11302417706435458	339.64935703624843	116.0	2.9280116985883486	-492.5570198573655
4.0	308.0	840.0	0.9335582544043002	0.06641813082959838	0.8286642333328347	0.4257655290203218	5.182697773858824	0.42576551419612557	0.09474897906971247	0.10618672688340616	170.02478533278378	113.0	1.504644117989237	-523.8915275816661
4.0	308.0	840.0	0.8581374139034049	0.08603205768809305	44.36392825655216	0.41738128731589447	3.122891612846005	0.43331454007896225	0.09474897906971247	0.10618672688340616	170.02478533278378	113.0	1.504644117989237	-523.8915275816661
4.0	308.0	840.0	4.649951063706761	0.07817529249441339	57.204183102132944	0.0928358758888988	4.022553064748294	0.11537927137954937	0.09474897906971247	0.10618672688340616	170.02478533278378	113.0	1.504644117989237	-523.8915275816661
4.0	308.0	840.0	1.217501745311145	0.06868373103419324	73.08977301607645	0.38627264847332105	5.109288893340633	0.4218326915292607	0.09474897906971247	0.10618672688340616	170.02478533278378	113.0	1.504644117989237	-523.8915275816661
5.0	318.0	840.0	0.5134476652505897	0.06332387892791443	-0.09956222624382408	2.177020891636816	7.7620325657901965	1.7832020866713767	0.08181021375256968	0.10219350225393081	267.3250359787398	110.0	2.430227599806725	-496.415682450991
5.0	318.0	840.0	0.39793003565374085	0.16919964347871683	9.995508342094634	0.780610893513716	2.368247093492151	1.1466819951328024	0.08181021375256968	0.10219350225393081	267.3250359787398	110.0	2.430227599806725	-496.415682450991
5.0	318.0	840.0	1.0150615649400372	0.13776240297365516	45.667353236269435	0.6530001366295436	3.9572942201837273	0.636684530297951	0.08181021375256968	0.10219350225393081	267.3250359787398	110.0	2.430227599806725	-496.415682450991
5.0	318.0	840.0	3.3302562605953296	0.23659095859283932	56.38000649230226	0.18034384557086677	3.3494824385788187	0.23266052764068948	0.08181021375256968	0.10219350225393081	267.3250359787398	110.0	2.430227599806725	-496.415682450991
5.0	318.0	840.0	1.401055711536029	0.06463303150588487	68.37780870579964	1.6195211509640426	10.619859155766127	1.2237499743688391	0.08181021375256968	0.10219350225393081	267.3250359787398	110.0	2.430227599806725	-496.415682450991
2.0	328.0	840.0	3.771008774813032	0.13888889810502317	55.09993366316968	0.33179244065222224	5.266786863660142	0.29460904206566385	0.32277763084129957	0.15618437879923713	54.35439048836364	119.0	0.45675958393582894	-374.0845893129463
2.0	328.0	840.0	1.4841365345642907	0.10734709623593448	73.18248424451096	1.0425711909858086	7.391492387621547	1.0308557282346462	0.32277763084129957	0.15618437879923713	54.35439048836364	119.0	0.45675958393582894	-374.0845893129463
2.0	338.0	840.0	4.491320735981493	0.13203264542485293	54.36128600151651	0.23471736888704198	5.808475288947361	0.2486307716998415	0.36105376468786626	0.17051651757215433	53.13401378979774	119.0	0.4465043175613256	-348.9072920036467
2.0	338.0	840.0	1.8070535561812113	0.13068434014412908	74.58257150674692	0.589808873723878	5.959690429841265	0.6289299844328525	0.36105376468786626	0.17051651757215433	53.13401378979774	119.0	0.4465043175613256	-348.9072920036467
3.0	348.0	840.0	1.3174191960664166	0.1062208648677644	31.848396363415933	0.5432040395014783	5.362572451054342	0.5712189121186768	0.36105376468786626	0.1375105381474971	31.241468154094715	116.0	0.2693230013284027	-408.4378095631778
3.0	348.0	840.0	4.775669018504421	0.10087157499003296	54.34755668691879	0.1775964191367104	6.473373234847284	0.2223691456661804	0.36105376468786626	0.1375105381474971	31.241468154094715	116.0	0.2693230013284027	-408.4378095631778
3.0	348.0	840.0	1.8975999540260133	0.10294630847783778	75.78098145873138	0.4235193367996198	5.720010407046992	0.4447310898704951	0.36105376468786626	0.1375105381474971	31.241468154094715	116.0	0.2693230013284027	-408.4378095631778
5.0	358.0	840.0	0.5752538743405479	0.1577678974183505	12.18536145821382	0.6174405916719965	1.9366737742188995	0.6103626280127701	0.10171384201842378	0.14271406660418307	305.58216330311126	110.0	2.7780196663919203	-425.25618096208694
5.0	358.0	840.0	2.0419466957684103	0.09205952576864505	33.774902636533305	0.3776365211387168	5.827125980949443	0.3899193014147301	0.10171384201842378	0.14271406660418307	305.58216330311126	110.0	2.7780196663919203	-425.25618096208694
5.0	358.0	840.0	4.280786413091721	0.08872512853729791	55.5071305097604	0.19083846489454323	6.946170295922263	0.23843616120257338	0.10171384201842378	0.14271406660418307	305.58216330311126	110.0	2.7780196663919203	-425.25618096208694
5.0	358.0	840.0	1.5271360855554919	0.531726028376452	75.64847088475015	0.8366783792726621	3.3944804683793146	0.7052114516070901	0.10171384201842378	0.14271406660418307	305.58216330311126	110.0	2.7780196663919203	-425.25618096208694
5.0	358.0	840.0	0.8426962058614517	0.1854734217702669	84.55933924385383	3.7095727646662215	5.541554283768053	2.401480794029059	0.10171384201842378	0.14271406660418307	305.58216330311126	110.0	2.7780196663919203	-425.25618096208694
4.0	368.0	840.0	2.2769198771122445	0.08709662229414514	36.687867820926236	0.3801461788155601	6.163688441228586	0.38590270157823703	0.0987361500315358	0.14480366633887148	312.84282786692904	113.0	2.7685206005922924	-437.3669227186981
4.0	368.0	840.0	3.5888192312440834	0.08827392307908762	56.796913891524234	0.23767765024245938	6.362826629400289	0.27960686307271704	0.0987361500315358	0.14480366633887148	312.84282786692904	113.0	2.7685206005922924	-437.3669227186981
4.0	368.0	840.0	0.9971761384181631	0.560940168609837	77.1866476902588	1.563991272533454	3.6888961326223475	1.1544920042057645	0.0987361500315358	0.14480366633887148	312.84282786692904	113.0	2.7685206005922924	-437.3669227186981
4.0	368.0	840.0	0.8605878954839693	0.21768853873289426	86.37580178307529	4.001966406247458	5.634778536236441	2.4545386820777964	0.0987361500315358	0.14480366633887148	312.84282786692904	113.0	2.7685206005922924	-437.3669227186981
3.0	378.0	840.0	1.8618722035308615	0.1003020078710885	38.303998832997365	0.3015927556378518	4.122276803843772	0.30186613617612124	0.0986034238272215	0.13228441907201044	286.15731877541003	116.0	2.466873437719052	-456.0686075074013
3.0	378.0	840.0	3.040298029286675	0.07918547062413164	58.04841988036733	0.27594949308456357	7.273450580499706	0.36910966203027945	0.0986034238272215	0.13228441907201044	286.15731877541003	116.0	2.466873437719052	-456.0686075074013
3.0	378.0	840.0	0.895154952491808	0.07380305804359469	82.5946759283722	0.9947832544930251	7.702034003372692	1.0341028862486965	0.0986034238272215	0.13228441907201044	286.15731877541003	116.0	2.466873437719052	-456.0686075074013
2.0	388.0	840.0	1.4549569033464336	0.1567874656387258	38.23385413829845	0.3338941267972038	2.7569798649087733	0.3652257761197739	0.11163365187951117	0.17151019448352453	341.30986715068246	119.0	2.868150144123382	-409.8616905952567
2.0	388.0	840.0	2.7598960619053168	0.0750228776209203	60.548333036727485	0.39759618631366805	11.509558195788875	0.4418627821414856	0.11163365187951117	0.17151019448352453	341.30986715068246	119.0	2.868150144123382	-409.8616905952567
2.0	398.0	840.0	1.8286316213522464	0.13852270953697035	40.88620063879428	0.3542192546064069	4.904792103145954	0.4083586846148547	0.10714948735930463	0.14440928952895304	253.84726228612158	119.0	2.133170271311946	-457.1183435357416
2.0	398.0	840.0	2.9026539948984045	0.06097693688541544	61.85630860004207	0.5329393192498665	12.015650884146519	0.5237005210392909	0.10714948735930463	0.14440928952895304	253.84726228612158	119.0	2.133170271311946	-457.1183435357416
2.0	408.0	840.0	1.8046992878831114	0.19707463391723443	43.110939702150326	0.3372791424967272	4.123388175282108	0.4962070680260613	0.07672225940035327	0.1812188778604298	698.9630500667325	119.0	5.873639076191029	-414.0184675153213
2.0	408.0	840.0	3.215631169815117	0.07130215698982276	60.70020463485298	0.6699638426776926	12.603010680324179	0.5751736893173213	0.07672225940035327	0.1812188778604298	698.9630500667325	119.0	5.873639076191029	-414.0184675153213
3.0	418.0	840.0	2.2502562334453002	0.2666841261781604	44.92626191913378	0.2706479798680874	3.608801132833986	0.4064458862107133	0.12622322243743325	0.16437954566448545	238.46601058395743	116.0	2.0557414705513573	-417.12148461639003
3.0	418.0	840.0	4.14850878667396	0.08409184867544273	58.395929832965024	0.5469478651138474	9.292902724296347	0.46533464019778104	0.12622322243743325	0.16437954566448545	238.46601058395743	116.0	2.0557414705513573	-417.12148461639003
3.0	418.0	840.0	0.8237795373302231	0.11852783740800116	88.7254496264104	0.6691228643404868	3.947174948478864	0.6755945839946612	0.12622322243743325	0.16437954566448545	238.46601058395743	116.0	2.0557414705513573	-417.12148461639003
1.0	428.0	840.0	5.115055435722725	0.10418905250560186	56.557385903931156	0.21567806018080396	9.169272761955359	0.21567797268263353	0.15975867528950044	0.23706858568860797	281.1147597799696	122.0	2.304219342458767	-351.2165646401925
1.0	438.0	840.0	5.697470968536226	0.14737718206657235	58.88884276197423	0.21705953318858584	7.26651300983311	0.217059380382499	0.29556863869695166	0.28022416253536764	130.22875765244217	122.0	1.0674488332167391	-293.5911921898681
2.0	448.0	840.0	4.512665172510272	0.48209804640933807	56.33770463480232	0.16401149353754113	3.0295954242634027	0.2537518002987452	0.1083954270375193	0.1726351738081857	458.41299035575344	119.0	3.8522100029895245	-380.34838403887863
2.0	448.0	840.0	3.354115289616856	0.14189306445639527	65.87067888125755	0.9379837889757155	6.8448583756516745	0.6728484865244654	0.1083954270375193	0.1726351738081857	458.41299035575344	119.0	3.8522100029895245	-380.34838403887863
1.0	458.0	840.0	3.6004579965653605	0.17300254294368553	64.51175416654237	0.4265522049515857	7.6862384581081855	0.426551460074001	0.10130444747868993	0.35821030497796374	1615.9918713000804	122.0	13.245835010656396	-246.48243221045053
1.0	468.0	840.0	3.6387094866731258	0.17512658040194615	65.65848879151403	0.3912310440676757	7.0389189576049525	0.3912305701381356	0.08482497228314168	0.34936319685575645	2162.7927275230218	122.0	17.72780924199198	-254.43609155742274
1.0	478.0	840.0	4.572826649779213	0.14946842542564684	63.53350179328599	0.24980775228199478	6.619506220981969	0.24980806761320776	0.12185934634693135	0.2920009027074903	717.768651766393	122.0	5.883349604642565	-301.74275356090226
2.0	488.0	840.0	0.5416115728746304	0.13801470881819597	26.455950431244567	1.5328777077155638	5.216731745058626	1.5332475774820655	0.10145413653736216	0.23628520243428933	678.0509446998088	119.0	5.697907098317721	-347.9616595051816
2.0	488.0	840.0	5.330256246598308	0.12180206127490789	61.3302157213815	0.17656994368694928	6.692010916088055	0.17661526777515912	0.10145413653736216	0.23628520243428933	678.0509446998088	119.0	5.697907098317721	-347.9616595051816
3.0	498.0	840.0	0.5111404673138371	0.05621620216218709	27.718335022000442	0.6616150329669228	5.212796728297649	0.6622366472818351	0.097839302334528	0.09204356144266759	117.84215004425738	116.0	1.015880603829805	-568.9129771677854
3.0	498.0	840.0	3.412245838348788	0.24367844466752253	56.68490264068426	0.09093489731311957	2.9881564553085003	0.16646193494125483	0.097839302334528	0.09204356144266759	117.84215004425738	116.0	1.015880603829805	-568.9129771677854
3.0	498.0	840.0	3.027737561444954	0.09500564912484424	64.68890242857921	0.5235490755349802	6.928833182030066	0.3052233317619049	0.097839302334528	0.09204356144266759	117.84215004425738	116.0	1.015880603829805	-568.9129771677854
2.0	508.0	840.0	3.7850233730370078	0.12056375422931376	57.40508202927289	0.188755554343473	3.4253055231032032	0.15270325314822325	0.11559981116075746	0.12003265717926316	143.64988291004298	119.0	1.2071418731936385	-509.3102205417838
2.0	508.0	840.0	2.54420666860564	0.08001169531220412	68.18555588140589	0.3598175078215524	4.695885812217014	0.3220364594056749	0.11559981116075746	0.12003265717926316	143.64988291004298	119.0	1.2071418731936385	-509.3102205417838
2.0	518.0	840.0	4.141263765797817	0.18964623553563215	57.804391427969094	0.22601200433685414	3.624207992069711	0.16328688149493353	0.11044845307679353	0.1212645222663575	164.66548525544871	119.0	1.3837435735751993	-503.6394347286355
2.0	518.0	840.0	2.4251619871632255	0.08971791750474643	68.29546095859853	0.5744924093019687	5.188952635382606	0.4471524884925327	0.11044845307679353	0.1212645222663575	164.66548525544871	119.0	1.3837435735751993	-503.6394347286355
1.0	528.0	840.0	4.074525600609771	0.10687007875026135	61.382810547204194	0.21197682337992102	6.999635520444316	0.21197698286219793	0.12775132259816413	0.21092125490908734	353.0585440556494	122.0	2.8939224922594216	-378.6274051003777
1.0	538.0	840.0	3.5778559450365965	0.08228739970228752	61.664890922199206	0.1982862341190045	7.465673353534788	0.19828606819065653	0.11382068926803753	0.1696611009612377	281.2780814605623	122.0	2.3055580447587074	-435.9039854600685
2.0	548.0	840.0	1.3094437044524578	0.6149184481475491	54.77433463431306	0.8670542788530652	4.234938126928483	0.9280063950011056	0.11419077565057673	0.1307066671747542	174.54090689992486	119.0	1.4667303100834022	-488.0286502129693
2.0	548.0	840.0	2.602476511200987	0.22242372422333967	64.85027033622158	1.6503447239545186	7.290570240539825	0.9325097679155503	0.11419077565057673	0.1307066671747542	174.54090689992486	119.0	1.4667303100834022	-488.0286502129693
1.0	558.0	840.0	3.391065782485179	0.05994275372278451	63.10066757411935	0.153661985294832	7.528184538343389	0.15366196573613602	0.10092203562479271	0.12423179465463859	191.429723131028	122.0	1.5690960912379344	-514.0758683180832
1.0	568.0	840.0	4.681125733100627	0.08616378077198894	63.040832385578945	0.12725962912815078	5.987109181903379	0.1272595262467055	0.06731836664346774	0.1540539179831979	707.0218184833292	122.0	5.795260807240403	-451.9870695354764
1.0	578.0	840.0	4.444729883895512	0.09535653288653469	63.67674960264007	0.16429030851267226	6.631686934537417	0.16429025632144362	0.0687044807699391	0.17138166222228468	920.8254055191634	122.0	7.547749225566913	-413.8656260992665
1.0	588.0	840.0	3.211427943874957	0.06713488868005496	65.25235887285932	0.1925449575178529	7.976308032329559	0.19254492212809457	0.08843260443613125	0.1434660932495725	331.35560895103305	122.0	2.7160295815658446	-478.51883613640115
1.0	598.0	840.0	2.363641556243756	0.06742338185093873	65.69571156899475	0.27507049194783384	8.35116057970202	0.27507049807426776	0.06830362097368708	0.14648080105525854	586.5340191391942	122.0	4.80765589458356	-471.7085079280694
3.0	638.0	840.0	0.5000160883991412	0.070288181060703	6.311619478756493	0.8418291734160694	4.808991899613055	0.8564305243574377	0.06951008307945619	0.10741295699785684	330.6613972520955	116.0	2.8505292866559957	-525.4080035900964
3.0	638.0	840.0	0.6277750976762668	0.10364401497636111	40.95631445789905	6.211218355577867	12.128283097619839	4.223856374122847	0.06951008307945619	0.10741295699785684	330.6613972520955	116.0	2.8505292866559957	-525.4080035900964
3.0	638.0	840.0	2.242626171942633	0.30836002867403867	60.73777146126112	0.7734500837785646	7.866960947502939	0.5335709810163048	0.06951008307945619	0.10741295699785684	330.6613972520955	116.0	2.8505292866559957	-525.4080035900964
3.0	648.0	840.0	0.7788722430047829	0.07063638804653652	8.533915021079517	0.41359308991920396	3.9485321157530953	0.41470290277383554	0.07863992928796099	0.10362131033884557	218.04136211603623	116.0	1.8796669147934157	-546.6073279454298
3.0	648.0	840.0	0.6068331915120884	0.06302639088014754	31.76372785392174	0.6355046412660874	4.968289278073662	0.649605339333858	0.07863992928796099	0.10362131033884557	218.04136211603623	116.0	1.8796669147934157	-546.6073279454298
3.0	648.0	840.0	2.365530601592631	0.04782698925339387	58.3738949102687	0.21566062052538224	8.984488163434676	0.2328842659014809	0.07863992928796099	0.10362131033884557	218.04136211603623	116.0	1.8796669147934157	-546.6073279454298
4.0	658.0	840.0	0.6106560198723563	0.04608890494657685	12.018503611558934	0.5809489288724329	6.335856909025772	0.6298315573835789	0.07024096794050423	0.08246348985116848	174.25365306903308	113.0	1.542067726274629	-595.6453884524615
4.0	658.0	840.0	0.6971252949778851	0.052989119841745376	32.7665224292903	0.4566745110105853	4.684005878881845	0.5025571859817904	0.07024096794050423	0.08246348985116848	174.25365306903308	113.0	1.542067726274629	-595.6453884524615
4.0	658.0	840.0	2.2488525656887792	0.046067036409169336	56.81690581774906	0.2520296944369839	6.934164163784104	0.2911016014154246	0.07024096794050423	0.08246348985116848	174.25365306903308	113.0	1.542067726274629	-595.6453884524615
4.0	658.0	840.0	0.9785256182051464	0.07497729017575779	71.58977133698694	0.3756120182507942	3.6941277924101437	0.35464482652662904	0.07024096794050423	0.08246348985116848	174.25365306903308	113.0	1.542067726274629	-595.6453884524615
3.0	668.0	840.0	0.6398878957628419	0.06362120182139251	18.092667973370002	0.545495873326476	4.466634277355987	0.5865460130231224	0.07326410431176139	0.0967959525200357	222.66271921699294	116.0	1.9195062001464909	-561.6878550132795
3.0	668.0	840.0	0.7621797543017697	0.06704241807567364	33.9838164983218	0.4463139235342243	3.9692491297714056	0.4876097285400398	0.07326410431176139	0.0967959525200357	222.66271921699294	116.0	1.9195062001464909	-561.6878550132795
3.0	668.0	840.0	2.1277410442840483	0.04631527794509487	58.21573114500916	0.21637007619207865	8.456592114071494	0.23189709914507323	0.07326410431176139	0.0967959525200357	222.66271921699294	116.0	1.9195062001464909	-561.6878550132795
3.0	678.0	840.0	0.6331468500322869	0.06736656031160276	19.337011576880087	0.5658894678840362	3.9312520364021433	0.588935129817583	0.07349188584900265	0.09813986743411533	223.29410848223287	116.0	1.9249492110537316	-560.557846810178
3.0	678.0	840.0	0.764942159921128	0.06225935078552587	34.71176352342676	0.5225829276911715	4.805763845990839	0.6176809839205647	0.07349188584900265	0.09813986743411533	223.29410848223287	116.0	1.9249492110537316	-560.557846810178
3.0	678.0	840.0	2.374721778650549	0.04911896535141856	58.210112765274474	0.1913738706482064	7.657505620433234	0.20849219286020607	0.07349188584900265	0.09813986743411533	223.29410848223287	116.0	1.9249492110537316	-560.557846810178
2.0	688.0	840.0	0.6035933038922503	0.05104618623506769	32.05171931953296	1.1840089786656827	10.035769429362205	1.289081936717422	0.06984557325563479	0.11713810994957824	356.3898868430033	119.0	2.9948729986807	-521.6913304134879
2.0	688.0	840.0	2.74696202220267	0.057570847542845825	61.23519933695225	0.22855691290912145	7.543957869230333	0.23068111654945095	0.06984557325563479	0.11713810994957824	356.3898868430033	119.0	2.9948729986807	-521.6913304134879
2.0	698.0	840.0	0.6350447872282934	0.05698954704538345	35.744174978127816	1.2629947529981853	10.404105747316958	1.3953457997053063	0.08670389950178398	0.1235346619570238	295.21938460316557	119.0	2.4808351647324836	-491.17661299835953
2.0	698.0	840.0	3.2550491837591644	0.07147294052258697	63.3375095050708	0.1936999616944558	6.3343435084289075	0.19269632316362548	0.08670389950178398	0.1235346619570238	295.21938460316557	119.0	2.4808351647324836	-491.17661299835953
3.0	708.0	840.0	0.6181360268369104	0.06005046431202087	32.03127353443371	0.7461728074539393	6.104288527213613	0.8211140794206355	0.09239888306853793	0.10178362777645418	166.95321673861076	116.0	1.4392518684362996	-539.6698926389998
3.0	708.0	840.0	1.02945574903313	0.07230140670378594	50.44047529331705	0.44757604179873184	4.086384151043355	0.5238122529086586	0.09239888306853793	0.10178362777645418	166.95321673861076	116.0	1.4392518684362996	-539.6698926389998
3.0	708.0	840.0	3.4549300388069617	0.06965791163481659	64.2928669334397	0.1384166320148949	4.438116576008723	0.14453597323710596	0.09239888306853793	0.10178362777645418	166.95321673861076	116.0	1.4392518684362996	-539.6698926389998
3.0	718.0	840.0	0.5715103916110842	0.08283234763556332	29.163985953617992	0.47218521209584163	2.7922883833014076	0.4752661469641416	0.08827651603308638	0.09867919433485112	168.43285162033445	116.0	1.4520073415546073	-549.9771451473584
3.0	718.0	840.0	1.2656227571270484	0.05655624023997235	51.41418185648155	0.537395377700877	6.5598303520555765	0.5664253904965925	0.08827651603308638	0.09867919433485112	168.43285162033445	116.0	1.4520073415546073	-549.9771451473584
3.0	718.0	840.0	3.151513963823371	0.09729110924618942	64.91751232986223	0.12889757082066883	3.3125272068832734	0.12526212599035372	0.08827651603308638	0.09867919433485112	168.43285162033445	116.0	1.4520073415546073	-549.9771451473584
4.0	728.0	840.0	0.3322600569287803	0.07415966641175119	27.948876090166678	0.7589368312605418	2.901472109142703	0.7895984466617001	0.08234324593825174	0.0883412698545412	154.09555589408697	113.0	1.3636774857883802	-571.2716005908188
4.0	728.0	840.0	0.6417708801851716	0.10990181590962202	40.33731754876823	0.6360149547041634	2.930048470219707	0.6154656825061532	0.08234324593825174	0.0883412698545412	154.09555589408697	113.0	1.3636774857883802	-571.2716005908188
4.0	728.0	840.0	1.601051850908276	0.06372186722059671	52.53457520035561	0.3964991012103689	5.574324813109355	0.8035142826979113	0.08234324593825174	0.0883412698545412	154.09555589408697	113.0	1.3636774857883802	-571.2716005908188
4.0	728.0	840.0	2.654665052378924	0.11697993218957436	64.76842357813345	0.2010070907363026	3.350321071119965	0.16435122248924777	0.08234324593825174	0.0883412698545412	154.09555589408697	113.0	1.3636774857883802	-571.2716005908188
3.0	798.0	840.0	2.252408920225146	0.0592331567087443	46.36002442152171	0.3914385802238287	6.948808157679619	0.3809806305907127	0.09809768963101316	0.11026837062024542	159.9517404524754	116.0	1.3788943142454777	-530.0628472884225
3.0	798.0	840.0	1.2622895366536284	0.12877703731815734	59.07643876114939	0.3528528604747315	3.1137028334916623	0.4114995365890341	0.09809768963101316	0.11026837062024542	159.9517404524754	116.0	1.3788943142454777	-530.0628472884225
3.0	798.0	840.0	0.847465787253098	0.07201659160017845	71.90066177468702	0.5454019300795777	4.6360126855764845	0.6001360444790345	0.09809768963101316	0.11026837062024542	159.9517404524754	116.0	1.3788943142454777	-530.0628472884225
3.0	808.0	840.0	1.470706657340448	0.23266048147466034	43.31500312729099	0.9487290742183996	4.540898434755887	0.5201412995931275	0.091003578378044	0.08146678831907131	116.31054470904151	116.0	1.0026771095607026	-588.6551469231745
3.0	808.0	840.0	2.4035901820809493	0.08868940916463013	54.992187324482	0.670611806647907	5.670162354010253	0.7250697082289393	0.091003578378044	0.08146678831907131	116.31054470904151	116.0	1.0026771095607026	-588.6551469231745
3.0	808.0	840.0	0.811787129810213	0.06192788208905173	71.157104401457	0.6949130597233463	4.509752517425844	0.5999869278563471	0.091003578378044	0.08146678831907131	116.31054470904151	116.0	1.0026771095607026	-588.6551469231745
3.0	818.0	840.0	1.6675625617757546	0.11030537362910738	42.53236663514816	0.39757029555310147	4.710670920732188	0.33456995950931545	0.08972380642930618	0.07995146128997802	103.70900424507484	116.0	0.8940431400437486	-606.5301682645347
3.0	818.0	840.0	2.2985316503102515	0.37330506663412505	53.7517363360753	0.22458074435702186	3.645325713728762	0.3484173936155431	0.08972380642930618	0.07995146128997802	103.70900424507484	116.0	0.8940431400437486	-606.5301682645347
3.0	818.0	840.0	1.2213481839680589	0.1250244435526111	62.613191273445885	2.345013012788938	8.357225176969022	1.3365959393394156	0.08972380642930618	0.07995146128997802	103.70900424507484	116.0	0.8940431400437486	-606.5301682645347
2.0	828.0	840.0	1.4349413450569037	0.11636479789352104	38.83875677684696	0.36138272991055853	4.067780113541237	0.36433738083379724	0.08201924098746509	0.11747852285823462	256.44638838863574	119.0	2.155011667131393	-522.6627521902733
2.0	828.0	840.0	2.831773769917156	0.056077643037017	54.75322218781166	0.36012968416659796	8.423387118900425	0.35003879538016186	0.08201924098746509	0.11747852285823462	256.44638838863574	119.0	2.155011667131393	-522.6627521902733
2.0	838.0	840.0	1.6333175854801698	0.07586067799694124	38.155704897146535	0.39233443626413955	5.185789161657927	0.32977641800640495	0.09670737006914691	0.09263784680293	131.9295483446498	119.0	1.108651666761763	-564.5602617291074
2.0	838.0	840.0	3.001887769219848	0.0498502028363383	55.36951503806408	0.2850834101872606	7.592012247389418	0.26615002465436954	0.09670737006914691	0.09263784680293	131.9295483446498	119.0	1.108651666761763	-564.5602617291074
2.0	848.0	840.0	2.077651688723902	0.06911918445142887	42.87932695925053	0.850179634242707	8.354019005535909	0.6691606900910066	0.09913224008639075	0.10789916910789739	203.68450388764765	119.0	1.7116344864508206	-504.0809622972612
2.0	848.0	840.0	2.544954994912741	0.1697431190893886	58.702350618149914	0.39921263709469895	5.281250537471984	0.30918206744380794	0.09913224008639075	0.10789916910789739	203.68450388764765	119.0	1.7116344864508206	-504.0809622972612
2.0	858.0	840.0	2.7932257456211818	0.08074590966888409	42.797632012196836	0.2725015678700267	5.853673151212166	0.2852882235971985	0.11267722701343817	0.12995140728618068	201.56066880424848	119.0	1.6937871328088108	-473.37303643047454
2.0	858.0	840.0	2.7826957869270155	0.08968312941693529	59.19942317539457	0.24494491350306882	4.668298581533584	0.23783464520827807	0.11267722701343817	0.12995140728618068	201.56066880424848	119.0	1.6937871328088108	-473.37303643047454
2.0	868.0	840.0	2.771169004591477	0.082364843170464	42.80009454438851	0.2087190809627968	4.785063624912192	0.21701285012758034	0.10386241992836534	0.13041199681992013	206.93197315358617	119.0	1.738924144147783	-490.45062459533443
2.0	868.0	840.0	2.1234553075121703	0.08061090670660762	59.10121268688481	0.2788735403890115	5.051851560797145	0.29472091589541183	0.10386241992836534	0.13041199681992013	206.93197315358617	119.0	1.738924144147783	-490.45062459533443
2.0	878.0	840.0	2.2414735649759447	0.06553715775917834	44.429700206127265	0.1568323786972405	4.2478922784291875	0.16747698338506375	0.10159816796112293	0.09562480303282292	120.64392252540037	119.0	1.0138144750033644	-563.4043694716279
2.0	878.0	840.0	1.3424119212869159	0.06522666483988987	60.110009464537946	0.2631516036661437	4.295344651691066	0.2815719736949217	0.10159816796112293	0.09562480303282292	120.64392252540037	119.0	1.0138144750033644	-563.4043694716279
2.0	968.0	840.0	1.8178132313921045	0.13481090642697485	33.53275610215213	0.4587011518844844	5.357918738095436	0.46071575944115306	0.23574986147034777	0.22654534699191148	122.8890707958608	119.0	1.0326812671921075	-350.6630784012477
2.0	968.0	840.0	2.0648145142483165	0.22939787045856605	52.0866805462789	0.23517830225043407	1.7955404144110476	0.22701076293825892	0.23574986147034777	0.22654534699191148	122.8890707958608	119.0	1.0326812671921075	-350.6630784012477
2.0	978.0	840.0	1.448144233076802	0.08689159629294256	33.571443975657274	0.8569145368232076	6.869485326493055	0.8122862836315266	0.15724245988970892	0.12059613630065924	139.86012923350822	119.0	1.1752952036429263	-435.73858056357955
2.0	978.0	840.0	1.2811426058460844	0.1013101136209488	51.468203179765254	0.8624015394545352	5.676775422819987	0.7589685817880087	0.15724245988970892	0.12059613630065924	139.86012923350822	119.0	1.1752952036429263	-435.73858056357955
1.0	8.0	850.0	1.3570755897734768	0.09735778464274683	61.89941924003524	0.5493447763848381	6.62964845957653	0.5493432580952045	0.13465453917688186	0.188426497799217	249.85172510224828	122.0	2.047964959854494	-408.69144921341524
3.0	198.0	850.0	0.32251298034911846	0.09430175143650646	2.5932481237800236	1.3204165108072554	3.910849319647496	1.3204317843636395	0.08526360081905023	0.13451736647243082	327.861987780986	116.0	2.82639644638781	-475.4018146981064
3.0	198.0	850.0	1.7743518752896188	0.0817608514363838	32.2955609389993	0.2778546433740131	5.21497832400005	0.27935932679954223	0.08526360081905023	0.13451736647243082	327.861987780986	116.0	2.82639644638781	-475.4018146981064
3.0	198.0	850.0	1.4914649939786655	0.07002065856571886	62.76650248926734	0.3859635071179252	7.122578078812037	0.38877921285500866	0.08526360081905023	0.13451736647243082	327.861987780986	116.0	2.82639644638781	-475.4018146981064
3.0	208.0	850.0	1.7665513726829178	0.07410796320551398	31.109248671441637	0.2534614519802009	5.235325604654399	0.2552242156098217	0.07772699263805995	0.11046150125180251	324.88003184932836	116.0	2.800689929735589	-499.68017367925927
3.0	208.0	850.0	1.3957901497218312	0.09730404797775973	51.8496550311891	0.27156115857804164	3.053398408297655	0.282518198233791	0.07772699263805995	0.11046150125180251	324.88003184932836	116.0	2.800689929735589	-499.68017367925927
3.0	208.0	850.0	1.6806548132753256	0.08410392300004473	65.25495596064476	0.26156299049645076	4.248664388411535	0.28518756375976545	0.07772699263805995	0.11046150125180251	324.88003184932836	116.0	2.800689929735589	-499.68017367925927
4.0	218.0	850.0	0.39099246898357726	0.07731377633067417	8.353291589074962	0.906914464617957	3.959061328680538	0.9142557114842863	0.08006022908111264	0.10382414065839184	245.6988669973306	113.0	2.1743262566135453	-519.9841853666754
4.0	218.0	850.0	1.832267261123069	0.06435323886444624	31.545985415397904	0.23368495282588594	5.769429900156421	0.2390481861402508	0.08006022908111264	0.10382414065839184	245.6988669973306	113.0	2.1743262566135453	-519.9841853666754
4.0	218.0	850.0	1.664814315027289	0.10235523655950504	51.1672982720999	0.1730267770672362	2.3038895689310768	0.1770839767733807	0.08006022908111264	0.10382414065839184	245.6988669973306	113.0	2.1743262566135453	-519.9841853666754
4.0	218.0	850.0	1.3091770656527824	0.06480262700108297	65.93710463906318	0.35311774538054846	5.935281735839406	0.38722677547853235	0.08006022908111264	0.10382414065839184	245.6988669973306	113.0	2.1743262566135453	-519.9841853666754
2.0	228.0	850.0	1.713666111689656	0.06336266185137711	31.835056454859576	0.27683388258839503	6.481344233289455	0.2784216315720479	0.08283842175456906	0.11956658658925894	265.83049118138007	119.0	2.2338696737931096	-515.6858195412941
2.0	228.0	850.0	1.183455034671479	0.06135901921912829	65.12360225911654	0.4139264983232615	6.914426140215913	0.416441722583858	0.08283842175456906	0.11956658658925894	265.83049118138007	119.0	2.2338696737931096	-515.6858195412941
2.0	258.0	850.0	0.7830130558230166	0.12428478891121685	18.49974716332426	0.901340921213395	4.917811486282464	0.9013409492614243	0.12228609419992487	0.18333637120321802	357.152402507178	119.0	3.0012806933376304	-381.4050154793803
2.0	258.0	850.0	3.08233452989917	0.15513987512985447	63.237485961716466	0.18343932359128712	3.1558904584385354	0.18343857436522867	0.12228609419992487	0.18333637120321802	357.152402507178	119.0	3.0012806933376304	-381.4050154793803
3.0	268.0	850.0	0.5395459071909516	0.07179039960840074	16.8697128079618	0.6368338757412902	4.144958934467123	0.6368339172819739	0.0952553491129531	0.10785009661207033	161.35594126682437	116.0	1.3909994936795205	-536.3209342367142
3.0	268.0	850.0	3.0952458518378383	0.09265272876613372	62.333445286080234	0.11528295608587043	2.9032194990816698	0.11441326240939885	0.0952553491129531	0.10785009661207033	161.35594126682437	116.0	1.3909994936795205	-536.3209342367142
3.0	268.0	850.0	0.9087210094727307	0.06270973108965612	75.69314912597117	0.5939331141782836	5.884465992495853	0.6525903742369973	0.0952553491129531	0.10785009661207033	161.35594126682437	116.0	1.3909994936795205	-536.3209342367142
4.0	278.0	850.0	0.4428056349504733	0.10774747312266976	2.9001698747674007	0.6039898170895871	2.152034754046056	0.6057099583418457	0.08954580964772196	0.11249219359760165	207.6046871807876	113.0	1.8372096210689168	-513.0502730065002
4.0	278.0	850.0	0.5693496023999134	0.10523529065320025	15.53330461562433	0.4805154732580033	2.2526473791351265	0.48065835078274105	0.08954580964772196	0.11249219359760165	207.6046871807876	113.0	1.8372096210689168	-513.0502730065002
4.0	278.0	850.0	3.0228725683044138	0.08679220556470495	60.28992897628047	0.13959928016881715	3.469327667639333	0.13769593913368294	0.08954580964772196	0.11249219359760165	207.6046871807876	113.0	1.8372096210689168	-513.0502730065002
4.0	278.0	850.0	1.1220693136799607	0.06710683009163482	75.44623166795913	0.4941610842755241	5.947200612476386	0.5450813331976273	0.08954580964772196	0.11249219359760165	207.6046871807876	113.0	1.8372096210689168	-513.0502730065002
3.0	288.0	850.0	0.7326999492400499	0.11835827976606704	2.294612799911885	0.43598912144439655	2.337111894404949	0.43586548280464105	0.0722305787865212	0.13397199964479964	430.16565902274294	116.0	3.708324646747784	-482.92564972856565
3.0	288.0	850.0	3.8969073537793677	0.1008566866461754	58.77544852433691	0.10282140809144234	3.244380211443068	0.10616781495676467	0.0722305787865212	0.13397199964479964	430.16565902274294	116.0	3.708324646747784	-482.92564972856565
3.0	288.0	850.0	1.3790963674681571	0.08532968750006513	74.1210034284927	0.34406930061208885	4.674772734962866	0.3694177289933213	0.0722305787865212	0.13397199964479964	430.16565902274294	116.0	3.708324646747784	-482.92564972856565
3.0	298.0	850.0	0.6467859932302548	0.10134270112632764	1.4724747369702242	0.5789592867454216	3.1999668911421786	0.5789592253635395	0.07948355172600655	0.1342267551071859	356.52373307083525	116.0	3.0734804575072006	-482.47519232710874
3.0	298.0	850.0	3.638290873325892	0.09289214752621128	58.14457314733657	0.11849936873893098	3.900395159048423	0.12469959586990308	0.07948355172600655	0.1342267551071859	356.52373307083525	116.0	3.0734804575072006	-482.47519232710874
3.0	298.0	850.0	1.3427901291488604	0.09328832378686347	73.67735807369964	0.3197260793447747	3.863996407893641	0.3361715221990632	0.07948355172600655	0.1342267551071859	356.52373307083525	116.0	3.0734804575072006	-482.47519232710874
3.0	308.0	850.0	0.447537931362673	0.08990476790243568	0.28415137066340207	1.1526433434055374	4.969337114224437	1.1526445191264223	0.08967094590702343	0.14112196825877113	342.3378580151187	116.0	2.9511884311648164	-457.4013488064147
3.0	308.0	850.0	3.4237913384028382	0.09103259761766366	57.43753533128857	0.17199119608323526	5.081986702968249	0.18745271071067696	0.08967094590702343	0.14112196825877113	342.3378580151187	116.0	2.9511884311648164	-457.4013488064147
3.0	308.0	850.0	1.274454387969233	0.10008842043655766	73.77009579168413	0.41865296891189474	4.06081180544455	0.43637288006574165	0.08967094590702343	0.14112196825877113	342.3378580151187	116.0	2.9511884311648164	-457.4013488064147
3.0	318.0	850.0	0.3006169929917049	0.0825211013528377	-0.4940631544498728	3.3221901325166554	10.482938653646293	3.3222171250518255	0.04213238720847932	0.1796742613997557	2755.739668465603	116.0	23.75637645228968	-385.52848922340246
3.0	318.0	850.0	3.2005267991573474	0.1087896037144827	56.344308217246564	0.32911538516120137	6.3369311813329725	0.34978047639510634	0.04213238720847932	0.1796742613997557	2755.739668465603	116.0	23.75637645228968	-385.52848922340246
3.0	318.0	850.0	1.233469798073915	0.12013232918372331	74.4884527830614	0.767433799948571	5.043784301857816	0.7591119503989995	0.04213238720847932	0.1796742613997557	2755.739668465603	116.0	23.75637645228968	-385.52848922340246
2.0	328.0	850.0	3.93187408341451	0.11939413656331563	55.35722559107955	0.20323324855841016	4.519163400629083	0.19969135759606668	0.11228085965994418	0.16012135739695577	348.5447993110749	119.0	2.928947893370377	-405.7944741750657
2.0	328.0	850.0	1.1909130353151405	0.09988005834137179	73.31724760828419	0.8114209673690398	6.678007549264978	0.8829944779408465	0.11228085965994418	0.16012135739695577	348.5447993110749	119.0	2.928947893370377	-405.7944741750657
2.0	338.0	850.0	4.482267989582667	0.10740500929269013	54.5793510698291	0.14243857118526587	4.6392749223987435	0.1480617058171005	0.06782781688072118	0.14821711795971973	809.2666977791837	119.0	6.800560485539359	-426.5070094009623
2.0	338.0	850.0	1.3834989291450992	0.09523983292007639	74.23670708810596	0.522206543064489	6.119526494782654	0.5688351826694821	0.06782781688072118	0.14821711795971973	809.2666977791837	119.0	6.800560485539359	-426.5070094009623
4.0	348.0	850.0	0.5591831768217728	0.1559574473160712	11.6360324764756	0.6135873433184535	1.8978796627268046	0.6087180107451602	0.08449368861299648	0.13289022723376948	434.24240108541665	113.0	3.8428531069505896	-435.3227492182715
4.0	348.0	850.0	0.6364787220225869	0.12726536814919412	29.491533488725395	0.6619458547913811	2.868188672444339	0.6621119570166696	0.08449368861299648	0.13289022723376948	434.24240108541665	113.0	3.8428531069505896	-435.3227492182715
4.0	348.0	850.0	4.440050703765726	0.09425174633801126	53.669304841046255	0.15761029473616514	5.302048352871725	0.1631937942056679	0.08449368861299648	0.13289022723376948	434.24240108541665	113.0	3.8428531069505896	-435.3227492182715
4.0	348.0	850.0	1.5516915735643042	0.08774872269738675	73.46181110550094	0.4869243149801273	6.31804130430543	0.5273502121709122	0.08449368861299648	0.13289022723376948	434.24240108541665	113.0	3.8428531069505896	-435.3227492182715
4.0	358.0	850.0	0.5470579245290119	0.1826577793490419	11.32545413959504	0.7348148760715937	1.9144236188796677	0.7442055011451368	0.1196369989738702	0.162961293574198	295.2828427504549	113.0	2.6131225022164153	-396.58507446396396
4.0	358.0	850.0	0.5823311833410744	0.1528245366379608	30.559111600515468	0.9028618759596432	3.1224621275711675	1.0357270678741983	0.1196369989738702	0.162961293574198	295.2828427504549	113.0	2.6131225022164153	-396.58507446396396
4.0	358.0	850.0	2.76991381351628	0.16051255579715595	53.195913497986666	0.20025897882292776	3.2095426828910973	0.23771314859581805	0.1196369989738702	0.162961293574198	295.2828427504549	113.0	2.6131225022164153	-396.58507446396396
4.0	358.0	850.0	1.5277874688065824	0.09306025617361598	60.84044454508571	1.1546716120423506	17.020946855655577	1.0390909904288423	0.1196369989738702	0.162961293574198	295.2828427504549	113.0	2.6131225022164153	-396.58507446396396
3.0	368.0	850.0	1.2976253026360196	0.1393926450116704	38.13651064594194	0.642554635756618	5.2544212028601915	0.6811908168904982	0.04352020921809664	0.17608709053802685	2278.5222401330598	116.0	19.642433104595344	-401.1961705924243
3.0	368.0	850.0	3.010994584060422	0.25878178345635466	54.9938404206952	0.26864476192737713	4.682827635489242	0.39656978480600186	0.04352020921809664	0.17608709053802685	2278.5222401330598	116.0	19.642433104595344	-401.1961705924243
3.0	368.0	850.0	1.0449239654586946	0.07357288702217975	73.362890609287	3.1453531634504484	14.526286814234957	2.5897658385167284	0.04352020921809664	0.17608709053802685	2278.5222401330598	116.0	19.642433104595344	-401.1961705924243
