ncomps	x	y	amplitude	err amplitude	shift	err shift	width	err width	rms	residual	chisq	dof	redchisq	aic
3.0	378.0	850.0	1.179765687084667	0.09535478478128115	38.909968093022535	0.325479792326802	3.5576346169497786	0.3345602487188148	0.08938191566811729	0.123270303500153	240.49822391702418	116.0	2.073260551008829	-502.3441374158866
3.0	378.0	850.0	3.16713728613538	0.23642889500435282	57.3210934313458	0.18252787416166774	5.45694166529548	0.3084501185886884	0.08938191566811729	0.123270303500153	240.49822391702418	116.0	2.073260551008829	-502.3441374158866
3.0	378.0	850.0	0.9198229444790045	0.06305617857060389	74.72217063585562	3.086886207386167	13.021169071698043	2.24704911625807	0.08938191566811729	0.123270303500153	240.49822391702418	116.0	2.073260551008829	-502.3441374158866
2.0	388.0	850.0	1.2808788391815196	0.1138187964064749	37.03405058724791	0.37234724816068904	3.583504843175783	0.37534552370579094	0.08149184346261873	0.15536079789828372	491.02897373496546	119.0	4.1262938969324825	-443.0775467831151
2.0	388.0	850.0	3.0255873701875813	0.0783014682320906	62.14156484739936	0.22938343502916766	7.673710177557167	0.23529862679753832	0.08149184346261873	0.15536079789828372	491.02897373496546	119.0	4.1262938969324825	-443.0775467831151
2.0	398.0	850.0	1.890349578684494	0.10651615703572145	37.76733096712546	0.3401178322219696	5.185875620658192	0.34630633249383785	0.08438045974883729	0.1754233836145855	576.6459684149913	119.0	4.845764440462112	-414.278645535951
2.0	398.0	850.0	3.220155118842026	0.09453158017199474	64.12981882164412	0.22498347050361925	6.6206674459496595	0.23057546186396433	0.08438045974883729	0.1754233836145855	576.6459684149913	119.0	4.845764440462112	-414.278645535951
3.0	408.0	850.0	2.784656830905715	0.07711100342199584	41.58636426284357	0.2134781928328712	6.250571444352331	0.23289990531556679	0.08176091226698752	0.12887677313497764	363.035964103896	116.0	3.129620380206	-473.15026044969136
3.0	408.0	850.0	3.9968714944701933	0.09168843796376926	62.208155340813875	0.16574014133336373	4.668905532723991	0.2061257935511591	0.08176091226698752	0.12887677313497764	363.035964103896	116.0	3.129620380206	-473.15026044969136
3.0	408.0	850.0	1.6670069860313517	0.11996825254052756	73.63032283866391	0.3090071185975826	2.848001473672564	0.29196049937300583	0.08176091226698752	0.12887677313497764	363.035964103896	116.0	3.129620380206	-473.15026044969136
4.0	418.0	850.0	0.4006734449148099	0.08822512730406677	16.3823520378419	1.3040649147637755	5.126184538481366	1.3073622750127438	0.08744341431159898	0.14591223203064416	348.0492693537174	113.0	3.0800820296789153	-454.4013439317937
4.0	418.0	850.0	3.9158595390385904	0.11721964754001948	42.86570050042209	0.21008042228926077	4.847596186641981	0.1876200460827672	0.08744341431159898	0.14591223203064416	348.0492693537174	113.0	3.0800820296789153	-454.4013439317937
4.0	418.0	850.0	3.539644750840155	0.07307866605795481	60.433578758676525	0.34007358187943537	8.060431578292217	0.3393635770062269	0.08744341431159898	0.14591223203064416	348.0492693537174	113.0	3.0800820296789153	-454.4013439317937
4.0	418.0	850.0	0.699635666460306	0.09022089399896174	92.15864674473845	0.7350771980191684	4.9120972714271165	0.741527093419977	0.08744341431159898	0.14591223203064416	348.0492693537174	113.0	3.0800820296789153	-454.4013439317937
3.0	428.0	850.0	3.234491006435294	0.19922460480380802	43.23393317108215	0.1856569646806673	3.8614603697865153	0.22253008750369155	0.07649116138580547	0.13412498193055142	436.1354581120355	116.0	3.759788432000306	-466.8749104827445
3.0	428.0	850.0	4.154334759631886	0.06931892798434237	57.425151542616426	0.406793380799698	8.720998424975493	0.35454852002690485	0.07649116138580547	0.13412498193055142	436.1354581120355	116.0	3.759788432000306	-466.8749104827445
3.0	428.0	850.0	0.8666273733115353	0.09602160811779875	92.95191434079055	0.5173203258112521	4.0397813614692195	0.5180478584866055	0.07649116138580547	0.13412498193055142	436.1354581120355	116.0	3.759788432000306	-466.8749104827445
1.0	438.0	850.0	5.015127519204235	0.08981399028719848	56.45711267468079	0.21005697225084863	10.157808505119762	0.21005695784693054	0.12303994363427637	0.21667746663694426	390.13334203781096	122.0	3.1978142789984507	-375.5397020775802
1.0	448.0	850.0	5.307407607498657	0.10209173293014602	59.02857889718101	0.18416751658616837	8.291344564375045	0.18416748288793963	0.14653797411274522	0.2103705674226317	290.08568939327347	122.0	2.377751552403881	-368.8848409509258
1.0	458.0	850.0	4.483927856467775	0.10322129459348303	60.76176533652355	0.19262170969410644	7.2462107252021895	0.19262165586364718	0.1476923964624078	0.2047956623998386	255.12691752740741	122.0	2.0912042420279295	-382.9749676148115
3.0	468.0	850.0	0.6133345013292967	0.12087814859746328	41.287864298530046	0.6731431105401482	2.8761474927358255	0.6764323544871349	0.1368037547654489	0.14481359689750362	153.2814735584605	116.0	1.3213920134350043	-452.2414655746023
3.0	468.0	850.0	4.3978310274679915	0.6824317346630373	60.158693025561774	0.21913256131892164	4.483580814458974	0.3562611813349151	0.1368037547654489	0.14481359689750362	153.2814735584605	116.0	1.3213920134350043	-452.2414655746023
3.0	468.0	850.0	1.4233678735960458	0.24272688899886416	70.87080369693068	3.767511755175766	8.445160746637926	2.0881972173968277	0.1368037547654489	0.14481359689750362	153.2814735584605	116.0	1.3213920134350043	-452.2414655746023
4.0	478.0	850.0	0.6872101378323261	0.08156566155668563	24.40088033625299	0.6805137015009132	4.893763420851139	0.7154018135923792	0.09775458029919916	0.13012891240739113	221.60123656020704	113.0	1.9610728899133367	-482.96736698511603
4.0	478.0	850.0	0.7803457043880822	0.09772681432990667	42.51750227909709	0.6833338189546356	3.8552988353592577	0.6888619323359282	0.09775458029919916	0.13012891240739113	221.60123656020704	113.0	1.9610728899133367	-482.96736698511603
4.0	478.0	850.0	5.3606641232916425	0.5366438967621318	60.27465686864926	0.0998472134986506	4.191499364464512	0.2538256499098051	0.09775458029919916	0.13012891240739113	221.60123656020704	113.0	1.9610728899133367	-482.96736698511603
4.0	478.0	850.0	1.6817280942458661	0.18940291302985304	70.44282365557412	2.710921042117137	9.294966034560481	1.4929458695627107	0.09775458029919916	0.13012891240739113	221.60123656020704	113.0	1.9610728899133367	-482.96736698511603
4.0	488.0	850.0	0.7426874305170432	0.07417053191746886	26.07072538023087	0.7805599086735467	6.209563161326544	0.8629071075939297	0.09485537801901686	0.12990797868604706	238.43959402155954	113.0	2.1100849028456596	-481.33947340261733
4.0	488.0	850.0	0.8240214141349193	0.20319044089061739	44.197813216152234	1.3447864536611	3.818297531392007	1.162051489758152	0.09485537801901686	0.12990797868604706	238.43959402155954	113.0	2.1100849028456596	-481.33947340261733
4.0	488.0	850.0	3.8212289463216216	0.9330712833855754	58.93095398793378	0.24696319366899624	3.69904250806312	0.4710314626631792	0.09485537801901686	0.12990797868604706	238.43959402155954	113.0	2.1100849028456596	-481.33947340261733
4.0	488.0	850.0	2.8874435309622695	0.5136489834923544	64.67858996877166	2.3404664199094194	8.152999316379544	0.9319950671598647	0.09485537801901686	0.12990797868604706	238.43959402155954	113.0	2.1100849028456596	-481.33947340261733
2.0	498.0	850.0	0.6175883355605309	0.07295012801582997	25.286417673651876	0.9128899248554075	6.664965986075804	0.9232491719333309	0.08458745855490642	0.14023587033843338	346.9441733917298	119.0	2.9154972553926872	-477.1741841779676
2.0	498.0	850.0	3.5676536713799347	0.06417524771982758	61.039722682635244	0.17960710796925689	8.643130864000753	0.18233007976630944	0.08458745855490642	0.14023587033843338	346.9441733917298	119.0	2.9154972553926872	-477.1741841779676
3.0	508.0	850.0	0.5020181335818945	0.06710271966768176	24.749361809149786	0.8302729400131239	5.374952091230168	0.8345518333293585	0.07273061612065526	0.10254000458139535	312.80548335837926	116.0	2.6965989944687867	-521.0245208445918
3.0	508.0	850.0	2.0331698960878914	0.06388962403678615	57.11521777321943	0.62086504243444	7.027212467027018	0.5274423757709791	0.07273061612065526	0.10254000458139535	312.80548335837926	116.0	2.6965989944687867	-521.0245208445918
3.0	508.0	850.0	2.075445727268009	0.14080209684057446	70.98016999248826	0.36887966096653957	4.372298851721998	0.2984102105380285	0.07273061612065526	0.10254000458139535	312.80548335837926	116.0	2.6965989944687867	-521.0245208445918
3.0	518.0	850.0	0.36840109383745695	0.09135066649804988	27.09260355584353	1.085966369618321	3.7926933766366764	1.0861877449818902	0.09451815744432097	0.1218590508131952	242.77898948396978	116.0	2.0929223231376706	-487.19588979053407
3.0	518.0	850.0	2.5032835147366828	0.07626990626431186	55.54986398504789	0.28148624423343527	5.698808625954955	0.2938734776600014	0.09451815744432097	0.1218590508131952	242.77898948396978	116.0	2.0929223231376706	-487.19588979053407
3.0	518.0	850.0	2.436495134623957	0.08432255074234336	71.56277503845072	0.26028987886980864	4.590996448703515	0.2525986117309073	0.09451815744432097	0.1218590508131952	242.77898948396978	116.0	2.0929223231376706	-487.19588979053407
3.0	528.0	850.0	0.4341006237017487	0.0916997225467259	-13.14262467565094	1.3100819256451985	5.370954516674277	1.3100819276299362	0.08984340515494783	0.14703274929422677	383.46593269824456	116.0	3.305740799122798	-442.7394184469738
3.0	528.0	850.0	2.6395775915746706	0.09475321333577598	54.82850124351936	0.34513193557282307	5.228522535168983	0.33011520637854064	0.08984340515494783	0.14703274929422677	383.46593269824456	116.0	3.305740799122798	-442.7394184469738
3.0	528.0	850.0	2.2297756220008487	0.0924012127552699	70.8933232775563	0.41846197271390284	5.474622008680876	0.40764249667396973	0.08984340515494783	0.14703274929422677	383.46593269824456	116.0	3.305740799122798	-442.7394184469738
3.0	538.0	850.0	0.5614209596412112	0.08369240072143991	-14.32101960297888	1.0165636186478022	5.9056511194065635	1.016563610307001	0.09632120849582376	0.1345960808262169	305.56786171218204	116.0	2.634205704415362	-453.71920157661333
3.0	538.0	850.0	2.5071126600151716	0.11706455450321149	53.94074099101537	0.2908894854575711	4.264968628054065	0.26712931882690555	0.09632120849582376	0.1345960808262169	305.56786171218204	116.0	2.634205704415362	-453.71920157661333
3.0	538.0	850.0	1.9355304909335291	0.07836182375546605	70.11020995979653	0.5397835742930637	7.215030826643423	0.5504958753067782	0.09632120849582376	0.1345960808262169	305.56786171218204	116.0	2.634205704415362	-453.71920157661333
2.0	548.0	850.0	2.687297617702444	0.09438344983434308	53.85867867473552	0.23514391370750673	4.5261116128369965	0.22687069121316666	0.07955384923636355	0.12571094237608635	413.7710910230532	119.0	3.477067991790363	-470.49352460520885
2.0	548.0	850.0	1.8282963689024314	0.07397323215542126	72.19137473748258	0.44528887875853135	7.296610784889191	0.4821821670789159	0.07955384923636355	0.12571094237608635	413.7710910230532	119.0	3.477067991790363	-470.49352460520885
2.0	558.0	850.0	2.5772235010146556	0.07869094988928556	56.15234822666502	0.44799760312211107	6.758259001440682	0.4094735571704047	0.07450503040085958	0.1251184046705952	493.40200097981085	119.0	4.146235302351352	-464.8839787378523
2.0	558.0	850.0	1.8431247585905188	0.08651219211092646	74.29290199764786	0.5866434635380734	6.0812308853265	0.5128700500981176	0.07450503040085958	0.1251184046705952	493.40200097981085	119.0	4.146235302351352	-464.8839787378523
2.0	568.0	850.0	3.0366277210187165	0.09757815226064528	60.67300752567153	0.5631529856084266	7.435570138118891	0.5194200178299127	0.04183731744791533	0.14960141106044061	2618.709731125694	119.0	22.005964127106672	-400.51437090756895
2.0	568.0	850.0	1.3363011898290948	0.1701771998104259	76.53566824432315	0.868244462922635	4.6998640338359	0.7336213980911053	0.04183731744791533	0.14960141106044061	2618.709731125694	119.0	22.005964127106672	-400.51437090756895
2.0	578.0	850.0	3.570282147334468	0.0988638139101031	61.42211726314641	0.3537619164983695	5.083080102049369	0.29692896163998767	0.05176770298593521	0.11749960230507463	1073.405685092037	119.0	9.020215841109554	-458.7505879098982
2.0	578.0	850.0	2.1012826575241865	0.12013279262225408	74.12612263597029	0.5452326498763832	4.468840854169713	0.432724737713868	0.05176770298593521	0.11749960230507463	1073.405685092037	119.0	9.020215841109554	-458.7505879098982
2.0	588.0	850.0	3.257932532357165	0.06598655378746304	61.5973069672053	0.274811380771626	5.190267132410023	0.23179115519642202	0.07743455769128917	0.095860031409481	221.9850101666531	119.0	1.8654202535012865	-555.0816495859629
2.0	588.0	850.0	2.337491863050582	0.09464209321072736	73.78032759214129	0.31880360916428185	4.146393675490298	0.2466139534106823	0.07743455769128917	0.095860031409481	221.9850101666531	119.0	1.8654202535012865	-555.0816495859629
2.0	598.0	850.0	3.021787486067107	0.06940770749562088	61.228658528938126	0.2151145076102125	4.28542823468617	0.18957309208902873	0.0865460076794171	0.09485142716640084	171.83016441622655	119.0	1.4439509614808954	-559.2838125934301
2.0	598.0	850.0	1.895256707917943	0.06954704448629366	73.23983167961796	0.3425429104742411	4.277401693167835	0.30160093919837333	0.0865460076794171	0.09485142716640084	171.83016441622655	119.0	1.4439509614808954	-559.2838125934301
2.0	608.0	850.0	2.8795125470865504	0.09130982215945323	60.35479175311822	0.17411251785008747	3.331799414838609	0.15528845288610066	0.10180917503830897	0.10775496196365399	145.26020345317903	119.0	1.220673978598143	-539.6752853694655
2.0	608.0	850.0	1.4754074505159789	0.06812212168344589	72.07509776116885	0.43460400464094684	4.895392233223118	0.4334822328861575	0.10180917503830897	0.10775496196365399	145.26020345317903	119.0	1.220673978598143	-539.6752853694655
2.0	648.0	850.0	0.6180054573164203	0.08007545496235333	30.840862699394123	0.8816749950734347	5.865371018846335	0.898176606526798	0.1079851290521289	0.13598935607564067	224.79875061589462	119.0	1.8890651312260052	-470.3670965503987
2.0	648.0	850.0	2.2748015322542803	0.07729382282023231	58.36744863718373	0.2481277695967105	6.305108549461729	0.2531872386053504	0.1079851290521289	0.13598935607564067	224.79875061589462	119.0	1.8890651312260052	-470.3670965503987
2.0	658.0	850.0	0.6001237186247026	0.07575128060646588	29.538610575404125	1.0927596428431612	7.345098187546428	1.1460461570707356	0.09545869808697408	0.14943048322440824	317.6806142147677	119.0	2.669584993401409	-457.9619391752698
2.0	658.0	850.0	2.4186316641849888	0.0781660288202976	58.53272960697097	0.2627756349505647	6.867452333610362	0.2742044489306723	0.09545869808697408	0.14943048322440824	317.6806142147677	119.0	2.669584993401409	-457.9619391752698
3.0	668.0	850.0	0.45024562044013866	0.07323187717159177	18.42044735478825	0.7923728705440409	3.5923926920777003	0.8112643423185524	0.08049715505186178	0.10185438173640544	202.41410432508638	116.0	1.744949175216262	-550.0679062614277
3.0	668.0	850.0	0.733496537840227	0.06413478221933121	33.39833492742527	0.5641086210884755	4.996476662178478	0.6515998116116368	0.08049715505186178	0.10185438173640544	202.41410432508638	116.0	1.744949175216262	-550.0679062614277
3.0	668.0	850.0	2.5066611072353284	0.0531783792361649	58.609341338489145	0.17152392029364294	6.935769060294409	0.17959439693950444	0.08049715505186178	0.10185438173640544	202.41410432508638	116.0	1.744949175216262	-550.0679062614277
3.0	678.0	850.0	0.5140710795729743	0.0709740679905364	18.800905691677624	0.5609163858460832	3.11230803520547	0.5638932308037252	0.08082288283841814	0.09028933704384855	156.21251730318076	116.0	1.346659631923972	-581.4456159750897
3.0	678.0	850.0	0.7727910047977913	0.05115539305001509	34.94179475048139	0.5524143467076947	6.4937275794080085	0.7224121892339269	0.08082288283841814	0.09028933704384855	156.21251730318076	116.0	1.346659631923972	-581.4456159750897
3.0	678.0	850.0	2.7326404136858913	0.048664335171720245	58.92503685613933	0.14845594771946435	6.496803567528186	0.15921773542484638	0.08082288283841814	0.09028933704384855	156.21251730318076	116.0	1.346659631923972	-581.4456159750897
2.0	688.0	850.0	0.7902488398749754	0.04754585130068472	32.974485939130446	0.6644120736498937	8.775120108893555	0.7260907974606216	0.07968887342861827	0.10228001504692323	208.98943115640634	119.0	1.756213707196692	-555.4482196477542
2.0	688.0	850.0	2.8419888426496454	0.053736007546178105	60.58750639114519	0.16272000762042507	6.599309918378435	0.16863733807361234	0.07968887342861827	0.10228001504692323	208.98943115640634	119.0	1.756213707196692	-555.4482196477542
2.0	698.0	850.0	0.9336732697145812	0.0660855203319297	34.33368269545075	0.7115279631367166	8.19595434235021	0.7675545343832708	0.08627310932680221	0.13865587435171364	325.1036623057697	119.0	2.7319635487879808	-480.3686723880499
2.0	698.0	850.0	2.6377172803106568	0.07118859302826808	62.595430931461244	0.23348047340747616	6.914836589470146	0.24542306058811045	0.08627310932680221	0.13865587435171364	325.1036623057697	119.0	2.7319635487879808	-480.3686723880499
3.0	708.0	850.0	1.138304186848087	0.05949139079285485	32.458735159332356	0.3614090603613893	5.598777399526877	0.39506558452375024	0.0820525462603139	0.09903828811064123	191.8016893279288	116.0	1.653462839033869	-552.015110724222
3.0	708.0	850.0	1.574066140201653	0.07030383493437664	50.139038990553345	0.24478930118088557	3.96861399211362	0.2882434676341741	0.0820525462603139	0.09903828811064123	191.8016893279288	116.0	1.653462839033869	-552.015110724222
3.0	708.0	850.0	2.9309301578863995	0.06847358742268563	64.41708487540419	0.1306516250755025	4.165216171019829	0.1401541581148304	0.0820525462603139	0.09903828811064123	191.8016893279288	116.0	1.653462839033869	-552.015110724222
2.0	818.0	850.0	2.5850520315618994	0.20402462496735807	55.22293452007875	0.1661071096102649	2.8724704046394622	0.19000580408079804	0.11908563995206485	0.0982191171651587	100.88810672610964	119.0	0.8477992161857953	-546.05394200134
2.0	818.0	850.0	0.9459461560889062	0.06517661801231184	64.88912370072094	1.294366837237604	5.999139637192696	1.0518744796428119	0.11908563995206485	0.0982191171651587	100.88810672610964	119.0	0.8477992161857953	-546.05394200134
3.0	828.0	850.0	0.9710947724844605	0.05611934402539432	36.35827243718958	0.2879087122711788	4.315327989715883	0.29158936336609004	0.09366465250532342	0.08298032573747029	105.42163150423927	116.0	0.9088071681399937	-593.7366193416315
3.0	828.0	850.0	2.9068788806198875	0.10423373979647774	54.36715368688217	0.14879036144730398	3.1702279183789175	0.1287232781311787	0.09366465250532342	0.08298032573747029	105.42163150423927	116.0	0.9088071681399937	-593.7366193416315
3.0	828.0	850.0	1.0454263157569326	0.05311667305159663	65.0725051485614	0.667405513253602	5.271838945133613	0.6025017834333899	0.09366465250532342	0.08298032573747029	105.42163150423927	116.0	0.9088071681399937	-593.7366193416315
3.0	838.0	850.0	1.3443498896333914	0.06460062174953234	37.55939275813796	0.3181792276770552	5.005916565520531	0.3461634303707188	0.1026038673976783	0.09202568395883703	129.6322799097344	116.0	1.117519654394262	-545.106184741562
3.0	838.0	850.0	3.069960579594826	0.07460388770657593	54.38567168545951	0.23862576765291707	4.260502370413859	0.2525975321528595	0.1026038673976783	0.09202568395883703	129.6322799097344	116.0	1.117519654394262	-545.106184741562
3.0	838.0	850.0	0.8689936619138322	0.07858424539189529	66.013239813571	0.8941850506795049	4.2037231244531705	0.7370943341171828	0.1026038673976783	0.09202568395883703	129.6322799097344	116.0	1.117519654394262	-545.106184741562
3.0	848.0	850.0	1.0157852717119316	0.09739796534624287	33.45914910454669	0.6290845401822958	2.8415821844811227	0.5570096082752216	0.10966361155642679	0.10745504916989433	139.53116557206164	116.0	1.202854875621221	-519.2724204482292
3.0	848.0	850.0	1.4288361086128294	0.13640832561828667	41.0487643742621	0.40711015888260466	2.5871022820812857	0.42874513031339845	0.10966361155642679	0.10745504916989433	139.53116557206164	116.0	1.202854875621221	-519.2724204482292
3.0	848.0	850.0	2.904346360610386	0.06048510023046268	54.20958418501299	0.2641241665501821	7.305812024246013	0.27740973785453893	0.10966361155642679	0.10745504916989433	139.53116557206164	116.0	1.202854875621221	-519.2724204482292
2.0	858.0	850.0	2.2982896831040494	0.3004045855205741	43.01038467651332	0.8841123702302641	5.462878133423775	0.4916381378140871	0.10102234929177034	0.12695163172179014	198.67717897697423	119.0	1.6695561258569263	-502.47056796793186
2.0	858.0	850.0	2.642245615247171	0.16671019755530903	55.99387293748952	1.0729067682567097	6.813253049428262	0.6468594902515342	0.10102234929177034	0.12695163172179014	198.67717897697423	119.0	1.6695561258569263	-502.47056796793186
2.0	868.0	850.0	2.454367607920171	0.5322366834918857	44.9923960481515	1.1798478430979162	5.520524571005446	0.5658316809048444	0.10849051755680506	0.12563838562674745	183.0820312936509	119.0	1.5385044646525288	-494.85869030381696
2.0	868.0	850.0	2.071534304562418	0.3112895716332409	56.803626646569064	2.100322025858038	6.8161780489604915	1.0868632941908902	0.10849051755680506	0.12563838562674745	183.0820312936509	119.0	1.5385044646525288	-494.85869030381696
2.0	878.0	850.0	2.382911904916399	0.26932897637608316	46.39400118080718	0.1861159995149607	3.603670930606807	0.32586191284371047	0.10985756758511064	0.11814886266255042	156.1508243072559	119.0	1.31219180090131	-511.6172055122229
2.0	878.0	850.0	1.5178079459552825	0.12187284385469163	55.386060730111524	1.3899529538904212	8.384845086261151	0.7507395342606008	0.10985756758511064	0.11814886266255042	156.1508243072559	119.0	1.31219180090131	-511.6172055122229
2.0	888.0	850.0	3.914134693431558	0.2221869674960496	46.63020472933911	0.12778731126264797	2.875994423160639	0.1607692512945731	0.10409810492678588	0.14956677553517891	260.20761508055955	119.0	2.186618614122349	-461.2477507375182
2.0	888.0	850.0	1.2654910139359505	0.07975453897442296	57.7572740618382	1.1499310757274372	6.926957942794787	1.0254248393367849	0.10409810492678588	0.14956677553517891	260.20761508055955	119.0	2.186618614122349	-461.2477507375182
2.0	898.0	850.0	3.895396246405417	0.5643463664835252	47.15336448693744	0.24390974523855485	2.9861199017802367	0.3333665420065968	0.13768665463016083	0.22603943431288642	397.0157805188544	119.0	3.3362670631836506	-338.52404764420953
2.0	898.0	850.0	1.2558459976073302	0.16399258498089903	56.63185200865716	2.8106747509682	6.462795920564064	2.085947499712603	0.13768665463016083	0.22603943431288642	397.0157805188544	119.0	3.3362670631836506	-338.52404764420953
1.0	908.0	850.0	3.787386982655594	0.1495342904682986	49.30256069073703	0.2022050548236608	4.436188358077438	0.20220584139442252	0.18069013997119607	0.22624127636345256	218.966258658371	122.0	1.7948053988391066	-351.66742332872053
4.0	228.0	860.0	0.2463912573324596	0.06028760926484357	11.47664588752231	1.6544716073615273	5.35436705953164	1.7719477801655703	0.09514233459774499	0.10000946286066544	138.94663292239593	113.0	1.2296162205521763	-548.0875748592866
4.0	228.0	860.0	1.839957311022537	0.060794246193919786	30.880719327437216	0.2197232003732893	5.2495993346178835	0.23463721812138522	0.09514233459774499	0.10000946286066544	138.94663292239593	113.0	1.2296162205521763	-548.0875748592866
4.0	228.0	860.0	0.7046562897487805	0.3336151540712869	50.96346793684675	0.2033666104659981	1.1364142007783031	0.6738956294421439	0.09514233459774499	0.10000946286066544	138.94663292239593	113.0	1.2296162205521763	-548.0875748592866
4.0	228.0	860.0	1.25639476574877	0.054317852178055036	65.83126417253872	0.3378644709628527	6.660893619981117	0.36353294095170013	0.09514233459774499	0.10000946286066544	138.94663292239593	113.0	1.2296162205521763	-548.0875748592866
3.0	308.0	860.0	0.7205747450725355	0.13907148096548438	22.130440331160713	0.41241992266582445	1.8230359115298098	0.4005946951334443	0.1074100289773973	0.1400945467719657	214.14567206577414	116.0	1.8460833798773633	-470.9173684148736
3.0	308.0	860.0	2.7176454215639088	0.097285860532333	58.21464821817898	0.1832050253238077	3.952659000446271	0.19730718941393816	0.1074100289773973	0.1400945467719657	214.14567206577414	116.0	1.8460833798773633	-470.9173684148736
3.0	308.0	860.0	1.0668425334609666	0.10025326895968548	71.8163842898254	0.45232296828699964	3.6756232974480225	0.47969596754481614	0.1074100289773973	0.1400945467719657	214.14567206577414	116.0	1.8460833798773633	-470.9173684148736
4.0	318.0	860.0	0.4904132138231725	0.11420017847451958	21.872682670505974	0.6574911588078277	3.335187756997554	0.9091520270655954	0.0983767007453728	0.10201274708141073	139.86842087644152	113.0	1.2377736360747038	-538.9035576543125
4.0	318.0	860.0	0.8108711665366989	0.05059989048067174	42.70766207459108	1.7488018671920327	11.690745938509302	2.874789013555925	0.0983767007453728	0.10201274708141073	139.86842087644152	113.0	1.2377736360747038	-538.9035576543125
4.0	318.0	860.0	3.3965095312581695	0.17712801653719634	57.63526945201313	0.11098561485508854	3.170863681577649	0.15661191554820073	0.0983767007453728	0.10201274708141073	139.86842087644152	113.0	1.2377736360747038	-538.9035576543125
4.0	318.0	860.0	0.9214353987937	0.09594747091858091	71.43727278012761	0.5939612874305046	5.233918631566058	0.5754584362451025	0.0983767007453728	0.10201274708141073	139.86842087644152	113.0	1.2377736360747038	-538.9035576543125
4.0	328.0	860.0	0.28552086667668586	0.10081311270140182	21.61848948093974	1.3349323316289756	4.6766341244802305	1.836220936406803	0.09341458923130362	0.09483932146224082	129.33965528214497	113.0	1.1445987193110174	-561.625197607466
4.0	328.0	860.0	0.8183977572587615	0.039039475365143766	42.17769507333216	2.836884619861062	15.694811890436839	2.6162517141545933	0.09341458923130362	0.09483932146224082	129.33965528214497	113.0	1.1445987193110174	-561.625197607466
4.0	328.0	860.0	4.175593977355308	0.13032633804001514	56.32003699742268	0.07191661773631441	3.113459250861637	0.10129503173832911	0.09341458923130362	0.09483932146224082	129.33965528214497	113.0	1.1445987193110174	-561.625197607466
4.0	328.0	860.0	0.5262722558206907	0.11125981338338164	73.47086746827397	1.153915425335773	6.497479844629943	1.138902024795139	0.09341458923130362	0.09483932146224082	129.33965528214497	113.0	1.1445987193110174	-561.625197607466
3.0	338.0	860.0	0.49240029637568433	0.04066983056582478	28.57258784434624	1.4848149888113307	13.64340819301877	1.6628767718720088	0.08465782389413488	0.10485927497876192	199.12975346167326	116.0	1.7166358057040798	-539.5138568802731
3.0	338.0	860.0	4.903126146942081	0.08163244623085085	54.79739937767051	0.072516182361996	3.662924228666303	0.07985869401570016	0.08465782389413488	0.10485927497876192	199.12975346167326	116.0	1.7166358057040798	-539.5138568802731
3.0	338.0	860.0	0.7869030223617156	0.05833992136646916	74.0064340893608	0.565934127800197	6.420734074557229	0.6105137081175108	0.08465782389413488	0.10485927497876192	199.12975346167326	116.0	1.7166358057040798	-539.5138568802731
3.0	348.0	860.0	0.46758350566121204	0.08650579949764464	28.88847984490698	0.6439787104431284	3.01368625916312	0.6439709956879717	0.08612132799770429	0.11120313395508234	208.44197837862137	116.0	1.7969136067122533	-529.5159561742151
3.0	348.0	860.0	5.034474731719338	0.08039005214049076	53.383659224803594	0.07234569535068225	3.5260129344471283	0.07312737963283221	0.08612132799770429	0.11120313395508234	208.44197837862137	116.0	1.7969136067122533	-529.5159561742151
3.0	348.0	860.0	1.0720959645158064	0.05996397584912431	71.33742772010132	0.46114385563630456	6.662133345271793	0.509235008671388	0.08612132799770429	0.11120313395508234	208.44197837862137	116.0	1.7969136067122533	-529.5159561742151
3.0	358.0	860.0	0.4896840967703816	0.1755594894741171	48.90188232883309	7.823885344197139	11.228552754048984	4.222085222836828	0.09271465225229426	0.13596380643797482	269.81917422219715	116.0	2.326027363984458	-478.8121880619626
3.0	358.0	860.0	4.2798676051697315	0.2633253866475634	53.37825634820183	0.10935588596266152	2.855459980491061	0.16551854511759312	0.09271465225229426	0.13596380643797482	269.81917422219715	116.0	2.326027363984458	-478.8121880619626
3.0	358.0	860.0	1.0796316715780518	0.2244740997254483	70.54029453690283	1.3268228097038184	5.693157620997115	1.0769486051411956	0.09271465225229426	0.13596380643797482	269.81917422219715	116.0	2.326027363984458	-478.8121880619626
3.0	368.0	860.0	0.6914538216421797	0.09465542278320434	38.154342362856454	1.1683684801975551	5.538608531498419	1.0503126132338534	0.08205069097102534	0.145507112062021	407.67626397939165	116.0	3.5144505515464797	-457.7693362064977
3.0	368.0	860.0	3.4401536319495385	0.2536176760377151	53.63746402792995	0.11880132630350874	2.552034743975619	0.18629396445276047	0.08205069097102534	0.145507112062021	407.67626397939165	116.0	3.5144505515464797	-457.7693362064977
3.0	368.0	860.0	1.3576662103383583	0.07728654367080538	63.69655937360971	1.5839673114962205	9.077302113021753	1.2442939050706374	0.08205069097102534	0.145507112062021	407.67626397939165	116.0	3.5144505515464797	-457.7693362064977
2.0	378.0	860.0	0.4820748979376454	0.12176255977719003	34.70035219263344	1.6373243031106717	5.194506916310773	1.6849278105939314	0.10356185173788147	0.20615973415167582	502.22368415360654	119.0	4.220367093727786	-380.3432128138883
2.0	378.0	860.0	2.8713971920273584	0.10107455960059042	59.2582168765316	0.3323031838090731	7.844897267707459	0.36028670609834296	0.10356185173788147	0.20615973415167582	502.22368415360654	119.0	4.220367093727786	-380.3432128138883
2.0	388.0	860.0	1.1594244301291727	0.09596243581494052	27.46700243018684	0.5735890637105014	6.004272029644635	0.5736949664823586	0.08760481058641226	0.17591161200196984	506.34189576325144	119.0	4.254973913976903	-421.15567899504777
2.0	388.0	860.0	3.081100212097799	0.0956213886674973	63.078941067787106	0.21664251003745405	6.045510556735049	0.21668159463692266	0.08760481058641226	0.17591161200196984	506.34189576325144	119.0	4.254973913976903	-421.15567899504777
3.0	398.0	860.0	1.8342022569807128	0.28743432727462465	22.329107819869776	0.879887907516264	3.266858036812769	0.7065221187615868	0.08737029184796413	0.2788847412336651	1274.0967811088935	116.0	10.98359294059391	-299.62489090133676
3.0	398.0	860.0	1.4731722818786108	0.187415636417143	32.55407183714637	1.4117835693710896	4.480852082955493	1.2534346674635666	0.08737029184796413	0.2788847412336651	1274.0967811088935	116.0	10.98359294059391	-299.62489090133676
3.0	398.0	860.0	4.304021333550539	0.18969774260928512	63.56687617374717	0.20070152904660526	3.9436188402936043	0.20070158601136873	0.08737029184796413	0.2788847412336651	1274.0967811088935	116.0	10.98359294059391	-299.62489090133676
3.0	408.0	860.0	1.5597547844326662	0.1457615415211603	22.8055258215485	0.5337948509658139	4.191857910367841	0.5668616622936414	0.09803318918377732	0.21386337151394422	617.2125444251313	116.0	5.320797796768374	-361.43461727083474
3.0	408.0	860.0	2.5633094589904424	0.14479060227086402	37.4079832260336	0.3271380424603237	4.262124848270392	0.3488852256715506	0.09803318918377732	0.21386337151394422	617.2125444251313	116.0	5.320797796768374	-361.43461727083474
3.0	408.0	860.0	4.516131743310376	0.14708986245564643	63.399526607513344	0.15044788368256912	4.000702329564366	0.15045424864659923	0.09803318918377732	0.21386337151394422	617.2125444251313	116.0	5.320797796768374	-361.43461727083474
4.0	418.0	860.0	0.5781064550073303	0.06163450925372227	22.40609606933119	4.1143558006027625	13.149132394901464	3.500578789741229	0.09520004600093303	0.14832544919478063	316.5620693557282	113.0	2.8014342420860907	-445.00729961437423
4.0	418.0	860.0	3.9784021561824368	0.2021126441674119	41.08446632209587	0.15771795123221408	4.81878137418827	0.23052491290799682	0.09520004600093303	0.14832544919478063	316.5620693557282	113.0	2.8014342420860907	-445.00729961437423
4.0	418.0	860.0	2.874536015257953	0.08614950375661204	63.35651886124143	0.22425265635741468	6.1951664487304585	0.23073757989556193	0.09520004600093303	0.14832544919478063	316.5620693557282	113.0	2.8014342420860907	-445.00729961437423
4.0	418.0	860.0	0.44468905138981973	0.08305303086984499	96.26193978831273	1.3451026127916839	6.237870963709133	1.3481500294288842	0.09520004600093303	0.14832544919478063	316.5620693557282	113.0	2.8014342420860907	-445.00729961437423
3.0	428.0	860.0	4.190876443252659	0.10248283861018143	42.48371039036076	0.22506768388509937	5.615696902168039	0.21517061176815958	0.07493833571586853	0.15427077269150638	685.3621450904053	116.0	5.908294354227632	-415.50300110209554
3.0	428.0	860.0	2.364712077724136	0.08954475543447125	62.490809466536454	0.4580189426493633	7.385957918572185	0.4802112112564002	0.07493833571586853	0.15427077269150638	685.3621450904053	116.0	5.908294354227632	-415.50300110209554
3.0	428.0	860.0	0.6963765272549111	0.1177912374942252	93.71852141440922	0.7915054834453484	4.048718238149346	0.7926321475418594	0.07493833571586853	0.15427077269150638	685.3621450904053	116.0	5.908294354227632	-415.50300110209554
2.0	438.0	860.0	3.050042757263631	0.09404384690415728	45.48277592520154	1.1497002115163903	11.225178486080022	0.8658602186040977	0.08170028826366638	0.16728161495114718	650.2162054805464	119.0	5.464001726727281	-407.3386735319877
2.0	438.0	860.0	2.595217890925038	0.3015139996180468	63.72423475888736	0.5089999742966145	5.983341252014339	0.5083937223165311	0.08170028826366638	0.16728161495114718	650.2162054805464	119.0	5.464001726727281	-407.3386735319877
3.0	448.0	860.0	1.699693069948587	0.15065045300476146	32.98420417721261	1.2414331422917237	5.45884193366237	0.7892182845943159	0.0927051185539581	0.12146430345096065	219.41536119043042	116.0	1.8915117344002623	-504.6860776807257
3.0	448.0	860.0	2.5594761620849487	0.2541855967653823	44.69838988847708	0.5964586873136958	4.648357013608699	0.5797073798747597	0.0927051185539581	0.12146430345096065	219.41536119043042	116.0	1.8915117344002623	-504.6860776807257
3.0	448.0	860.0	4.249463977388134	0.06535522010816364	60.54173651763847	0.30309785139673895	7.39430309407803	0.2631743284147299	0.0927051185539581	0.12146430345096065	219.41536119043042	116.0	1.8915117344002623	-504.6860776807257
2.0	458.0	860.0	2.3036187881997567	0.09153241067800016	39.12411689428566	0.6904424817940309	7.74171552250721	0.5332234194309959	0.11659724065031228	0.14402038964129024	197.26838007930587	119.0	1.6577174796580325	-467.51412823674275
2.0	458.0	860.0	3.545929813627914	0.07932034602485218	60.184459083093365	0.4783806209525038	8.389559898341613	0.3832789121307536	0.11659724065031228	0.14402038964129024	197.26838007930587	119.0	1.6577174796580325	-467.51412823674275
4.0	468.0	860.0	1.6666656266393474	0.14435412736844855	34.04797900147762	2.143239033506809	8.437032152597546	1.2792864620221691	0.11915462668157883	0.11145626094963303	121.8547661035933	113.0	1.078360761978702	-508.23307751458793
4.0	468.0	860.0	1.880584064239375	0.45106739854762046	43.06686429932941	0.2438303595074233	3.4773487717445635	0.5064316042024499	0.11915462668157883	0.11145626094963303	121.8547661035933	113.0	1.078360761978702	-508.23307751458793
4.0	468.0	860.0	4.764812732176102	0.0784159369842799	59.849068695895	0.18076284967365144	5.704086494249908	0.22841786335161735	0.11915462668157883	0.11145626094963303	121.8547661035933	113.0	1.078360761978702	-508.23307751458793
4.0	468.0	860.0	1.116135678353205	0.07749773566659593	75.66913494553822	0.6466517149752897	4.834435386093818	0.58271490999464	0.11915462668157883	0.11145626094963303	121.8547661035933	113.0	1.078360761978702	-508.23307751458793
4.0	478.0	860.0	1.9960782649308093	0.0682704808258329	32.76958459262027	1.042984668804441	8.992821712117507	0.7876148557578303	0.08785521016530867	0.11862410783039938	231.05862185444752	113.0	2.044766565083606	-504.4358609513777
4.0	478.0	860.0	1.9562749155154584	0.25424107706134863	44.48877318912164	0.22177843359256846	3.4673764161729714	0.3641236876186196	0.08785521016530867	0.11862410783039938	231.05862185444752	113.0	2.044766565083606	-504.4358609513777
4.0	478.0	860.0	5.955686602600027	0.22894929717038745	60.272367719490624	0.13907093669132348	4.520851295750173	0.14075667475203654	0.08785521016530867	0.11862410783039938	231.05862185444752	113.0	2.044766565083606	-504.4358609513777
4.0	478.0	860.0	1.4774337185639854	0.07522205565971561	73.84827875542733	1.349855779925856	8.108766939701272	1.004219326025119	0.08785521016530867	0.11862410783039938	231.05862185444752	113.0	2.044766565083606	-504.4358609513777
4.0	488.0	860.0	1.870678587035937	0.06466090146825368	33.926014240344536	0.9102044783017588	9.766247190968405	0.7933183498166053	0.08249555537079323	0.13490994034549167	353.0427066184281	113.0	3.1242717399860895	-467.1825892814373
4.0	488.0	860.0	1.6487201292028444	0.2209982775752937	45.804577916189544	0.2477048563665024	2.5856767199372372	0.35552707254027516	0.08249555537079323	0.13490994034549167	353.0427066184281	113.0	3.1242717399860895	-467.1825892814373
4.0	488.0	860.0	4.72394889427372	0.6457619627090609	60.341337584831116	0.144255711610684	4.42525111381371	0.33771776314799046	0.08249555537079323	0.13490994034549167	353.0427066184281	113.0	3.1242717399860895	-467.1825892814373
4.0	488.0	860.0	1.6815881384512132	0.219575237926393	70.99203039540988	3.2753747400055406	9.409413697105327	1.8177189352319156	0.08249555537079323	0.13490994034549167	353.0427066184281	113.0	3.1242717399860895	-467.1825892814373
4.0	498.0	860.0	0.5713346587052744	0.12890118615570748	20.925324088437492	5.2884559785135945	7.921765161025693	3.3957912924348186	0.08669690006403269	0.12495913517707975	282.75192220834197	113.0	2.5022294000738228	-482.5165513665296
4.0	498.0	860.0	1.1625004529770713	0.2973696091236147	34.94940486709036	1.191412370458727	5.20259780434767	1.4082083115402895	0.08669690006403269	0.12495913517707975	282.75192220834197	113.0	2.5022294000738228	-482.5165513665296
4.0	498.0	860.0	1.649565431531494	0.1630581627780649	45.96218023298872	0.28675492025724003	2.5029724439165277	0.30040168657247746	0.08669690006403269	0.12495913517707975	282.75192220834197	113.0	2.5022294000738228	-482.5165513665296
4.0	498.0	860.0	2.906463556173908	0.061087733646695085	63.839994126455274	0.2552139078222846	9.238321540148622	0.2856276345217338	0.08669690006403269	0.12495913517707975	282.75192220834197	113.0	2.5022294000738228	-482.5165513665296
2.0	548.0	860.0	2.7744823965550207	0.1775877593206714	52.59745929018512	0.3391940432129238	4.464404578926775	0.3500510247547799	0.36105376468786626	0.2080988635529878	75.09103881077412	119.0	0.6310171328636481	-305.67179899915
2.0	548.0	860.0	1.989961381526719	0.15668607715950245	73.76418820917635	0.5361850385367661	5.819287368595027	0.5631601626256412	0.36105376468786626	0.2080988635529878	75.09103881077412	119.0	0.6310171328636481	-305.67179899915
2.0	558.0	860.0	3.139471836322354	0.1666859554511326	53.0230690420521	0.3699135533688656	5.5099325833607535	0.39296583776876914	0.36105376468786626	0.1959683348882712	80.47703543895419	119.0	0.6762776087307075	-297.01296881783674
2.0	558.0	860.0	2.0549287486507892	0.16205697083623402	73.97327688207724	0.5817568075107418	5.883498517374755	0.6251989587797603	0.36105376468786626	0.1959683348882712	80.47703543895419	119.0	0.6762776087307075	-297.01296881783674
2.0	578.0	860.0	1.9708174557213483	0.07717680885206803	62.06914699597858	0.749912883128288	14.86888621243873	0.6268214191426267	0.36105376468786626	0.15493598967019442	39.725280822221016	119.0	0.3338258892623615	-385.26097983310063
2.0	578.0	860.0	1.0576810159412386	0.1997553020488514	74.32892724312988	0.43143704783020453	2.0631890018860917	0.48011698961761223	0.36105376468786626	0.15493598967019442	39.725280822221016	119.0	0.3338258892623615	-385.26097983310063
3.0	588.0	860.0	0.39091209027240276	0.06014004964798946	34.10301575853984	3.3110794914613013	11.789772830366779	3.408111288216659	0.04856154290993247	0.1210550325885725	1142.6854615284278	116.0	9.850736737314033	-460.06278474323597
3.0	588.0	860.0	2.401922873944161	0.18629301006644403	58.63426400706033	0.7601613312562162	5.606891199678544	0.6587882387282414	0.04856154290993247	0.1210550325885725	1142.6854615284278	116.0	9.850736737314033	-460.06278474323597
3.0	588.0	860.0	2.07461299509492	0.1365160550905722	72.83846769347136	1.0356867931912324	6.1238052785470325	0.7056976713060297	0.04856154290993247	0.1210550325885725	1142.6854615284278	116.0	9.850736737314033	-460.06278474323597
2.0	598.0	860.0	2.724569211417039	0.10657118759979244	59.84171563644754	0.34957703351076036	4.819304592773962	0.2439474405751636	0.0755632069788761	0.09019780613602327	207.52460911380356	119.0	1.743904278267257	-569.6175600182079
2.0	598.0	860.0	1.3454656055919683	0.07026595744004707	72.87901532819835	0.8464530867676527	5.781706028487507	0.6376814765235423	0.0755632069788761	0.09019780613602327	207.52460911380356	119.0	1.743904278267257	-569.6175600182079
2.0	608.0	860.0	2.786818385120756	0.28798462149765897	59.5330892809639	0.22985566097937546	3.50336891310718	0.2261250651854215	0.07284812281203899	0.10256389912496024	254.25439955137588	119.0	2.136591592868705	-553.3800640350627
2.0	608.0	860.0	1.153061910126011	0.08918155325929256	69.35465972084329	1.6073154629886968	6.3218234542544405	1.102463160926382	0.07284812281203899	0.10256389912496024	254.25439955137588	119.0	2.136591592868705	-553.3800640350627
1.0	618.0	860.0	3.2632737976068165	0.10390506181118382	60.667184360234764	0.14890770646049056	4.049802567850597	0.1489074773105911	0.07517739586578656	0.15073637560631142	557.656446919438	122.0	4.570954482946213	-454.0475014079527
1.0	628.0	860.0	3.4325257382056855	0.09339391369111612	60.4570455104279	0.11240805827384015	3.5777877385276255	0.11240799954173523	0.11008153558089073	0.13054409811925957	185.62740727148199	122.0	1.521536125176082	-496.20502122377695
1.0	638.0	860.0	3.3612925497682573	0.13036121881429133	59.73628086069338	0.16637587666748357	3.715037117724555	0.16637572891636485	0.14768647413765032	0.17468358605578213	208.64238314296782	122.0	1.7101834683849821	-408.12742210163333
1.0	648.0	860.0	3.070697189114668	0.12101443869081474	58.69943016931927	0.18578338261894675	4.082341482550366	0.18578312438121578	0.14331283829938343	0.16519353081406285	209.8194143409963	122.0	1.7198312650901337	-414.93965297982817
1.0	658.0	860.0	2.983313391806241	0.09601792900571736	58.441256928059175	0.18130537183831663	4.877984304926592	0.18130504675331824	0.09910449283969464	0.15812247919319192	330.0680758139864	122.0	2.7054760312621835	-450.5219772836837
1.0	668.0	860.0	2.8261190877855094	0.08289447836642837	58.7420522202647	0.16880408539942682	4.983643039646847	0.1688038906646494	0.08435840787198434	0.13215233442470017	346.87731542050125	122.0	2.8432566837746003	-484.5880213597777
1.0	678.0	860.0	3.1168439469189884	0.09904194844264366	59.18241086954615	0.15588218555833339	4.247671160892175	0.1558816585367171	0.09540949472548199	0.1536057207679559	329.96480425587737	122.0	2.704629543080962	-460.06026280144096
2.0	688.0	860.0	0.601306537268528	0.05079453716754202	48.698406956497564	1.8023522805528605	20.84751098673343	1.5871587176023352	0.10780482975082145	0.12539890810114848	180.64434855381205	119.0	1.5180197357463197	-498.11928576903614
2.0	688.0	860.0	2.800773883018096	0.10112160598810707	59.75361753305408	0.13550782637132106	3.4358499107095586	0.15502821457472768	0.10780482975082145	0.12539890810114848	180.64434855381205	119.0	1.5180197357463197	-498.11928576903614
2.0	818.0	860.0	0.8212932296856169	0.12096799939624668	31.211908831051904	0.4922225544346691	2.895184604647191	0.49222908429133533	0.10239562075025281	0.15309802947594114	284.02117357990477	119.0	2.3867325510916366	-454.42408732639876
2.0	818.0	860.0	2.549230540726867	0.10661595372604873	57.53916664015746	0.17995549763187837	3.725976159118485	0.1799550640852891	0.10239562075025281	0.15309802947594114	284.02117357990477	119.0	2.3867325510916366	-454.42408732639876
2.0	828.0	860.0	1.1690976499498151	0.10492128698895767	33.69090801856062	0.3335976724524631	3.2177087454170614	0.33381346698875913	0.09635938486933993	0.1356955555945956	268.1985067213456	119.0	2.253768964044921	-476.7790486065538
2.0	828.0	860.0	2.6007611942733218	0.0850406132545759	56.33499157490654	0.18499494076847767	4.900234220282373	0.18516065389314162	0.09635938486933993	0.1356955555945956	268.1985067213456	119.0	2.253768964044921	-476.7790486065538
2.0	838.0	860.0	1.3604278358958968	0.08505221631249572	35.81148276869879	0.29808318626413627	3.815752412460105	0.3052710175742656	0.09409314060684205	0.1243800823300576	218.541025727288	119.0	1.8364792077923362	-508.3231654884096
2.0	838.0	860.0	2.855116233436583	0.06841282869588165	54.534196245675076	0.17734742990820804	6.159831927989014	0.19257187764795572	0.09409314060684205	0.1243800823300576	218.541025727288	119.0	1.8364792077923362	-508.3231654884096
2.0	848.0	860.0	1.5410512024971628	0.13407439127359883	38.422428889570966	0.32118153793231285	3.362121779779968	0.33041163380746574	0.11446850372688419	0.1227618751714153	157.62743535929377	119.0	1.3246002971369224	-500.1619648055906
2.0	848.0	860.0	3.172878434340991	0.0662941280496614	52.07828617384439	0.3085657340910137	7.2166200734513275	0.30641119321480215	0.11446850372688419	0.1227618751714153	157.62743535929377	119.0	1.3246002971369224	-500.1619648055906
2.0	858.0	860.0	1.4971046742802048	0.2128411556636634	39.367109870203755	0.30614262485487576	2.7867477551726805	0.3965937124048012	0.12156388902587019	0.13019037229341826	176.1873680614309	119.0	1.480566118163285	-471.2126799535886
2.0	858.0	860.0	3.7973706895929604	0.07643767820755519	50.35115182267411	0.36212480796988755	6.931357747529607	0.3239484182040935	0.12156388902587019	0.13019037229341826	176.1873680614309	119.0	1.480566118163285	-471.2126799535886
1.0	868.0	860.0	4.159784531065771	0.07040081230863181	49.510439928429875	0.1475191266657239	7.548675206113888	0.1475191234275383	0.11961424230497966	0.14687909927095885	188.48410585080848	122.0	1.5449516873017088	-473.53334706735455
1.0	878.0	860.0	4.56311264701559	0.09854915364674832	49.809615459293894	0.15989316031825734	6.411392361152605	0.15989309551099934	0.10217111564997872	0.1847935552303929	429.95832293934563	122.0	3.5242485486831607	-409.8547488118115
1.0	888.0	860.0	5.192987476409936	0.17125165733455885	49.710789042682215	0.19733591955882782	5.181978508454863	0.19733576021820434	0.12631241759698408	0.29603442652567463	686.5977352486665	122.0	5.627850288923495	-298.3198783964203
1.0	898.0	860.0	5.196899881632174	0.20623825044454883	50.232140210175565	0.2193557069989971	4.787519567550662	0.21935618497272932	0.1424898861910952	0.3398371209718658	722.8649781916696	122.0	5.925122772062865	-261.7574745648548
1.0	908.0	860.0	4.699142064160098	0.17946552182060946	50.78941571520261	0.19858008300422925	4.503641692674901	0.19858059213097964	0.1704330434730737	0.28355488773790327	359.90826357716657	122.0	2.95006773423907	-304.16126178796503
1.0	958.0	860.0	1.542284366455175	0.24311167558314808	32.15875713092133	0.579473127995145	3.182868297296202	0.5794688992926029	0.22810654210378886	0.32365328882196265	260.63752021796967	122.0	2.136373116540735	-271.63350564836423
2.0	28.0	870.0	1.234192243092514	0.16011482844980396	22.093359126467632	0.8753140951809112	5.845545633307149	0.8753185802550618	0.2591461514314034	0.280002450770539	156.84822654511834	119.0	1.3180523239085575	-296.50829556962776
2.0	28.0	870.0	1.3590872494924264	0.19397850767958094	65.24024559983252	0.6561940278772175	3.981718438710451	0.6561944977272571	0.2591461514314034	0.280002450770539	156.84822654511834	119.0	1.3180523239085575	-296.50829556962776
2.0	308.0	870.0	1.6143516690673925	0.14518990154063305	21.267235418678524	0.2984646861148037	2.8737633692054523	0.2984640722920043	0.1601462704046026	0.1809849871424855	166.07855039226547	119.0	1.3956180705232393	-409.6866666440495
2.0	308.0	870.0	3.3137127341927743	0.14458658343408534	58.650892071072825	0.14601222079780513	2.8977342455199864	0.1460117094122028	0.1601462704046026	0.1809849871424855	166.07855039226547	119.0	1.3956180705232393	-409.6866666440495
3.0	318.0	870.0	2.374165195761365	0.11154252671734224	21.536069908356506	0.2616205222648731	3.8649765132494327	0.2695849078658855	0.1460233268075934	0.1485505044808347	152.25933871259818	116.0	1.3125805061430877	-436.77306877648283
3.0	318.0	870.0	1.265760133129813	0.10488965954064283	35.54868132479729	0.5246527508749568	4.501244648735791	0.5646911779208051	0.1460233268075934	0.1485505044808347	152.25933871259818	116.0	1.3125805061430877	-436.77306877648283
3.0	318.0	870.0	4.477274542081175	0.12260897998234753	57.54359551513794	0.09967048533427135	3.1519383564264514	0.09971861017789607	0.1460233268075934	0.1485505044808347	152.25933871259818	116.0	1.3125805061430877	-436.77306877648283
3.0	328.0	870.0	2.9137884251811452	0.15611373302241888	21.25653603653003	0.2851284513963188	4.19685030227642	0.22434577677943074	0.11039394549267594	0.12067708483414522	149.46324834091854	116.0	1.288476278801022	-509.0176803059511
3.0	328.0	870.0	1.5319459116367664	0.06971545277485876	34.434437170301806	0.8621611883105126	6.5970391479979895	0.7677953842119308	0.11039394549267594	0.12067708483414522	149.46324834091854	116.0	1.288476278801022	-509.0176803059511
3.0	328.0	870.0	5.397749979138704	0.08957885350555025	56.20011389247174	0.06580432011655324	3.3167404521357904	0.06689935419323613	0.11039394549267594	0.12067708483414522	149.46324834091854	116.0	1.288476278801022	-509.0176803059511
3.0	338.0	870.0	2.9427328926726934	0.07539589843725607	23.91590028861364	0.1864539579456615	6.302689541466289	0.18646027677150262	0.09649856028964138	0.13743567804931836	263.6761301762375	116.0	2.2730700877261856	-471.6906009780979
3.0	338.0	870.0	5.33889475635382	0.10428416263193326	54.793876421245166	0.07538891078960527	3.298656852339195	0.07610160194440668	0.09649856028964138	0.13743567804931836	263.6761301762375	116.0	2.2730700877261856	-471.6906009780979
3.0	338.0	870.0	0.44901645938856016	0.07454538653159645	76.68519883316175	1.254916163164742	6.542542987868323	1.288320473850735	0.09649856028964138	0.13743567804931836	263.6761301762375	116.0	2.2730700877261856	-471.6906009780979
3.0	348.0	870.0	2.0780496367884638	0.07016725761282872	24.267776728879706	0.20533296841429427	5.26636247515046	0.20533315831623974	0.10686523342486473	0.11337966626319548	155.6031376647498	116.0	1.3414063591788776	-512.1070874763087
3.0	348.0	870.0	4.82011229780339	0.09174776068715716	53.89646861882851	0.06773283602474439	3.081284659964842	0.06778266747524223	0.10686523342486473	0.11337966626319548	155.6031376647498	116.0	1.3414063591788776	-512.1070874763087
3.0	348.0	870.0	0.753628889978502	0.07244864228184111	76.13672009866963	0.5485540610754018	4.944004903882156	0.5491367061512011	0.10686523342486473	0.11337966626319548	155.6031376647498	116.0	1.3414063591788776	-512.1070874763087
3.0	358.0	870.0	1.0961392628450572	0.08363243569352172	25.33747410084992	0.46522984604419293	5.280677896684465	0.46523171034801697	0.10584935703918065	0.1263311950338409	225.92966253521428	116.0	1.947669504613916	-467.88062330352733
3.0	358.0	870.0	3.810498262681306	0.10970104795761283	53.86642050701055	0.10483938158645413	3.0722693850161553	0.10621253836699414	0.10584935703918065	0.1263311950338409	225.92966253521428	116.0	1.947669504613916	-467.88062330352733
3.0	358.0	870.0	0.7650406355928205	0.07890138119614497	73.0277452255854	0.7272955828279055	6.079924128182982	0.7596547550567189	0.10584935703918065	0.1263311950338409	225.92966253521428	116.0	1.947669504613916	-467.88062330352733
5.0	368.0	870.0	0.5814997628541407	0.14310168076629343	25.92026450828233	0.8462861878187264	3.2126101917203407	0.8284757431728259	0.11282662833297895	0.09383075732953096	117.28804803564964	110.0	1.0662549821422693	-519.032165413367
5.0	368.0	870.0	0.5046244923422324	0.07058704080102181	38.964731961122524	1.5763250773184199	6.579554118748211	2.774834901556182	0.11282662833297895	0.09383075732953096	117.28804803564964	110.0	1.0662549821422693	-519.032165413367
5.0	368.0	870.0	2.9418734092723864	0.10443760623448956	54.46306038230928	0.20583326605024554	3.2112903914854822	0.24420699700620022	0.11282662833297895	0.09383075732953096	117.28804803564964	110.0	1.0662549821422693	-519.032165413367
5.0	368.0	870.0	1.2778587484757138	0.08749166997045818	64.12292288293933	0.4719907945202678	3.3743207339013397	0.5752292816028393	0.11282662833297895	0.09383075732953096	117.28804803564964	110.0	1.0662549821422693	-519.032165413367
5.0	368.0	870.0	0.9080558997266289	0.09714485014061744	74.5792104800427	0.3676801952122326	2.456305492741934	0.37573668536485527	0.11282662833297895	0.09383075732953096	117.28804803564964	110.0	1.0662549821422693	-519.032165413367
5.0	378.0	870.0	0.8762844232545695	0.07941290963830508	26.597462220055583	0.38066155378521893	3.1612757107002363	0.3857320237420529	0.10923746535474874	0.0916699493036064	107.84905831336015	110.0	0.9804459846669105	-537.6017635653093
5.0	378.0	870.0	0.5175950599956259	0.06672841988464488	42.56470189726405	1.227283442808747	5.472549803598046	1.6052239327495272	0.10923746535474874	0.0916699493036064	107.84905831336015	110.0	0.9804459846669105	-537.6017635653093
5.0	378.0	870.0	1.3521708434366482	0.20104001961342363	53.465596023699035	0.3817234343899744	2.5116808582817827	0.40872709296054577	0.10923746535474874	0.0916699493036064	107.84905831336015	110.0	0.9804459846669105	-537.6017635653093
5.0	378.0	870.0	2.778180869265693	0.07491601164702218	62.08270371443791	0.2903860010877491	4.259137025178439	0.34120001755899	0.10923746535474874	0.0916699493036064	107.84905831336015	110.0	0.9804459846669105	-537.6017635653093
5.0	378.0	870.0	0.8298865790689572	0.08413099298834686	74.99222020582822	0.4043034561789003	2.8226183390472888	0.40891032180078307	0.10923746535474874	0.0916699493036064	107.84905831336015	110.0	0.9804459846669105	-537.6017635653093
2.0	388.0	870.0	2.0182266380340756	0.1263611898836375	25.639973585251504	0.36917547540405304	5.106607887847878	0.3691756421220614	0.09231755048466762	0.21341277174438267	672.6412412192756	119.0	5.652447405203996	-372.55609092645426
2.0	388.0	870.0	3.990064777948236	0.14885749086925426	62.76827537706111	0.15851041932168985	3.6798881015750675	0.158510755894869	0.09231755048466762	0.21341277174438267	672.6412412192756	119.0	5.652447405203996	-372.55609092645426
2.0	398.0	870.0	2.839625946666801	0.20261932615209483	25.79210800639475	0.4513965214770569	5.48058098098761	0.4513987794017669	0.10747916068105706	0.3453400966416592	1369.1008159121927	119.0	11.505048873211704	-245.7032457666514
2.0	398.0	870.0	5.610561611599565	0.27455542797989174	63.04319360031746	0.16862295232375618	2.9841637568472614	0.16862298406017823	0.10747916068105706	0.3453400966416592	1369.1008159121927	119.0	11.505048873211704	-245.7032457666514
3.0	408.0	870.0	2.243991228930218	0.18225616292960795	25.93896120666374	0.928522623377505	5.190160268379379	0.8864761769084677	0.10805096873805763	0.2926250363198019	939.8838059164436	116.0	8.102446602727962	-284.5425252652713
3.0	408.0	870.0	1.341488548033848	0.32444958905216026	36.75208203102955	0.9878643110147147	3.026517718562488	0.87873320274103	0.10805096873805763	0.2926250363198019	939.8838059164436	116.0	8.102446602727962	-284.5425252652713
3.0	408.0	870.0	5.453396941925384	0.22718149328017317	63.38624293977832	0.1492275925984989	3.102229544943274	0.14922759514072276	0.10805096873805763	0.2926250363198019	939.8838059164436	116.0	8.102446602727962	-284.5425252652713
3.0	418.0	870.0	1.3882978029244886	0.13254229995793898	26.178307847432468	0.7438299911554972	4.582236068316349	0.7516826926833086	0.0897301157831542	0.19916943407943294	664.1549878777109	116.0	5.725474033428543	-374.3967643873784
3.0	418.0	870.0	3.118638921625505	0.13733190041790547	39.84101786715792	0.3188775006906057	4.25062649303273	0.3149780124121935	0.0897301157831542	0.19916943407943294	664.1549878777109	116.0	5.725474033428543	-374.3967643873784
3.0	418.0	870.0	2.902615682675829	0.12185779370888068	64.55814251883639	0.25524692975382673	5.266853800439313	0.2563156935585203	0.0897301157831542	0.19916943407943294	664.1549878777109	116.0	5.725474033428543	-374.3967643873784
3.0	428.0	870.0	1.1730084189044863	0.12688109901017722	27.016728821801767	0.516093049428451	3.406982701968894	0.5174539598304436	0.1058589314670098	0.146940685763216	331.13144045621357	116.0	2.8545813832432203	-420.0715516764548
3.0	428.0	870.0	3.300541441543908	0.10603003734971868	41.61658136414054	0.2270081668718801	5.219227092555125	0.2790739736765425	0.1058589314670098	0.146940685763216	331.13144045621357	116.0	2.8545813832432203	-420.0715516764548
3.0	428.0	870.0	1.9628253224982763	0.0862046702135068	65.60617918103162	0.4136113099139521	7.667285262577554	0.4524107683071766	0.1058589314670098	0.146940685763216	331.13144045621357	116.0	2.8545813832432203	-420.0715516764548
3.0	438.0	870.0	2.2009781863383817	0.1637020671212051	34.97113084893705	1.5756654652047353	6.625278354856648	1.0668027050245328	0.1367475933528877	0.14400649541370328	226.63445201785112	116.0	1.953745276015958	-403.4613119568468
3.0	438.0	870.0	2.0377105186648747	0.5147290153151176	45.54767179967032	0.6478599412876714	3.8261367466978795	0.6588940159483263	0.1367475933528877	0.14400649541370328	226.63445201785112	116.0	1.953745276015958	-403.4613119568468
3.0	438.0	870.0	2.522095779913358	0.09011210053586174	63.150498576353144	0.4717153427468461	8.281476378739017	0.5082958033760657	0.1367475933528877	0.14400649541370328	226.63445201785112	116.0	1.953745276015958	-403.4613119568468
3.0	448.0	870.0	3.0648141115717045	0.11423871630442335	34.2807078082217	0.468724547227446	4.633357377449631	0.34738847879337936	0.09736903805767025	0.11875754754998645	237.90271048508959	116.0	2.0508854352162897	-482.3030242654337
3.0	448.0	870.0	2.7662673335972627	0.17539632200225563	45.388149813801384	0.4282082890460716	4.133409474936203	0.429784188369285	0.09736903805767025	0.11875754754998645	237.90271048508959	116.0	2.0508854352162897	-482.3030242654337
3.0	448.0	870.0	2.629388788190571	0.06666344164240477	61.853149892490926	0.42652938828899584	8.01761863118091	0.4163491574893753	0.09736903805767025	0.11875754754998645	237.90271048508959	116.0	2.0508854352162897	-482.3030242654337
2.0	458.0	870.0	3.1037636121923358	0.20430270279948043	37.72493920723823	0.4405279855621205	6.695432890009255	0.36093934349695583	0.10337088273907424	0.1576277432014493	297.67906277408997	119.0	2.5015047291940333	-446.1833495141605
2.0	458.0	870.0	2.1250529681019192	0.07595612544725075	57.996752439600506	1.2526878079062564	11.194835246622278	0.9790811519421941	0.10337088273907424	0.1576277432014493	297.67906277408997	119.0	2.5015047291940333	-446.1833495141605
2.0	468.0	870.0	3.469121592157862	0.07940134040586286	37.98662327254412	0.32089442454645006	7.2619234039102025	0.29442369264470797	0.1037413943221212	0.15331639164552446	276.96528974220155	119.0	2.327439409598332	-454.3043463388788
2.0	468.0	870.0	2.8873516710517055	0.07431339143225363	60.334365834230354	0.40767469291310987	8.024810347163356	0.38948248941625485	0.1037413943221212	0.15331639164552446	276.96528974220155	119.0	2.327439409598332	-454.3043463388788
2.0	478.0	870.0	3.4059633277330454	0.10637699256048032	37.79646311054742	0.39896590960210304	9.071536308636244	0.4379739954696419	0.09295186003123915	0.2256405227501493	780.164642979972	119.0	6.5560054031930415	-352.30761896699613
2.0	478.0	870.0	4.569643159152007	0.13214952057065454	61.60026459191508	0.2361401849106201	5.68884368293341	0.23260877237578395	0.09295186003123915	0.2256405227501493	780.164642979972	119.0	6.5560054031930415	-352.30761896699613
2.0	488.0	870.0	2.8388444038874714	0.1130869612956326	37.2858075361659	0.5137432032289995	9.583833638391553	0.5685905142997006	0.10042317120527845	0.24806489416800087	797.2527933377546	119.0	6.6996033053592825	-330.2714539197204
2.0	488.0	870.0	4.771898687041113	0.14471177040953967	62.326298365489336	0.23521444000309966	5.622698104606444	0.2339599607602737	0.10042317120527845	0.24806489416800087	797.2527933377546	119.0	6.6996033053592825	-330.2714539197204
2.0	498.0	870.0	1.9463356893673458	0.0978030296710204	36.87345221218967	0.6107215674835985	9.74779612224371	0.674051359956474	0.09992168628143662	0.212214963056287	618.6244579897252	119.0	5.198524857056515	-363.2321873641499
2.0	498.0	870.0	3.2945675601163944	0.12530606529465907	63.985171926861035	0.2787082157819275	5.631247000900611	0.28224279685179343	0.09992168628143662	0.212214963056287	618.6244579897252	119.0	5.198524857056515	-363.2321873641499
1.0	558.0	870.0	3.1436925443776835	0.15257677388951216	54.36324717138552	0.34586888260459	6.170329640303605	0.34586810737095386	0.09423642748196817	0.2723879069971437	1166.0523098029041	122.0	9.557805818056591	-305.3539307285989
2.0	618.0	870.0	0.7894957624127412	0.08022467334292946	43.52673820413234	0.37273452522878375	3.1212486403952413	0.3811351692076234	0.10769538691426256	0.10383880903418777	120.84866729056387	119.0	1.0155350192484358	-548.6220999631704
2.0	618.0	870.0	2.8272630251087407	0.0680382321773567	59.59786540194878	0.12276030435327494	4.393159081121549	0.1274119399560362	0.10769538691426256	0.10383880903418777	120.84866729056387	119.0	1.0155350192484358	-548.6220999631704
2.0	628.0	870.0	0.872492343837637	0.10142096425977229	43.84539932631617	0.43680070256113945	3.230733695723221	0.44516806482242044	0.0951162512885324	0.13612540721337565	256.1594047416773	119.0	2.152600039846028	-485.76622150109
2.0	628.0	870.0	3.3589722980889443	0.09292859647561477	59.714474016854346	0.12381624544303495	3.8645060129225195	0.12678415925042466	0.0951162512885324	0.13612540721337565	256.1594047416773	119.0	2.152600039846028	-485.76622150109
3.0	638.0	870.0	0.9871644135307885	0.1275386031382386	44.37322715386852	0.3998186858105242	2.6757844483157758	0.4026034116808113	0.10301692627583496	0.1495206502748223	280.18038870291423	116.0	2.4153481784733986	-447.76028750364196
3.0	638.0	870.0	3.680111916795316	0.11135493690026553	59.41255856235355	0.12284185628677703	3.516360707811468	0.12396520595475777	0.10301692627583496	0.1495206502748223	280.18038870291423	116.0	2.4153481784733986	-447.76028750364196
3.0	638.0	870.0	0.22638482600975168	0.07895732462286337	126.65802175221697	2.802700403192618	6.9590629621121645	2.8026996908911803	0.10301692627583496	0.1495206502748223	280.18038870291423	116.0	2.4153481784733986	-447.76028750364196
2.0	648.0	870.0	0.6952090316260415	0.1103739305696564	44.60068522991474	0.5601558396536706	3.024805920399361	0.5746703455798942	0.11136423027127883	0.14085810268022778	206.47532280014798	119.0	1.7350867462197308	-473.29201381271946
2.0	648.0	870.0	3.4740071156099748	0.10305863778021548	58.72818274478343	0.12008342463886514	3.483774011184458	0.12385911579711746	0.11136423027127883	0.14085810268022778	206.47532280014798	119.0	1.7350867462197308	-473.29201381271946
1.0	658.0	870.0	3.0859529357332716	0.1049948190511768	58.572575243863206	0.15747830506501062	4.007987946131968	0.1574779324453905	0.1074474966296726	0.15473100054554065	275.87603773678086	122.0	2.261278997842466	-452.73350243090556
1.0	668.0	870.0	2.6979175284003154	0.0937873270896191	58.778001098558455	0.1551059083364125	3.863447890013844	0.15510533862111647	0.0988170278002201	0.13616253632443864	250.87588925937413	122.0	2.0563597480276568	-485.54075892563264
2.0	828.0	870.0	1.2127140097216311	0.12202500259150115	32.9493858412904	0.411504069841607	3.5422432883698782	0.41215208135879533	0.10865851115898544	0.14127513176644685	313.77002157145296	119.0	2.6367228703483443	-427.1311249291073
2.0	828.0	870.0	2.698943089739423	0.09916945675654584	56.670942415037125	0.22755157622634703	5.364479197729932	0.2280521110847465	0.10865851115898544	0.14127513176644685	313.77002157145296	119.0	2.6367228703483443	-427.1311249291073
2.0	838.0	870.0	1.8201126447548808	0.1023603688290811	35.23475182352101	0.25276605024879945	3.625765514020844	0.2578669462774241	0.09628159966511456	0.14597348371375352	287.5365002798773	119.0	2.4162731115956078	-468.2781394183838
2.0	838.0	870.0	3.0323219789800566	0.0793816191662362	53.9982589362279	0.19659691606357266	6.294433616426607	0.21291570331542076	0.09628159966511456	0.14597348371375352	287.5365002798773	119.0	2.4162731115956078	-468.2781394183838
2.0	848.0	870.0	2.5303567410259964	0.14472620865093358	37.227760567307	0.22425510588881825	3.11593131647202	0.22701711235259617	0.12335945220951719	0.16608624873889763	235.62058518363466	119.0	1.980004917509535	-431.212702520639
2.0	848.0	870.0	3.3291798915478474	0.09002853831122212	51.794482628545154	0.28275663492233394	6.836191479720044	0.30824405339869715	0.12335945220951719	0.16608624873889763	235.62058518363466	119.0	1.980004917509535	-431.212702520639
2.0	858.0	870.0	3.149312082119085	0.13915991071537212	38.11361710851991	0.18896172306726589	3.0890395424831096	0.18323017518350954	0.14058450072211992	0.16706225478178402	177.16274233871735	119.0	1.4887625406614904	-434.1803935500294
2.0	858.0	870.0	3.8175916576309623	0.09661117307201215	51.31472694620605	0.2267305105036261	5.763426560809946	0.24496416606645227	0.14058450072211992	0.16706225478178402	177.16274233871735	119.0	1.4887625406614904	-434.1803935500294
3.0	868.0	870.0	0.41609506869650764	0.10172888944235436	21.630738401900537	2.732828549632968	8.20687170839334	3.0493226341002977	0.14125634683326768	0.1819306752722426	268.7348286466701	116.0	2.31667955729888	-374.0531031418871
3.0	868.0	870.0	2.67249872557415	0.19148402993389724	38.55570411362918	0.26822363556306733	2.8814003905721504	0.28907354607798175	0.14125634683326768	0.1819306752722426	268.7348286466701	116.0	2.31667955729888	-374.0531031418871
3.0	868.0	870.0	4.011583803326998	0.12240977013553514	51.64770349780141	0.2517830291346263	5.658333233348646	0.27679918619060695	0.14125634683326768	0.1819306752722426	268.7348286466701	116.0	2.31667955729888	-374.0531031418871
1.0	878.0	870.0	3.7552648195542755	0.12415589089135366	50.88031529385658	0.2896250242751894	7.586062875631406	0.2896248952893678	0.14397173296868326	0.22821026818820633	406.6547239674364	122.0	3.333235442356036	-331.078231371906
1.0	888.0	870.0	4.765999785652763	0.1674096099031568	51.0627487370706	0.2210735389600215	5.4507522507985815	0.22107364946305888	0.19472193617644912	0.2748979292416948	290.39603217782616	122.0	2.3802953457198863	-297.6791913192312
1.0	898.0	870.0	5.021324095894858	0.21219930502007445	51.31351716577637	0.2591051752311472	5.3087856730532925	0.2591044342667174	0.26131446786396534	0.3445569827432585	252.36371933187044	122.0	2.068555076490741	-241.68797976409243
1.0	948.0	870.0	2.5160676687816137	0.29887721077788443	30.746298411022682	0.42747500050588205	3.1155771588751753	0.42747089031423213	0.3286442352904019	0.39169129388692614	185.76923801944054	122.0	1.5226986722904963	-222.6709274562018
2.0	28.0	880.0	0.7809133369669581	0.1039575653587937	20.703144486520074	0.8945133727217147	5.81590595389671	0.894507009487152	0.20189275383644567	0.17360064471490902	108.45592149717938	119.0	0.911394298295625	-405.03903417949994
2.0	28.0	880.0	1.784793110982473	0.12306295740488361	62.11258801586812	0.33055842282056064	4.151828318365413	0.3305584233544746	0.20189275383644567	0.17360064471490902	108.45592149717938	119.0	0.911394298295625	-405.03903417949994
4.0	248.0	880.0	0.8209197930547495	0.10038623020508504	29.71337375610939	0.8324561278378729	3.8458068651055237	0.8104445009081612	0.11569668268050343	0.13202318659797402	187.7431066568727	113.0	1.6614434217422362	-461.5650103052367
4.0	248.0	880.0	0.40614773442376045	0.10515036323889333	42.83427953394948	1.78999859014961	4.260230772220559	2.969537654433148	0.11569668268050343	0.13202318659797402	187.7431066568727	113.0	1.6614434217422362	-461.5650103052367
4.0	248.0	880.0	0.5397391261608298	0.19026057848283556	51.57898107240381	0.8117159372559897	1.9899547763206047	0.8199868865019866	0.11569668268050343	0.13202318659797402	187.7431066568727	113.0	1.6614434217422362	-461.5650103052367
4.0	248.0	880.0	3.952023686744344	0.09757687061817501	65.60157527340535	0.11367434634580456	3.989618357969124	0.11551221585777642	0.11569668268050343	0.13202318659797402	187.7431066568727	113.0	1.6614434217422362	-461.5650103052367
2.0	258.0	880.0	0.7370260082041821	0.08859607871126958	33.28092916974759	1.030758470150829	7.430279428314972	1.0315353574755186	0.09840368169467474	0.15447348079340198	423.1436824012621	119.0	3.555829263876152	-414.53264325323477
2.0	258.0	880.0	4.203678829553735	0.12469935143903232	65.02684238592474	0.1284173453727646	3.7484233473490285	0.12847192588861503	0.09840368169467474	0.15447348079340198	423.1436824012621	119.0	3.555829263876152	-414.53264325323477
1.0	268.0	880.0	4.051464277402735	0.11548263435785314	64.64395422251174	0.12945521932551632	3.9329160600976243	0.12945500841043545	0.10537231683310892	0.1659272700640119	340.5093641820349	122.0	2.791060362147827	-431.29772035658294
1.0	278.0	880.0	3.6819982007945784	0.15563882118338979	64.82005695434326	0.20976281408112826	4.2971568990927125	0.20976238882802506	0.11686544478635055	0.2445974143648978	549.3983992012046	122.0	4.503265567222988	-345.6192473094524
1.0	288.0	880.0	2.7317812440132965	0.12773814505584344	64.27027305966512	0.2592042776909005	4.800140892252125	0.25920383671354896	0.11525216805582407	0.21181683476843752	425.04989891389715	122.0	3.4840155648680096	-381.1715921371091
1.0	298.0	880.0	2.379281628453971	0.10562050082300292	61.64158006936628	0.23233979454406703	4.532061777780237	0.23233924324539673	0.11953481615942872	0.1673690449908706	255.06700406824254	122.0	2.0907131481003485	-435.8853335584157
2.0	308.0	880.0	1.9837877524745595	0.1239538426228116	21.077317814914053	0.26715094013813967	3.7027331175653906	0.26715093694759556	0.13900037224998835	0.177096176454671	207.01948004300695	119.0	1.7396594961597223	-417.54540778969977
2.0	308.0	880.0	3.4880767931024645	0.13501210004970157	58.91566372872882	0.13949634945154316	3.120884775555144	0.13949605901365283	0.13900037224998835	0.177096176454671	207.01948004300695	119.0	1.7396594961597223	-417.54540778969977
2.0	318.0	880.0	2.853500560921845	0.12181686711548315	23.228381622560004	0.28511112590905935	5.784581595109912	0.2851116168759614	0.19419000001713804	0.21277272573412165	160.02799361396904	119.0	1.3447730555795718	-366.1383121709213
2.0	318.0	880.0	4.915928675480294	0.16025987940745806	57.65448084215723	0.12580214292600003	3.341945839272615	0.12580215055774396	0.19419000001713804	0.21277272573412165	160.02799361396904	119.0	1.3447730555795718	-366.1383121709213
2.0	328.0	880.0	3.7163447897181667	0.1009024550762819	25.40452568121049	0.24090852989160866	7.686268310798903	0.2411857678803837	0.12242389362514555	0.20954042950048335	366.82990777209113	119.0	3.0826042669923623	-377.7814981483005
2.0	328.0	880.0	5.929051033684112	0.14864288787382995	56.72201580399941	0.10250572477583166	3.5398096194910176	0.1025635631401643	0.12242389362514555	0.20954042950048335	366.82990777209113	119.0	3.0826042669923623	-377.7814981483005
2.0	338.0	880.0	4.338043747749945	0.125176841956763	25.18140511300508	0.2473157703098966	7.424276971908192	0.24764049254125817	0.36105376468786626	0.21617482055268664	62.69199812827107	119.0	0.5268235136829501	-328.2302252853369
2.0	338.0	880.0	4.572838548175599	0.1773872204397699	55.903060543138004	0.16556421598041265	3.694917739715325	0.16568065648437277	0.36105376468786626	0.21617482055268664	62.69199812827107	119.0	0.5268235136829501	-328.2302252853369
3.0	348.0	880.0	3.8977625451861835	0.08410441591838157	23.60857954714059	0.15118137879115767	6.067911516649342	0.15118400051342318	0.10138598945491682	0.15230488267115747	286.1672964056092	116.0	2.466959451772493	-449.10701784475714
3.0	348.0	880.0	2.654947962386644	0.11167554449726541	54.71960770509508	0.1671575323483449	3.4415681785178194	0.16716296553089585	0.10138598945491682	0.15230488267115747	286.1672964056092	116.0	2.466959451772493	-449.10701784475714
3.0	348.0	880.0	0.9205776372409187	0.10552593479761443	77.99536942433866	0.5101758416893948	3.8543142031760853	0.5101864429644528	0.10138598945491682	0.15230488267115747	286.1672964056092	116.0	2.466959451772493	-449.10701784475714
3.0	358.0	880.0	3.318139765037365	0.07914434284686268	22.81593282491842	0.12986623193929356	4.715485393242003	0.1298663605518227	0.11050495114087693	0.12710150567939504	165.76691697565587	116.0	1.429025146341861	-495.8249019698934
3.0	358.0	880.0	1.8117712116363562	0.09791243329221687	53.51624439749099	0.1922666016547619	3.080510290906944	0.1922656326663006	0.11050495114087693	0.12710150567939504	165.76691697565587	116.0	1.429025146341861	-495.8249019698934
3.0	358.0	880.0	0.9923250155552765	0.09002505294246466	77.11972400161416	0.3817730293006554	3.6443179921087534	0.38177307784844444	0.11050495114087693	0.12710150567939504	165.76691697565587	116.0	1.429025146341861	-495.8249019698934
4.0	368.0	880.0	2.474330837698466	0.0994916344969041	23.69153165124554	0.21277123756156735	4.504463194037451	0.21534565551790855	0.10515877417626752	0.1328715193263303	268.7200407800926	113.0	2.378053458230908	-440.6157247288351
4.0	368.0	880.0	1.123065547171695	0.07523674008921567	53.80410140653336	0.9445081892197223	8.806012243018104	1.0562283357360112	0.10515877417626752	0.1328715193263303	268.7200407800926	113.0	2.378053458230908	-440.6157247288351
4.0	368.0	880.0	0.5724229996646474	0.1963517376994272	65.84294876283855	0.5776573373655475	1.4735927446100132	0.5483138788303157	0.10515877417626752	0.1328715193263303	268.7200407800926	113.0	2.378053458230908	-440.6157247288351
4.0	368.0	880.0	0.9588272537166466	0.109469033749148	76.74265004974258	0.6151546200169721	4.305656856485452	0.6235178642574265	0.10515877417626752	0.1328715193263303	268.7200407800926	113.0	2.378053458230908	-440.6157247288351
4.0	378.0	880.0	1.779485273013544	0.07990300141123471	24.8849434545181	0.25942011833974077	4.96333544362596	0.2663771613933638	0.01841846935734445	0.10783001956977277	6158.656986824272	113.0	54.501389263931614	-484.6520885813195
4.0	378.0	880.0	1.0938530617641706	0.07985156776613095	47.9372867298123	0.5807625717541858	5.3229579025348785	0.6528603232308438	0.01841846935734445	0.10783001956977277	6158.656986824272	113.0	54.501389263931614	-484.6520885813195
4.0	378.0	880.0	2.7540505198538776	0.09361961915976716	62.50401057614267	0.19446700701571779	3.7848688277424474	0.22124254335004032	0.01841846935734445	0.10783001956977277	6158.656986824272	113.0	54.501389263931614	-484.6520885813195
4.0	378.0	880.0	1.0923623494112027	0.09865288983087178	75.99537366557824	0.3703967571387166	3.2826156512504614	0.3909104074090209	0.01841846935734445	0.10783001956977277	6158.656986824272	113.0	54.501389263931614	-484.6520885813195
4.0	388.0	880.0	1.973132837373218	0.06565063546960954	25.83696003009879	0.20816957827720062	5.420399954402957	0.20878742757494384	0.0987569834003892	0.11148411763083742	159.64384241457307	113.0	1.4127773665006467	-521.4086241655231
4.0	388.0	880.0	1.0414559722166414	0.0920698031620688	47.40701517520902	0.28160453568082977	2.7552766063361562	0.2827056031141004	0.0987569834003892	0.11148411763083742	159.64384241457307	113.0	1.4127773665006467	-521.4086241655231
4.0	388.0	880.0	4.754630011887051	0.09153370499203214	62.25423761710063	0.07939219931375742	2.8450756392114793	0.0789904056060531	0.0987569834003892	0.11148411763083742	159.64384241457307	113.0	1.4127773665006467	-521.4086241655231
4.0	388.0	880.0	1.0319950485951732	0.07685711771177926	73.75566224728526	0.44087129279783704	4.207917837565445	0.48239127986284236	0.0987569834003892	0.11148411763083742	159.64384241457307	113.0	1.4127773665006467	-521.4086241655231
3.0	398.0	880.0	2.4012145430043255	0.12499253951520807	26.972377211093388	0.30220847435998804	5.028118054471618	0.3022087061649899	0.17788576336358888	0.17144038471713793	170.1330644597392	116.0	1.466664348790855	-373.5548202911892
3.0	398.0	880.0	5.344242827174034	0.18897776849638492	62.553911649614314	0.1422675749242136	2.528813650932945	0.13229936444534468	0.17788576336358888	0.17144038471713793	170.1330644597392	116.0	1.466664348790855	-373.5548202911892
3.0	398.0	880.0	1.348166559902423	0.14847153535040875	71.94781061702479	0.7107955471978326	3.7935780532149153	0.7407609646527913	0.17788576336358888	0.17144038471713793	170.1330644597392	116.0	1.466664348790855	-373.5548202911892
3.0	408.0	880.0	2.016187749491985	0.1448036314906344	27.867370247477517	0.3835225593091681	4.624421848475961	0.383522311628695	0.1459936093639741	0.19134789615192221	311.7961481666462	116.0	2.687897829022812	-347.22840682325165
3.0	408.0	880.0	4.397956324968023	0.19743524691584713	63.252124875015795	0.18444416183314527	2.589855552706248	0.17824232010772287	0.1459936093639741	0.19134789615192221	311.7961481666462	116.0	2.687897829022812	-347.22840682325165
3.0	408.0	880.0	1.7047979426547442	0.17110809710572827	72.75233833712099	0.5527550433947864	3.5001651357596772	0.5862282750166596	0.1459936093639741	0.19134789615192221	311.7961481666462	116.0	2.687897829022812	-347.22840682325165
4.0	418.0	880.0	1.7976630975420769	0.12885971063425186	26.915695422695755	0.32829745309046643	2.9668791770657323	0.3042971251777802	0.11199073003917136	0.14209788567218468	216.39814587564726	113.0	1.9150278396074978	-451.94830017037276
4.0	418.0	880.0	1.4640699930776773	0.09614078728437712	38.14663770133899	0.5316410250742735	4.698716634764955	0.5534322189284228	0.11199073003917136	0.14209788567218468	216.39814587564726	113.0	1.9150278396074978	-451.94830017037276
4.0	418.0	880.0	3.184604220065902	0.15103322963402593	62.88080711420035	0.22060606329149773	2.9869645596240932	0.18954983025037958	0.11199073003917136	0.14209788567218468	216.39814587564726	113.0	1.9150278396074978	-451.94830017037276
4.0	418.0	880.0	1.5720986779836772	0.09745259316755381	73.12678354474181	0.617402886248308	4.5830360950303755	0.5884474960243107	0.11199073003917136	0.14209788567218468	216.39814587564726	113.0	1.9150278396074978	-451.94830017037276
4.0	428.0	880.0	1.6303814301736328	0.19050782331280475	26.54338781825053	0.30996886902804033	2.4124716381081974	0.34572826630500275	0.13207853106174447	0.1484443882177272	241.08888944055857	113.0	2.133529995049191	-397.19744046249576
4.0	428.0	880.0	1.8252363569929237	0.10214515369083285	39.7797174865908	0.5671312782721801	6.9148645830265725	0.6826684027437737	0.13207853106174447	0.1484443882177272	241.08888944055857	113.0	2.133529995049191	-397.19744046249576
4.0	428.0	880.0	1.6862932511451125	0.3192166215626934	59.850668475964994	0.3486618217520614	2.581552779164258	0.46618983826162264	0.13207853106174447	0.1484443882177272	241.08888944055857	113.0	2.133529995049191	-397.19744046249576
4.0	428.0	880.0	1.8498524931986282	0.10500138724597104	69.67382794727719	1.045296896190837	6.498805360433084	0.8999431864935469	0.13207853106174447	0.1484443882177272	241.08888944055857	113.0	2.133529995049191	-397.19744046249576
4.0	438.0	880.0	2.329999845309514	0.2706974699654846	32.67884414488468	1.1497757268534854	5.027942932898573	0.7159798875867744	0.07719771209681948	0.15768179488208284	715.4544128747477	113.0	6.331454981192458	-395.4851320745323
4.0	438.0	880.0	1.6784017175004347	0.16035343026684792	45.58425270961076	1.5607616982348687	5.5158928215272995	1.6313069442023904	0.07719771209681948	0.15768179488208284	715.4544128747477	113.0	6.331454981192458	-395.4851320745323
4.0	438.0	880.0	1.4840547826089554	0.29836174896902096	58.47726171457003	0.45717911402350103	2.5263518945560905	0.5527699670862521	0.07719771209681948	0.15768179488208284	715.4544128747477	113.0	6.331454981192458	-395.4851320745323
4.0	438.0	880.0	1.9246868500099508	0.10238445318072566	68.92234395619894	0.8877449488612644	6.717733598553806	0.8157790571245302	0.07719771209681948	0.15768179488208284	715.4544128747477	113.0	6.331454981192458	-395.4851320745323
4.0	448.0	880.0	2.926175542293049	0.2173789610174869	33.968587449364094	0.4897548794437468	3.814665686690441	0.3256528707976308	0.11196756550838938	0.14346187118269793	205.35125593976508	113.0	1.817267751679337	-458.549769143045
4.0	448.0	880.0	2.079919044365274	0.09754512195116284	45.694791404692666	0.635786784447727	4.928001293778669	1.418653544892181	0.11196756550838938	0.14346187118269793	205.35125593976508	113.0	1.817267751679337	-458.549769143045
4.0	448.0	880.0	1.4149437353747678	0.35264938580033334	57.193256796134875	0.9391858266162686	3.674821986633768	0.9805592222643944	0.11196756550838938	0.14346187118269793	205.35125593976508	113.0	1.817267751679337	-458.549769143045
4.0	448.0	880.0	1.520163422343288	0.08425749584758244	69.6424455676191	1.1753191023579403	7.012293900915923	0.9551654527128143	0.11196756550838938	0.14346187118269793	205.35125593976508	113.0	1.817267751679337	-458.549769143045
4.0	458.0	880.0	3.118997491781998	0.2450531452548959	34.85178632228826	0.572601752089131	3.82114865960592	0.3792864549765708	0.12977658205818768	0.1527400674590455	213.3393811284788	113.0	1.887959125030786	-416.87819997797294
4.0	458.0	880.0	2.1175884038523507	0.16269616003938675	46.133893395144064	0.7068382403619847	4.613794833189441	1.5406179413635768	0.12977658205818768	0.1527400674590455	213.3393811284788	113.0	1.887959125030786	-416.87819997797294
4.0	458.0	880.0	1.633117324166115	0.4252620525206749	56.87924606970758	0.9449831079536166	3.464147111643265	0.8650819018430591	0.12977658205818768	0.1527400674590455	213.3393811284788	113.0	1.887959125030786	-416.87819997797294
4.0	458.0	880.0	1.0033962261738005	0.08465207094416624	69.91934363939036	2.8584000453485947	10.567454061677262	2.250726445023508	0.12977658205818768	0.1527400674590455	213.3393811284788	113.0	1.887959125030786	-416.87819997797294
2.0	468.0	880.0	2.4815005475330625	0.20321338923581464	35.24412171762558	0.2884568098528626	3.8252187569592095	0.3747226950266824	0.10134499445663592	0.18642729336874972	612.25205948742	119.0	5.144975289810252	-360.99054430004395
2.0	468.0	880.0	2.1883291811404293	0.08566664615001218	55.44207233009312	0.9394697907729087	12.909817925055133	0.9373046767928567	0.10134499445663592	0.18642729336874972	612.25205948742	119.0	5.144975289810252	-360.99054430004395
3.0	478.0	880.0	2.948524448141455	0.10748114381437629	37.090422772565155	0.2990023680236435	5.685833549704328	0.3046412456948335	0.10182329539452382	0.18601977584920962	429.47314996659975	116.0	3.7023547410913773	-397.2831881983293
3.0	478.0	880.0	3.235279902988372	0.10024129084146566	58.969780405357255	0.2981010938461771	7.249640383062378	0.3683596306368357	0.10182329539452382	0.18601977584920962	429.47314996659975	116.0	3.7023547410913773	-397.2831881983293
3.0	478.0	880.0	0.7169008876256041	0.12561545367993815	81.38710179081002	0.8901832145861509	4.126542250105849	0.9093580933161012	0.10182329539452382	0.18601977584920962	429.47314996659975	116.0	3.7023547410913773	-397.2831881983293
3.0	488.0	880.0	2.683222481198759	0.10577962505698021	38.60898542765401	0.4133644976824546	7.189698150284521	0.44166638431713806	0.09579485158281946	0.20526507421962012	575.024130890816	116.0	4.957104576644965	-376.0590831250884
3.0	488.0	880.0	3.553986946641241	0.11374333294179038	60.643509885802864	0.2889390554630525	6.1646154791893295	0.31096836464890004	0.09579485158281946	0.20526507421962012	575.024130890816	116.0	4.957104576644965	-376.0590831250884
3.0	488.0	880.0	0.9123603050094509	0.1531412192450125	81.3188686171295	0.6508384493961552	3.291477409274119	0.659824261904251	0.09579485158281946	0.20526507421962012	575.024130890816	116.0	4.957104576644965	-376.0590831250884
3.0	498.0	880.0	2.0769569991107724	0.10227060940352842	39.97388852719575	0.504169865410271	8.37174843368648	0.5546085017573498	0.10249090241875766	0.2074920113173894	539.7719485218181	116.0	4.653206452774294	-367.0759684791057
3.0	498.0	880.0	2.9769999119305224	0.13736127899474201	62.97881824219593	0.2602473187077782	4.445547380635543	0.26867604150931007	0.10249090241875766	0.2074920113173894	539.7719485218181	116.0	4.653206452774294	-367.0759684791057
3.0	498.0	880.0	0.7045751680579477	0.1595153824603988	81.04570571637353	0.8572838859370463	3.2692160962808776	0.8669807895565091	0.10249090241875766	0.2074920113173894	539.7719485218181	116.0	4.653206452774294	-367.0759684791057
2.0	558.0	880.0	1.1405020629491205	0.16337335993887567	40.99318858524936	0.42118886028492897	2.4716147162126934	0.42788908144343674	0.16711563092355336	0.16286630838768726	165.71171708471732	119.0	1.3925354376867	-399.3134747903281
2.0	558.0	880.0	3.748611128708723	0.12143390348469862	55.56960142264222	0.17273968298102782	4.585394380815826	0.1813047965622997	0.16711563092355336	0.16286630838768726	165.71171708471732	119.0	1.3925354376867	-399.3134747903281
3.0	568.0	880.0	1.3812841730542216	0.21537905946116362	41.7835336147575	0.39290227486046353	3.051160665135926	0.39056568307392103	0.13341715410636654	0.1308655354484468	150.38707623852252	116.0	1.2964403124010562	-460.8910805181236
3.0	568.0	880.0	3.1651015492343864	0.8446680996502792	54.598918027843084	0.19270316553979916	3.986527502978591	0.5488522657902076	0.13341715410636654	0.1308655354484468	150.38707623852252	116.0	1.2964403124010562	-460.8910805181236
3.0	568.0	880.0	0.7504596454282172	0.302936131100918	63.56864751078855	8.87117473572606	8.815064883958563	4.683306134023519	0.13341715410636654	0.1308655354484468	150.38707623852252	116.0	1.2964403124010562	-460.8910805181236
2.0	628.0	880.0	2.0123353502670405	0.10469179800329914	43.83671486876563	0.49603617137639233	6.334604319897989	0.5361564094719017	0.09979640429110287	0.18505314957949343	458.7420052684265	119.0	3.854974834188458	-400.9221376201286
2.0	628.0	880.0	2.7590085382502507	0.1290135269567513	60.2202126475575	0.29072807257931016	4.137807329178918	0.2812579091196356	0.09979640429110287	0.18505314957949343	458.7420052684265	119.0	3.854974834188458	-400.9221376201286
3.0	638.0	880.0	0.5648964985546583	0.1097754945882091	24.924052537401014	1.0359008224463828	4.32348804306493	1.0894494112451312	0.11225048658823036	0.16401508142524807	278.0635285414464	116.0	2.397099383977986	-427.24840320869106
3.0	638.0	880.0	1.9612791722051195	0.10524778625732598	43.242256893813554	0.34291545556737896	5.126258092772259	0.42331646816477375	0.11225048658823036	0.16401508142524807	278.0635285414464	116.0	2.397099383977986	-427.24840320869106
3.0	638.0	880.0	2.9656990786909128	0.11652678675307086	59.32149464794261	0.1968630861968622	3.798188656327363	0.2036434578628835	0.11225048658823036	0.16401508142524807	278.0635285414464	116.0	2.397099383977986	-427.24840320869106
