ncomps	x	y	amplitude	err amplitude	shift	err shift	width	err width	rms	residual	chisq	dof	redchisq	aic
1.0	758.0	760.0	2.176952716274424	0.059063173226656496	57.22454134136168	0.19445701543662164	6.207489292971693	0.19445716529693244	0.09107370902328185	0.10129585064934236	188.17299507662702	122.0	1.542401598988746	-541.8905291415164
2.0	768.0	760.0	0.3109096265007039	0.12597509377580712	18.603040458247868	0.9311447846987841	1.9956744598703047	0.9340120935710918	0.07278513738361156	0.1271275637854347	418.99324032915257	119.0	3.5209515994046434	-491.1563797504707
2.0	768.0	760.0	2.5974403436830755	0.06571247643479217	57.23695852021757	0.21358352037531553	7.3113254167825446	0.21358352369243505	0.07278513738361156	0.1271275637854347	418.99324032915257	119.0	3.5209515994046434	-491.1563797504707
3.0	778.0	760.0	0.40566949515371464	0.07600967242798284	18.97068379687678	0.4842903039197825	2.23960535656333	0.48486487234080583	0.07649075806336773	0.08158000492034814	151.4347943395839	116.0	1.305472364996413	-599.1009470529825
3.0	778.0	760.0	2.4248649463058936	0.15072938159823285	54.28844623581843	0.7853608659856555	7.280447479694516	0.4329386866303632	0.07649075806336773	0.08158000492034814	151.4347943395839	116.0	1.305472364996413	-599.1009470529825
3.0	778.0	760.0	1.0796107643477182	0.13387534126606432	70.34090098432821	1.871315720968426	7.591524480324805	1.0574952157180495	0.07649075806336773	0.08158000492034814	151.4347943395839	116.0	1.305472364996413	-599.1009470529825
3.0	788.0	760.0	0.46450417804968425	0.0635615839847985	19.366087391138112	0.6754098378151849	4.245691024657983	0.6801511040889893	0.0666086281855603	0.09685733824217233	264.5589003420105	116.0	2.2806801753621593	-563.9463001304589
3.0	788.0	760.0	2.2231708655950766	0.06579772383597543	50.998605941231276	0.6828482878742784	8.485909730861685	0.4969087770424739	0.0666086281855603	0.09685733824217233	264.5589003420105	116.0	2.2806801753621593	-563.9463001304589
3.0	788.0	760.0	1.3429390471926648	0.09180547293360207	70.33660063562681	0.9936067215434092	7.457981250365952	0.6700284433164639	0.0666086281855603	0.09685733824217233	264.5589003420105	116.0	2.2806801753621593	-563.9463001304589
3.0	798.0	760.0	0.6837132898182721	0.05392249987455672	20.839731627330476	0.6415326837003417	6.608498431581354	0.6782600458931007	0.06204001440717381	0.09295817968131787	334.3425894602092	116.0	2.8822637022431827	-552.4471538545464
3.0	798.0	760.0	2.2264912745086574	0.05767660768520897	48.55960397907373	0.39489335769486705	7.4328175279918	0.3799525279762288	0.06204001440717381	0.09295817968131787	334.3425894602092	116.0	2.8822637022431827	-552.4471538545464
3.0	798.0	760.0	1.0749716593061422	0.04902183217208944	70.84664767539793	0.9460146338374464	8.703460172775731	0.8345707170074349	0.06204001440717381	0.09295817968131787	334.3425894602092	116.0	2.8822637022431827	-552.4471538545464
4.0	808.0	760.0	0.8117123032326397	0.0393689674798558	23.01802833640424	0.5059074866555054	7.7259330683715675	0.5452770083303804	0.0874679137521294	0.06936592680088696	100.3209842251095	113.0	0.8877963205761903	-609.8274551267458
4.0	808.0	760.0	2.0738915586270266	0.04178208090318306	48.92577487412286	0.2054263789185861	7.019090067456471	0.2548463538080355	0.0874679137521294	0.06936592680088696	100.3209842251095	113.0	0.8877963205761903	-609.8274551267458
4.0	808.0	760.0	0.5961847859697839	0.1267923198778413	68.97130430825676	0.34199257217764717	2.3548276489515034	0.5345504800863909	0.0874679137521294	0.06936592680088696	100.3209842251095	113.0	0.8877963205761903	-609.8274551267458
4.0	808.0	760.0	0.4491256138125143	0.04387739673389006	78.0991439902983	2.1229142278777475	8.155719660908463	1.6266535610192827	0.0874679137521294	0.06936592680088696	100.3209842251095	113.0	0.8877963205761903	-609.8274551267458
5.0	78.0	770.0	0.3508836589589634	0.06568968188512453	-10.572144768343454	0.7321436369346427	3.364973547869747	0.7414019017042739	0.1025517280620521	0.07737473493351414	89.30189502068491	110.0	0.8118354092789537	-576.9796947972412
5.0	78.0	770.0	2.3734591054400016	0.055016475789449765	8.17566861176148	0.12947390431027142	4.829160692538822	0.13232393541944448	0.1025517280620521	0.07737473493351414	89.30189502068491	110.0	0.8118354092789537	-576.9796947972412
5.0	78.0	770.0	0.3932302393461147	0.0898847628770173	31.329087593236036	0.5975007235513461	2.5909796570822063	0.7287677479215172	0.1025517280620521	0.07737473493351414	89.30189502068491	110.0	0.8118354092789537	-576.9796947972412
5.0	78.0	770.0	0.4784997303931702	0.04325797171226653	48.03129266049412	1.2065942105234901	9.558616537380189	1.7330044800830842	0.1025517280620521	0.07737473493351414	89.30189502068491	110.0	0.8118354092789537	-576.9796947972412
5.0	78.0	770.0	0.3059112244585992	0.09447543100450029	65.71801805316765	0.6354670413330691	1.889443022193118	0.7154072709187214	0.1025517280620521	0.07737473493351414	89.30189502068491	110.0	0.8118354092789537	-576.9796947972412
2.0	88.0	770.0	2.2702332070160622	0.06894801793829454	6.606416523925906	0.15130198056393257	4.314215584650858	0.15130182823558483	0.0810656174287284	0.10175872176824859	219.42563867748217	119.0	1.8439129300628754	-545.0747679969455
2.0	88.0	770.0	0.48029531711464796	0.06836046869985335	59.204593862787924	0.7213047026751386	4.388789271954784	0.7213044519374264	0.0810656174287284	0.10175872176824859	219.42563867748217	119.0	1.8439129300628754	-545.0747679969455
2.0	98.0	770.0	1.3328274618049123	0.07062290713606027	6.667261025969027	0.2417551129531913	3.9512524890647605	0.2417551164336602	0.10787693830873399	0.10119939429193145	119.06093591936067	119.0	1.0005120665492493	-550.0639645911939
2.0	98.0	770.0	0.6224309906913017	0.09698288563246278	59.209728700781874	0.37723077448842746	2.1010941598539965	0.378451406758146	0.10787693830873399	0.10119939429193145	119.06093591936067	119.0	1.0005120665492493	-550.0639645911939
3.0	298.0	770.0	0.5350552289426612	0.0417034477572761	45.51348649105414	4.114611059887401	59.64650229878059	4.7781742909175025	0.36105376468786626	0.15512543248877408	23.384016053669864	116.0	0.20158634529025746	-444.64951025124736
3.0	298.0	770.0	1.9461639145751657	0.09182679636866425	57.173608991780995	0.3204856616343201	6.3153426104947785	0.3646773979817902	0.36105376468786626	0.15512543248877408	23.384016053669864	116.0	0.20158634529025746	-444.64951025124736
3.0	298.0	770.0	2.250629064052943	0.12312496132523766	77.18983592103906	0.19574310535977016	3.107077468376138	0.2036044527451416	0.36105376468786626	0.15512543248877408	23.384016053669864	116.0	0.20158634529025746	-444.64951025124736
2.0	308.0	770.0	2.8866121647767717	0.12615199792562393	53.73484398532451	0.5850508852229513	11.010029846845955	0.6463827647529891	0.36105376468786626	0.2263741957850118	88.91349466839257	119.0	0.7471722241041393	-284.55146164670685
2.0	308.0	770.0	4.1144940854476255	0.24345478227488432	77.44310163929815	0.2032655646496277	2.962138940624979	0.213975536686852	0.36105376468786626	0.2263741957850118	88.91349466839257	119.0	0.7471722241041393	-284.55146164670685
3.0	318.0	770.0	0.7898328593868098	0.09485241491549547	-18.70704517721548	1.5474523782279797	11.170181231841267	1.5526426369542685	0.36105376468786626	0.20370323651067718	52.713264139424986	116.0	0.45442469085711196	-343.0477101267308
3.0	318.0	770.0	3.92901498358168	0.09766639820202629	49.803737711514195	0.3209908285567007	10.97773317316462	0.3459383334532385	0.36105376468786626	0.20370323651067718	52.713264139424986	116.0	0.45442469085711196	-343.0477101267308
3.0	318.0	770.0	5.31859838322473	0.17677481116866445	76.46360165841072	0.12844138565702684	3.276811194226065	0.1314371518035549	0.36105376468786626	0.20370323651067718	52.713264139424986	116.0	0.45442469085711196	-343.0477101267308
4.0	328.0	770.0	0.786392117899051	0.07403167780223872	-21.097459004831205	1.1348794312144639	10.445767896694683	1.139330270930153	0.10969389559525408	0.1509035739519297	316.9097242160511	113.0	2.8045108337703635	-409.4417738189282
4.0	328.0	770.0	1.7802280893687616	0.18990864478416797	40.91456289377468	0.23786469884467673	2.1447125623761973	0.28889338688777666	0.10969389559525408	0.1509035739519297	316.9097242160511	113.0	2.8045108337703635	-409.4417738189282
4.0	328.0	770.0	5.3202886648819865	0.08810150671588055	50.46265515075048	0.2513918588902585	10.039846309188219	0.20700949581639125	0.10969389559525408	0.1509035739519297	316.9097242160511	113.0	2.8045108337703635	-409.4417738189282
4.0	328.0	770.0	6.5840618141776375	0.12821706836889418	75.63384354378576	0.08270277591606236	3.5404287134262162	0.08432078971676472	0.10969389559525408	0.1509035739519297	316.9097242160511	113.0	2.8045108337703635	-409.4417738189282
4.0	338.0	770.0	0.3749796269554809	0.10162002358731113	-22.1993972767078	2.562387683121864	8.188819233804182	2.5628887386469485	0.08329782517330642	0.21237122001607803	813.565968671673	113.0	7.199698837802416	-360.4083355334661
4.0	338.0	770.0	6.371040404239187	0.09471875469740187	51.58841651176949	0.19437469234397878	10.144700363514156	0.2170868367211833	0.08329782517330642	0.21237122001607803	813.565968671673	113.0	7.199698837802416	-360.4083355334661
4.0	338.0	770.0	6.071287464397901	0.14701432830202305	75.04267372924117	0.12713836297490605	4.21134226061372	0.1298840967791199	0.08329782517330642	0.21237122001607803	813.565968671673	113.0	7.199698837802416	-360.4083355334661
4.0	338.0	770.0	0.22193897994266207	0.10060043515058172	189.06424717707966	5.207400340191347	9.029776798571433	5.824443629484644	0.08329782517330642	0.21237122001607803	813.565968671673	113.0	7.199698837802416	-360.4083355334661
3.0	348.0	770.0	4.365813881530569	0.08175371256158472	50.6951529458969	0.47665836116193344	7.903927222505798	0.3615252747746458	0.10476555626979953	0.13073010563000623	202.38717872718178	116.0	1.7447170579929463	-484.20873178781176
3.0	348.0	770.0	2.3173555035631446	0.24057314872732352	60.578100351549786	0.1991039577220528	2.656572673692654	0.26659581445570546	0.10476555626979953	0.13073010563000623	202.38717872718178	116.0	1.7447170579929463	-484.20873178781176
3.0	348.0	770.0	4.640848184145198	0.08677014298431816	72.25471240157718	0.33162543324181254	7.710231325579208	0.27092770206220906	0.10476555626979953	0.13073010563000623	202.38717872718178	116.0	1.7447170579929463	-484.20873178781176
4.0	358.0	770.0	1.5298397388547336	0.3180763536189479	61.80080813337544	2.7086662606028065	12.94131614667038	1.101594263201931	0.1228884708222289	0.10235961688148222	105.86925467190397	113.0	0.936896059043398	-518.0974111473912
4.0	358.0	770.0	3.7017691212890322	0.31059821590117737	61.79951442566423	0.2553352647115876	3.835231618365012	0.29117827919747713	0.1228884708222289	0.10235961688148222	105.86925467190397	113.0	0.936896059043398	-518.0974111473912
4.0	358.0	770.0	3.4771152301758885	0.380329361412801	71.65775979581753	0.236532884704237	3.4484659043089554	0.2603681253508567	0.1228884708222289	0.10235961688148222	105.86925467190397	113.0	0.936896059043398	-518.0974111473912
4.0	358.0	770.0	1.0929000097475807	0.2501427242227233	83.11922348651663	0.4725323257360772	3.393328261596344	0.6887221507364811	0.1228884708222289	0.10235961688148222	105.86925467190397	113.0	0.936896059043398	-518.0974111473912
2.0	368.0	770.0	4.602925580779009	0.11897573115900303	62.1522150564878	0.24930298862848227	4.268364700962052	0.23237808324630413	0.09545210509232846	0.17509683874287682	433.94489683770666	119.0	3.6465957717454343	-418.99532639132013
2.0	368.0	770.0	4.944784913780961	0.17640530381519626	71.9529695100057	0.17737829995269333	2.976848779752049	0.1487811117759155	0.09545210509232846	0.17509683874287682	433.94489683770666	119.0	3.6465957717454343	-418.99532639132013
3.0	378.0	770.0	0.4183467555161777	0.13006925047177048	1.106772493918346	0.9499900348041598	2.642116231879215	0.9499490319382444	0.07002087977838263	0.1555923195911744	625.4519978645354	116.0	5.391827567797719	-443.905126369568
3.0	378.0	770.0	4.196977494437884	0.10124361551362113	62.20185775954951	0.22816293478790395	4.696077648378773	0.22653514973487268	0.07002087977838263	0.1555923195911744	625.4519978645354	116.0	5.391827567797719	-443.905126369568
3.0	378.0	770.0	4.726946695657852	0.17875325848373566	71.85726327949094	0.12281648712251701	2.524252020049596	0.11519861238869017	0.07002087977838263	0.1555923195911744	625.4519978645354	116.0	5.391827567797719	-443.905126369568
2.0	388.0	770.0	3.58800343306402	0.084175000647857	62.12460299680603	0.31489105885636914	5.1470946955333945	0.2825146228695146	0.08417589944035375	0.13391291264460756	327.05158453858985	119.0	2.7483326431814272	-485.7742712462041
2.0	388.0	770.0	3.4762301517422656	0.20809099467828904	71.35068284210405	0.14975504097687248	2.5707831254190627	0.15037377391223664	0.08417589944035375	0.13391291264460756	327.05158453858985	119.0	2.7483326431814272	-485.7742712462041
2.0	398.0	770.0	3.00983888021732	0.12282238850019446	59.45089408214227	0.9230500477364713	7.232147330228573	0.5900367569250461	0.0829108187788621	0.12211652363960247	271.6511041372637	119.0	2.282782387708098	-512.7599659097649
2.0	398.0	770.0	2.8087296785392075	0.39361516418878184	69.850511945864	0.26853980553490503	3.880490033916228	0.3151364118257086	0.0829108187788621	0.12211652363960247	271.6511041372637	119.0	2.282782387708098	-512.7599659097649
2.0	408.0	770.0	3.4239099330824803	0.17577160359619717	54.44509994790525	0.6558926827922801	5.949319241332476	0.43675607763294794	0.07072449328467323	0.16654949155178655	710.8718044152091	119.0	5.973712642144615	-432.2566705658404
2.0	408.0	770.0	4.437101057428286	0.1548859877722857	69.05529012474672	0.5321375314412186	6.240845605042924	0.36305859516861316	0.07072449328467323	0.16654949155178655	710.8718044152091	119.0	5.973712642144615	-432.2566705658404
4.0	418.0	770.0	0.4515251159735093	0.08110352109918637	36.90978022189445	0.8565375423362054	3.577186050969706	0.8728766549707202	0.0823232890164544	0.1109990866563669	230.8254103339316	113.0	2.0427027463179788	-520.8211082634028
4.0	418.0	770.0	4.150818081612129	0.06998843393162163	55.131595435708135	0.29674392181122305	5.93850413313303	0.30366146847730585	0.0823232890164544	0.1109990866563669	230.8254103339316	113.0	2.0427027463179788	-520.8211082634028
4.0	418.0	770.0	4.191772081918184	0.2333509977657831	65.61449856233868	0.16059735069197043	2.9716166871320104	0.19635459521179607	0.0823232890164544	0.1109990866563669	230.8254103339316	113.0	2.0427027463179788	-520.8211082634028
4.0	418.0	770.0	5.928329374637215	0.08542533802427385	74.59196930643975	0.1358604900289269	3.65556285426345	0.11682663797710854	0.0823232890164544	0.1109990866563669	230.8254103339316	113.0	2.0427027463179788	-520.8211082634028
2.0	428.0	770.0	4.1748754267270165	0.10177609788284432	65.33727259861907	0.4352744064754265	13.14664528795942	0.2922568904718827	0.36105376468786626	0.18690917697105563	37.790052183795694	119.0	0.3175634637293756	-391.5037152461395
2.0	428.0	770.0	4.296255089321549	0.18055890488236495	76.1079039475353	0.14366992721113633	3.4443041263259824	0.17938122081823424	0.36105376468786626	0.18690917697105563	37.790052183795694	119.0	0.3175634637293756	-391.5037152461395
2.0	438.0	770.0	3.025285535041215	0.08738047695992152	60.11525900984682	0.6252144548063175	8.180333394163613	0.5384947629140915	0.36105376468786626	0.14451513877425673	29.228642275643644	119.0	0.24561884265246758	-423.61581148267743
2.0	438.0	770.0	8.043508805984354	0.15444992011903352	77.78006418217808	0.16932936264951365	5.681332072379575	0.13277613602044114	0.36105376468786626	0.14451513877425673	29.228642275643644	119.0	0.24561884265246758	-423.61581148267743
2.0	448.0	770.0	3.326365753419238	0.16863549079659063	66.08476521269613	1.366991969845575	9.589399350413826	0.8181672696020477	0.04463311958300446	0.14700114906627706	1884.575650340497	119.0	15.836770170928547	-425.4648843348833
2.0	448.0	770.0	7.554873298645573	0.5025953573258193	78.35774821375409	0.11340075806505473	4.6725584452940945	0.1961285577214991	0.04463311958300446	0.14700114906627706	1884.575650340497	119.0	15.836770170928547	-425.4648843348833
2.0	458.0	770.0	4.270682796067158	0.10637657656164827	66.69541050425735	0.5892203107888216	7.150853581387679	0.40463249411734814	0.04963582917007033	0.1111914068679444	895.1050148573879	119.0	7.52189088115452	-491.97030788490963
2.0	458.0	770.0	5.8203291229603495	0.3501633442727799	77.61801788406538	0.1400067821739896	3.863434071473078	0.1468294691611268	0.04963582917007033	0.1111914068679444	895.1050148573879	119.0	7.52189088115452	-491.97030788490963
3.0	468.0	770.0	0.3812158175766145	0.06585069613658547	40.186433307494774	0.590293117260206	2.956195815446514	0.5917882062090141	0.07390473799893252	0.08371243626779341	160.65765080002095	116.0	1.3849797482760426	-600.3091210721835
3.0	468.0	770.0	4.414902317616723	0.05302538138473983	66.00362219005264	0.261156074039365	6.580608943794726	0.20266013143867354	0.07390473799893252	0.08371243626779341	160.65765080002095	116.0	1.3849797482760426	-600.3091210721835
3.0	468.0	770.0	3.396860176278049	0.17285724297910637	76.55041476228551	0.11981858943894036	3.3287827936923007	0.1299742567070012	0.07390473799893252	0.08371243626779341	160.65765080002095	116.0	1.3849797482760426	-600.3091210721835
2.0	478.0	770.0	0.43542307680963854	0.12095166548719931	40.07249907461648	0.772747051022724	2.4089443815795777	0.773352506418893	0.08122126034808845	0.13932826288668634	375.29320661671295	119.0	3.153724425350529	-477.50846194441357
2.0	478.0	770.0	4.505468883955466	0.06700581686308149	67.10290321847232	0.13491318366860242	7.860002427611494	0.13541108927072054	0.08122126034808845	0.13932826288668634	375.29320661671295	119.0	3.153724425350529	-477.50846194441357
2.0	488.0	770.0	0.5325027993295406	0.0859287088288837	40.46246966908255	0.6074524550160556	3.248394301893204	0.6094937715229349	0.07487899375458071	0.11175076488729462	300.60574694972644	119.0	2.5260987138632474	-525.5728745835856
2.0	488.0	770.0	4.431717328350096	0.05820247498946629	65.90992592827631	0.1077805234932282	7.112538175873317	0.10872839954916026	0.07487899375458071	0.11175076488729462	300.60574694972644	119.0	2.5260987138632474	-525.5728745835856
2.0	498.0	770.0	0.5662205676138602	0.06621249685813338	41.082319320600256	0.6718042324158963	4.871059690449481	0.6911567214030204	0.09720349986942886	0.10614937337570848	157.26434812866881	119.0	1.3215491439383933	-541.3234761402761
2.0	498.0	770.0	4.910500001947633	0.05856147674669693	64.5466626272357	0.08759544851259592	6.301190719920218	0.09138603768125024	0.09720349986942886	0.10614937337570848	157.26434812866881	119.0	1.3215491439383933	-541.3234761402761
2.0	508.0	770.0	0.5248211595952958	0.07745307979240341	41.90952117661967	0.8086582273339226	4.623499356562792	0.8331888401816261	0.08488440498273604	0.1190501636323088	267.79358464571885	119.0	2.250366257527049	-508.66651546328717
2.0	508.0	770.0	5.578903062999478	0.06776456846611947	64.1482972190273	0.08698456166346326	6.1282459685115205	0.09122336201321188	0.08488440498273604	0.1190501636323088	267.79358464571885	119.0	2.250366257527049	-508.66651546328717
1.0	518.0	770.0	5.201554112373511	0.09191754189765769	64.57226863585672	0.14029441402287876	6.875303496615404	0.14029437091613903	0.10962603665729674	0.17374657275786323	348.40469345558574	122.0	2.855776175865457	-418.53872060461043
1.0	528.0	770.0	4.563675922550712	0.11196170968742797	65.51401061421603	0.20388315002853608	7.197504728536154	0.20388325067706317	0.0904271552269109	0.2139588757285718	795.2804327611823	122.0	6.5186920718129695	-363.5050341579994
2.0	538.0	770.0	3.5696735626341076	0.07042285956765967	62.034275380649916	0.26587813118753084	4.558419528927947	0.213017204671319	0.079156212449491	0.09756645945162203	190.04404111950905	119.0	1.5970087489034375	-569.0033742140016
2.0	538.0	770.0	3.8807271853724306	0.1531476257678654	71.14577131714492	0.15754413676463563	3.0500453221217754	0.11847365564174452	0.079156212449491	0.09756645945162203	190.04404111950905	119.0	1.5970087489034375	-569.0033742140016
2.0	548.0	770.0	3.11807017540004	0.13343680103969086	61.20521653664205	0.28685954772227257	3.4458093214353163	0.22846039216354314	0.11586735886098196	0.1289307231349467	190.53733431567258	119.0	1.6011540698796016	-473.4236333073505
2.0	548.0	770.0	4.000081578441586	0.09867807166067266	71.4723560925888	0.26338938985649873	4.267780225156213	0.228107151048507	0.11586735886098196	0.1289307231349467	190.53733431567258	119.0	1.6011540698796016	-473.4236333073505
2.0	558.0	770.0	2.6649425673508578	0.10984188687756163	61.11899923022579	0.4138539378332628	4.409449059153931	0.344798069939025	0.12076224152762234	0.11266952680006878	200.7362610595012	119.0	1.686859336634464	-456.5612668221756
2.0	558.0	770.0	4.001151744574729	0.10546129317075066	73.29567856511821	0.28172187941882154	4.547867383016696	0.23803528143347746	0.12076224152762234	0.11266952680006878	200.7362610595012	119.0	1.686859336634464	-456.5612668221756
2.0	568.0	770.0	2.071574581879135	0.08374239416211941	60.21266733494576	0.549152279436204	5.469956418041148	0.4679095194388001	0.36105376468786626	0.10265200272042053	17.577898245313605	119.0	0.14771343063288744	-487.1791611056355
2.0	568.0	770.0	3.5016476282659954	0.10269808943400661	73.87918739936059	0.29209437469391075	4.740747027374655	0.23411959086440745	0.36105376468786626	0.10265200272042053	17.577898245313605	119.0	0.14771343063288744	-487.1791611056355
2.0	578.0	770.0	1.5734875474874657	0.08444171670777	58.19430979586535	0.5992190686371169	5.326609784617625	0.506772495561964	0.07104418073048728	0.10189431837011316	416.626861696122	119.0	3.501066064673294	-497.91681002832183
2.0	578.0	770.0	2.9501532665153065	0.07411550853299197	73.87689599297777	0.34626891636296114	6.008703492599603	0.30823195616110155	0.07104418073048728	0.10189431837011316	416.626861696122	119.0	3.501066064673294	-497.91681002832183
2.0	588.0	770.0	1.5382593894810501	0.09501497112500404	57.293802227393705	0.6045480280449221	5.694418305855569	0.46668854108695423	0.09425937051690852	0.09559279085225109	180.20656751924352	119.0	1.5143409035230548	-531.9906378933943
2.0	588.0	770.0	2.138688267660279	0.059172391428258954	74.47504306356971	0.5602465103204862	7.643801275313409	0.47631813127411454	0.09425937051690852	0.09559279085225109	180.20656751924352	119.0	1.5143409035230548	-531.9906378933943
2.0	598.0	770.0	2.1349433624147043	0.0616663635356051	61.302873485602355	0.38799606614810994	8.005056382761312	0.40868017151337405	0.06887007323320506	0.12584332986970423	420.2269692048635	119.0	3.531319068948433	-504.6113682513409
2.0	598.0	770.0	1.1429608382876433	0.08653494242746261	79.88452102651091	0.5218179540276633	4.699012135234865	0.4907793224901005	0.06887007323320506	0.12584332986970423	420.2269692048635	119.0	3.531319068948433	-504.6113682513409
2.0	608.0	770.0	2.0784717971935325	0.12185372823794426	61.2704533654896	1.2736121157524998	8.56566146833452	0.7541099572762269	0.06804585617277333	0.0966268557300836	255.38407097646527	119.0	2.14608463005433	-569.8746425648891
2.0	608.0	770.0	1.0257976319750077	0.2520447754930437	76.48469016141583	1.5884382997979942	6.423616917278345	0.8937781120118413	0.06804585617277333	0.0966268557300836	255.38407097646527	119.0	2.14608463005433	-569.8746425648891
2.0	618.0	770.0	2.265801312938764	0.0868474600307129	63.76301893494235	0.6413019403764765	11.132105859043204	0.32596605492822084	0.06965882890432477	0.0896161869286176	256.18952643329044	119.0	2.1528531633049615	-563.6241206766805
2.0	618.0	770.0	2.173621846703219	0.1431264616344059	73.75634496768309	0.18836716145755647	4.434885049299947	0.2765277483908372	0.06965882890432477	0.0896161869286176	256.18952643329044	119.0	2.1528531633049615	-563.6241206766805
1.0	628.0	770.0	4.1620824706439725	0.07221217061182217	68.56219008528399	0.1951388799693455	9.740704784523622	0.1951389163573789	0.08366320320330398	0.16810713115146098	523.0524889877279	122.0	4.287315483505966	-435.3179959529408
2.0	638.0	770.0	3.388881488180534	0.08666820888983663	65.60460143381245	0.7985854838930421	9.615113017096595	0.5625122451850064	0.1279942025761906	0.13998499800247158	156.96968689162037	119.0	1.319072999089247	-472.7633411735628
2.0	638.0	770.0	1.2295880036413234	0.2947497952482855	78.94802513149548	0.5108970597251723	4.336186803175882	0.7889477519491169	0.1279942025761906	0.13998499800247158	156.96968689162037	119.0	1.319072999089247	-472.7633411735628
4.0	648.0	770.0	0.691218878929957	0.04993852213865588	14.086891474318643	0.5453918353946526	6.531463161441869	0.5466717978845107	0.07122231000048254	0.09320691629249164	214.1876052104815	113.0	1.8954655328361196	-566.3842582574051
4.0	648.0	770.0	2.3470981911580826	0.0979170179857341	62.731329788901064	1.0897094214537033	11.440566475372098	0.5869966104608872	0.07122231000048254	0.09320691629249164	214.1876052104815	113.0	1.8954655328361196	-566.3842582574051
4.0	648.0	770.0	2.1821568457936515	0.2402483765841689	75.79724364000809	0.2050081962408307	5.378137750992204	0.39677100233350704	0.07122231000048254	0.09320691629249164	214.1876052104815	113.0	1.8954655328361196	-566.3842582574051
4.0	648.0	770.0	0.6604519177252124	0.07822888732791237	123.55020883519408	0.3637098244493525	2.6592506756989027	0.3637089682943373	0.07122231000048254	0.09320691629249164	214.1876052104815	113.0	1.8954655328361196	-566.3842582574051
4.0	658.0	770.0	1.8046773049041356	0.048068680142661815	10.18200678929656	0.19799919231609311	6.436574377916922	0.19819150733802818	0.0640793249502321	0.08787947215948248	241.7042396625082	113.0	2.138975572234586	-577.6975269966814
4.0	658.0	770.0	1.7518855549268955	0.08443928166801275	60.12991787375769	1.5079347939353545	10.690188496067817	0.9182520256194535	0.0640793249502321	0.08787947215948248	241.7042396625082	113.0	2.138975572234586	-577.6975269966814
4.0	658.0	770.0	3.4432810425530893	0.26030740200392777	74.30839450515197	0.1579436213378206	5.389003681732144	0.2450240614072221	0.0640793249502321	0.08787947215948248	241.7042396625082	113.0	2.138975572234586	-577.6975269966814
4.0	658.0	770.0	0.40962751551745813	0.07445108367598322	122.61519621902892	0.5628597128153339	2.681897102821508	0.5628616512699467	0.0640793249502321	0.08787947215948248	241.7042396625082	113.0	2.138975572234586	-577.6975269966814
4.0	668.0	770.0	1.7981222214382193	0.05240386009607827	9.097652832651578	0.21625843285100146	6.4266477392597405	0.21653890880605484	0.06118818843139512	0.09583816188691889	314.48541368785845	113.0	2.783056758299632	-556.3365678097314
4.0	668.0	770.0	0.505045893349669	0.08508610463477534	46.34108799110429	2.506564821792158	6.860888276918402	1.7734706373436935	0.06118818843139512	0.09583816188691889	314.48541368785845	113.0	2.783056758299632	-556.3365678097314
4.0	668.0	770.0	2.568742008977714	0.31523262976773836	66.93220452578042	1.632808157143423	8.248082051699825	0.6428365585445494	0.06118818843139512	0.09583816188691889	314.48541368785845	113.0	2.783056758299632	-556.3365678097314
4.0	668.0	770.0	2.271047767673102	0.4969864188771448	74.73859409421178	0.3703035743255444	4.508401619964797	0.4945387172404556	0.06118818843139512	0.09583816188691889	314.48541368785845	113.0	2.783056758299632	-556.3365678097314
3.0	678.0	770.0	0.5707970099505493	0.07789382363667186	7.1644703490835555	0.9896361999034565	6.280364731451897	0.9896361961363882	0.06692098773124089	0.12785443665723162	583.1468099353893	116.0	5.027127671856805	-463.9797889542472
3.0	678.0	770.0	3.3554861371290547	0.11201410609797571	66.78012316666994	0.4130345134409656	8.714240364095003	0.2409256070969383	0.06692098773124089	0.12785443665723162	583.1468099353893	116.0	5.027127671856805	-463.9797889542472
3.0	678.0	770.0	1.7109032549311562	0.18296846225329091	74.20510891749558	0.2606220689930303	2.8820735900442065	0.3493839247816102	0.06692098773124089	0.12785443665723162	583.1468099353893	116.0	5.027127671856805	-463.9797889542472
3.0	688.0	770.0	3.2938094571786736	0.07747584393121244	65.25433186956363	0.509986764397695	7.015001023579009	0.3529459410491817	0.06808325050565567	0.10703780290020233	309.2294835083207	116.0	2.665771409554489	-538.9695540982545
3.0	688.0	770.0	1.593873165468558	0.253043168501328	74.59574752873111	0.22813091962639576	3.0188787641746817	0.38179014392641225	0.06808325050565567	0.10703780290020233	309.2294835083207	116.0	2.665771409554489	-538.9695540982545
3.0	688.0	770.0	0.3314718045641522	0.06558413530891208	119.3342481565795	1.1108969228343695	4.862416859563257	1.1108969247082723	0.06808325050565567	0.10703780290020233	309.2294835083207	116.0	2.665771409554489	-538.9695540982545
2.0	698.0	770.0	0.3577436034526814	0.052161858333617424	45.885154437282644	2.789357737339438	8.068895118198952	2.474104583298202	0.061407353771408366	0.10458741679720482	369.81932037728666	119.0	3.1077253813217367	-549.2569530570614
2.0	698.0	770.0	2.8004912877088195	0.0647033226812454	66.08604258890419	0.31393332777977584	6.744019161412158	0.2588093098315399	0.061407353771408366	0.10458741679720482	369.81932037728666	119.0	3.1077253813217367	-549.2569530570614
1.0	708.0	770.0	2.543417537228195	0.06992122085287081	64.70784921445791	0.2005984706877707	6.318919316371221	0.2005983475806241	0.09020353021061171	0.106990883775308	273.68016093165687	122.0	2.243280007636532	-497.46587984794144
3.0	758.0	770.0	0.8064307075168616	0.04965637814327581	16.65570478160954	0.2993313671544822	4.20992946173035	0.29933393081304244	0.06517704150077197	0.07541995576340596	167.47322630927815	116.0	1.4437347095627426	-626.5330618968612
3.0	758.0	770.0	2.167484542585985	0.03791035642882444	54.47336378075392	0.14587485986883525	7.222878360936258	0.14587652317625235	0.06517704150077197	0.07541995576340596	167.47322630927815	116.0	1.4437347095627426	-626.5330618968612
3.0	758.0	770.0	0.18621343202122295	0.04460028405861303	188.14869870112227	1.4493346486667684	5.248079415756569	1.462366001103513	0.06517704150077197	0.07541995576340596	167.47322630927815	116.0	1.4437347095627426	-626.5330618968612
4.0	768.0	770.0	1.0184907604987488	0.05673949013716835	17.840273547197018	0.2090115023106415	3.249170322545809	0.20901149899668525	0.059251911285861485	0.07466488269735526	198.91647146949398	113.0	1.7603227563672035	-621.6321888454231
4.0	768.0	770.0	1.5202557733588256	0.31327426876002146	49.40127820695774	1.0075504738376952	4.516075785301637	0.48582382001378366	0.059251911285861485	0.07466488269735526	198.91647146949398	113.0	1.7603227563672035	-621.6321888454231
4.0	768.0	770.0	1.976089559339239	0.19328735782287745	59.129626675637176	1.0883770401448603	5.435945358721844	0.5697967977833204	0.059251911285861485	0.07466488269735526	198.91647146949398	113.0	1.7603227563672035	-621.6321888454231
4.0	768.0	770.0	0.16241589018244063	0.04269171801762114	189.77143262440427	1.7976450622871198	5.905038596023554	1.8868201809917484	0.059251911285861485	0.07466488269735526	198.91647146949398	113.0	1.7603227563672035	-621.6321888454231
2.0	778.0	770.0	0.7942351331419331	0.07095040535310168	18.45799059256769	0.3469945597617938	3.3636396737410204	0.3470366158969672	0.07005341100964031	0.09750845511688488	242.57661415444352	119.0	2.0384589424743154	-569.0369817279493
2.0	778.0	770.0	2.21187460354835	0.0431131467713889	55.960089094538056	0.20505534791282373	9.11051236035626	0.2051163773525864	0.07005341100964031	0.09750845511688488	242.57661415444352	119.0	2.0384589424743154	-569.0369817279493
3.0	788.0	770.0	0.7457095137171355	0.05415455612103401	18.98236243827243	0.3415730780890256	4.011153510725238	0.3456087949979581	0.05338835675485428	0.07650003815076326	280.9472855575235	116.0	2.421959358254513	-611.7437665617416
3.0	788.0	770.0	1.0108454886706384	0.07807294082515058	51.793974520833814	0.20571582614295233	2.5845670210122647	0.2504389308118595	0.05338835675485428	0.07650003815076326	280.9472855575235	116.0	2.421959358254513	-611.7437665617416
3.0	788.0	770.0	1.6046676876397976	0.05123711643914417	55.35573634764918	0.3194965024822112	13.573001086210219	0.3651707917918019	0.05338835675485428	0.07650003815076326	280.9472855575235	116.0	2.421959358254513	-611.7437665617416
4.0	798.0	770.0	0.9666681705409433	0.07110851658190696	20.23395585436408	0.45458263593207615	5.1493804692325975	0.463576299456621	0.05943285873870019	0.11302465257772115	490.9124903504543	113.0	4.344358321685436	-507.9472743474682
4.0	798.0	770.0	2.139614263567306	0.056550736307953105	49.76564847878855	0.29738815134853575	9.125280965438176	0.36048746091149864	0.05943285873870019	0.11302465257772115	490.9124903504543	113.0	4.344358321685436	-507.9472743474682
4.0	798.0	770.0	0.7004414470816782	0.1962734118228575	69.37492733414942	0.698909272858124	2.867583240073871	0.7715896705811794	0.05943285873870019	0.11302465257772115	490.9124903504543	113.0	4.344358321685436	-507.9472743474682
4.0	798.0	770.0	0.3984427634738614	0.07043417094777471	79.52670883784768	2.9504078172996384	5.953302298842888	2.5596210611647385	0.05943285873870019	0.11302465257772115	490.9124903504543	113.0	4.344358321685436	-507.9472743474682
3.0	808.0	770.0	0.8844841370750439	0.06035861161064681	22.266187306310986	0.5212886981274213	6.220699457968446	0.5482592160557458	0.07197344609497659	0.11019933924844805	294.05890642309856	116.0	2.5349905726129185	-531.3659941718363
3.0	808.0	770.0	2.0881723572839035	0.05727151328942976	48.157835420924506	0.23723752704021797	7.232796792933986	0.26889435576878706	0.07197344609497659	0.11019933924844805	294.05890642309856	116.0	2.5349905726129185	-531.3659941718363
3.0	808.0	770.0	0.893734475342415	0.08356048509414095	70.04269425339311	0.3532073229550206	3.1845730610797256	0.35706333076190305	0.07197344609497659	0.11019933924844805	294.05890642309856	116.0	2.5349905726129185	-531.3659941718363
4.0	68.0	780.0	0.5231442883281398	0.07857549671622542	-9.800277775290759	1.0574841072568257	5.937912866752517	1.1355571874038195	0.09669947005270564	0.13665778431202216	251.67119763806483	113.0	2.2271787401598657	-469.77490905761704
4.0	68.0	780.0	2.4651388921935387	0.09633846268178506	9.121208706085326	0.18257998134890288	3.816653875184378	0.18753068474395884	0.09669947005270564	0.13665778431202216	251.67119763806483	113.0	2.2271787401598657	-469.77490905761704
4.0	68.0	780.0	0.6544425244971902	0.10839114293233348	31.585115004220718	0.6347354335093573	3.028747024035045	0.6586506941709075	0.09669947005270564	0.13665778431202216	251.67119763806483	113.0	2.2271787401598657	-469.77490905761704
4.0	68.0	780.0	1.114231689279773	0.09476462969270726	44.808264640998416	0.4277291592360184	4.109820934896928	0.4649647231335339	0.09669947005270564	0.13665778431202216	251.67119763806483	113.0	2.2271787401598657	-469.77490905761704
3.0	78.0	780.0	0.589826677724068	0.1048237475891129	-8.818198973730718	0.4949571204460492	2.410215346183361	0.4959295167747144	0.08705834060615239	0.11921655899764351	239.29610292322377	116.0	2.0628974389933084	-509.55548693537924
3.0	78.0	780.0	2.7295871839987327	0.07833458647579161	8.870854722892563	0.14366142753941152	4.3230963998933065	0.14458760874494947	0.08705834060615239	0.11921655899764351	239.29610292322377	116.0	2.0628974389933084	-509.55548693537924
3.0	78.0	780.0	0.644943631540422	0.05379171468679998	42.209240603114424	0.8842673268327306	9.190807070376435	0.8915712784628248	0.08705834060615239	0.11921655899764351	239.29610292322377	116.0	2.0628974389933084	-509.55548693537924
1.0	88.0	780.0	2.4142405498009194	0.08532100232253849	8.373461375923243	0.17638312185213031	4.321687420197474	0.17638264689649916	0.08180212803204431	0.13091460717405867	338.91345629208956	122.0	2.7779791499351605	-495.18412437353464
2.0	98.0	780.0	1.8962895314657202	0.07175641564463094	9.458637493207766	0.2047775043752803	4.68658835078967	0.2047775024534437	0.08492809260661334	0.1104607037240992	235.221044688953	119.0	1.9766474343609495	-524.74922925344
2.0	98.0	780.0	0.5543435188600058	0.11138527596372719	59.50612842731336	0.4513477392633912	1.944039068172601	0.45121985963179856	0.08492809260661334	0.1104607037240992	235.221044688953	119.0	1.9766474343609495	-524.74922925344
3.0	298.0	780.0	0.5405460285035506	0.05292054185503148	11.433940855848048	1.9992989399049246	17.621889215551626	2.092388347707461	0.13782704332191606	0.14685450260927224	173.4697111547953	116.0	1.4954285444378905	-434.91254597154006
3.0	298.0	780.0	3.398984842776875	0.09974782810092175	58.276379409260706	0.25821235473428633	5.048778096324713	0.25412191720053684	0.13782704332191606	0.14685450260927224	173.4697111547953	116.0	1.4954285444378905	-434.91254597154006
3.0	298.0	780.0	2.468559568302341	0.09283542971351613	74.78624423919653	0.3820702151262233	5.789429869143971	0.38497467317401973	0.13782704332191606	0.14685450260927224	173.4697111547953	116.0	1.4954285444378905	-434.91254597154006
2.0	308.0	780.0	3.0359441119970176	0.1363743525488444	57.71846766181754	0.45430089830906906	7.941205534395666	0.5064783286542184	0.1470545966783726	0.20730455276377766	447.3375688046815	119.0	3.759139233652786	-307.15100441587225
2.0	308.0	780.0	4.760293282965176	0.20540428704889183	76.6521636226875	0.1871757805054689	3.4435811934677973	0.190119563230051	0.1470545966783726	0.20730455276377766	447.3375688046815	119.0	3.759139233652786	-307.15100441587225
2.0	318.0	780.0	2.9863952171537296	0.13219608438915345	53.33144771468704	0.5262447723381346	9.74444911000201	0.5822840162752387	0.36105376468786626	0.24664290072083492	86.31471513899214	119.0	0.7253337406637995	-288.2594406505854
2.0	318.0	780.0	6.517821897819784	0.22355537941347292	75.89801593422513	0.13813033213605336	3.3575946162942065	0.14246684951247168	0.36105376468786626	0.24664290072083492	86.31471513899214	119.0	0.7253337406637995	-288.2594406505854
3.0	328.0	780.0	0.8368143494489783	0.08580702780794988	-16.476744098477177	1.2150719076579162	10.263479200973098	1.2155070704017241	0.07143421147628719	0.19679625244729979	1014.6777994559953	116.0	8.747222409103408	-378.4277925223669
3.0	328.0	780.0	4.4316558759999	0.09099601367001976	52.150431860217665	0.23644147966825205	9.625512735509112	0.25873558222444987	0.07143421147628719	0.19679625244729979	1014.6777994559953	116.0	8.747222409103408	-378.4277925223669
3.0	328.0	780.0	7.6015180379960485	0.15220874470659335	75.45138840164502	0.08055783076284279	3.352523937947155	0.08245217955151585	0.07143421147628719	0.19679625244729979	1014.6777994559953	116.0	8.747222409103408	-378.4277925223669
4.0	338.0	780.0	0.29288062582174795	0.18868807627666218	-28.69080673723709	1.4360747702371286	2.149448599400441	1.718858184367481	0.11298243812928688	0.17420644536420377	297.39483141142756	113.0	2.631812667357766	-410.00164283203486
4.0	338.0	780.0	0.4764133230476205	0.08612179178031965	-14.769285260035463	2.245951563163568	8.220957325654252	2.415991059047905	0.11298243812928688	0.17420644536420377	297.39483141142756	113.0	2.631812667357766	-410.00164283203486
4.0	338.0	780.0	6.478628545488785	0.07911073474291828	52.293667555534576	0.1436665025248866	9.657266159332197	0.15877203284249064	0.11298243812928688	0.17420644536420377	297.39483141142756	113.0	2.631812667357766	-410.00164283203486
4.0	338.0	780.0	6.812746279471658	0.12931714434313835	75.21074268426901	0.08132596448183517	3.5374318552807322	0.08339950193819497	0.11298243812928688	0.17420644536420377	297.39483141142756	113.0	2.631812667357766	-410.00164283203486
2.0	348.0	780.0	6.673213616933935	0.10517731549017334	53.64787798621072	0.22521872827413347	9.974709854355217	0.24917549453105442	0.1317853783345339	0.23513427349045748	411.2913791746594	119.0	3.4562300770979784	-345.0597637092985
2.0	348.0	780.0	4.302968619153691	0.1662835670300805	75.36045863347783	0.21266490496147902	4.379805129888029	0.21676694582093906	0.1317853783345339	0.23513427349045748	411.2913791746594	119.0	3.4562300770979784	-345.0597637092985
3.0	358.0	780.0	3.3728211779941515	0.15439285762190608	52.012617988449236	0.6052230396755685	6.449328348669972	0.4281043295382673	0.11090540529185304	0.12721394941716221	178.82842447119137	116.0	1.5416243488895807	-485.440058209476
3.0	358.0	780.0	1.9657878422751587	0.28857179945797123	60.93360155808644	0.2459405719365759	2.5523585293588216	0.331027587229695	0.11090540529185304	0.12721394941716221	178.82842447119137	116.0	1.5416243488895807	-485.440058209476
3.0	358.0	780.0	3.8821189385800894	0.08531369003494443	70.62492897880757	0.5866082298725214	8.41085869368351	0.43340246525263953	0.11090540529185304	0.12721394941716221	178.82842447119137	116.0	1.5416243488895807	-485.440058209476
2.0	368.0	780.0	2.0750688288131993	0.5732552619846409	58.57804225871528	0.49915693925507454	3.7715278539151758	0.6491217602917914	0.1029603813598983	0.18829825483634605	440.5682818057299	119.0	3.7022544689557133	-398.17192529859744
2.0	368.0	780.0	4.042726422491388	0.17319679795091403	69.04360685155143	1.0128897795637906	7.369403908698832	0.6638629432278013	0.1029603813598983	0.18829825483634605	440.5682818057299	119.0	3.7022544689557133	-398.17192529859744
2.0	378.0	780.0	3.195311892325576	0.20299947773070423	60.77964699210064	0.4790772469514184	3.450666776518002	0.3814640184900426	0.09255671307214135	0.22411869337371937	762.5984446416602	119.0	6.408390291106389	-356.21932878370586
2.0	378.0	780.0	4.545508086028297	0.17312846931632608	70.47043898169525	0.36432532484881125	3.8288909902743695	0.3038467893388382	0.09255671307214135	0.22411869337371937	762.5984446416602	119.0	6.408390291106389	-356.21932878370586
1.0	388.0	780.0	3.8208076460919997	0.12280209132490025	67.19791669604442	0.2324471844417317	6.262443162723646	0.2324468247599126	0.08327654677403262	0.22558544574662662	981.6660183859767	122.0	8.046442773655547	-357.77990398021734
2.0	398.0	780.0	1.7324511522049892	0.11205271984016779	58.400343050782446	1.106379961350977	5.795485890019356	0.752756663085792	0.0941280917034123	0.10863163176324192	204.1079920655658	119.0	1.7151932106350067	-516.7708860799574
2.0	398.0	780.0	3.573357224314242	0.24839858536650242	69.41235859152789	0.345000106240654	4.202219003467517	0.220899765887157	0.0941280917034123	0.10863163176324192	204.1079920655658	119.0	1.7151932106350067	-516.7708860799574
2.0	408.0	780.0	2.8796502517847085	0.09206993067854502	55.48173291496935	0.6200579782555559	6.709732714839823	0.502735972337195	0.08632002446954994	0.1384726188529889	414.37226613083436	119.0	3.4821198834523894	-449.90517597715296
2.0	408.0	780.0	3.840511596539482	0.185252045563749	69.3264283661116	0.31767342829584455	4.637616194577342	0.23768479222761388	0.08632002446954994	0.1384726188529889	414.37226613083436	119.0	3.4821198834523894	-449.90517597715296
2.0	418.0	780.0	4.203490540623029	0.08206108781303312	56.32272341828662	0.41938801516109336	8.053177817706995	0.37025457107236975	0.0827646400073019	0.16402834274140105	496.0032150452927	119.0	4.16809424407809	-437.9431421387378
2.0	418.0	780.0	3.837356681999014	0.19657583369913317	71.21166864553253	0.23177726920707872	4.318674193869237	0.21593325926148293	0.0827646400073019	0.16402834274140105	496.0032150452927	119.0	4.16809424407809	-437.9431421387378
2.0	428.0	780.0	4.540266271509536	0.09614978838847409	55.516703744563806	0.25346200543752634	6.97150716621421	0.26255764612044213	0.10833823156375913	0.15754634804127313	364.5244974060979	119.0	3.0632310706394783	-409.1274260533056
2.0	428.0	780.0	5.626699181309217	0.11776085895010326	73.26671316827066	0.16831505299801167	4.90795026292715	0.15657504201036432	0.10833823156375913	0.15754634804127313	364.5244974060979	119.0	3.0632310706394783	-409.1274260533056
2.0	438.0	780.0	4.573993664968815	0.11303456092299209	55.67194046103368	0.18034432340765025	5.391121583228544	0.19076311774575663	0.36105376468786626	0.13965027178995387	36.23862959484989	119.0	0.3045262991163856	-396.74374430880425
2.0	438.0	780.0	7.322024562672423	0.11035452113720362	74.98743758333572	0.11556483071676212	5.720109944243593	0.12402050456664969	0.36105376468786626	0.13965027178995387	36.23862959484989	119.0	0.3045262991163856	-396.74374430880425
2.0	448.0	780.0	4.111573855997241	0.11037657610109498	56.784369235780844	0.16796512038878397	4.745085017780257	0.17555139715552026	0.36105376468786626	0.14128256292115496	30.723248787053535	119.0	0.258178561235744	-417.3819953429805
2.0	448.0	780.0	7.592790981240245	0.10172432849255214	75.4808545248059	0.09903900068186733	5.7640760674690315	0.10775840984119986	0.36105376468786626	0.14128256292115496	30.723248787053535	119.0	0.258178561235744	-417.3819953429805
2.0	458.0	780.0	2.605188990835442	0.08764341486858179	58.69690907189655	0.4148787049230085	5.9598905660934705	0.3883822598362754	0.08083562782019507	0.12845903456699914	466.4853251828468	119.0	3.920044749435687	-451.508400508642
2.0	458.0	780.0	5.972007855061896	0.09505648750067063	74.97234142748695	0.170042279870513	5.361432802919426	0.15237028420096577	0.08083562782019507	0.12845903456699914	466.4853251828468	119.0	3.920044749435687	-451.508400508642
2.0	468.0	780.0	2.8803424718018973	0.17511292861869618	65.5867788083002	0.869227236749088	9.51729023349704	0.39163636493950715	0.058621186350629226	0.10487872080128992	670.7738586959756	119.0	5.636755115092232	-486.4381218798014
2.0	468.0	780.0	1.9208155718867588	0.2913379182558631	74.32623256719657	0.3157464747032117	4.354725369002155	0.5056033150230262	0.058621186350629226	0.10487872080128992	670.7738586959756	119.0	5.636755115092232	-486.4381218798014
1.0	478.0	780.0	3.7811792838550953	0.0692006532469951	64.90298000162065	0.1721297699840303	8.145162404769115	0.17212976032206526	0.07070001139064788	0.13386802866571795	562.467337178415	122.0	4.61038800965914	-468.32497026030984
2.0	488.0	780.0	0.374248724523	0.05392121306603054	41.090836081297205	3.83547862498286	11.827446774420643	3.650952578840082	0.07526425307148352	0.1337346452294514	394.6586587721077	119.0	3.3164593174126695	-490.26219414419666
2.0	488.0	780.0	4.0843337024932085	0.10858927396140715	64.15468275550309	0.1945869900803904	6.229336007971995	0.18377187804228892	0.07526425307148352	0.1337346452294514	394.6586587721077	119.0	3.3164593174126695	-490.26219414419666
2.0	498.0	780.0	0.5172466764851847	0.056142930925025945	38.785217141844235	1.254247916093754	9.179830040658173	1.388086475392827	0.08625864777894132	0.12362409492501927	256.76201170915823	119.0	2.157663963942506	-509.9098898303241
2.0	498.0	780.0	4.989910620668429	0.07304044734250391	63.66526353639374	0.09871425096868693	5.148464535608408	0.09961090706131236	0.08625864777894132	0.12362409492501927	256.76201170915823	119.0	2.157663963942506	-509.9098898303241
2.0	508.0	780.0	0.5261725691318992	0.04876696382943997	39.02404001194953	1.6391360154578731	12.057160763236618	1.8085706826349064	0.06403405644173188	0.12050480776939687	451.3821650789531	119.0	3.7931274376382613	-513.8731098983849
2.0	508.0	780.0	5.840443058644822	0.08360845007823216	63.725914029943816	0.0813464196963451	4.783728674556922	0.08566788755898072	0.06403405644173188	0.12050480776939687	451.3821650789531	119.0	3.7931274376382613	-513.8731098983849
1.0	518.0	780.0	5.5176269139534115	0.09019697224203586	64.19678283004407	0.10252072671859665	5.430967093945791	0.10252064290048402	0.08483968687966882	0.1595756544275268	442.4798399464539	122.0	3.6268839339873273	-452.7378141689773
1.0	528.0	780.0	4.744666066496592	0.07370794022717551	65.36793884630661	0.1034487957845156	5.767077807454281	0.10344882020885343	0.07513985940832786	0.13395519220042257	399.9922182494746	122.0	3.278624739749792	-495.70960807024454
1.0	538.0	780.0	3.9282294930330885	0.08825661229074971	66.28644067345469	0.15491943982920342	5.9714265426746564	0.15491940696913203	0.09486247408685507	0.1436556060340699	372.5654602948379	122.0	3.0538152483183434	-446.3193921776989
2.0	548.0	780.0	0.4014131150448027	0.09313291198676019	36.453860072856344	1.4042692094518625	5.2331679776411715	1.4110785489331952	0.08078074535850031	0.14854977757116508	488.0447623959214	119.0	4.101216490722028	-446.03062224044703
2.0	548.0	780.0	3.2775574200992996	0.07782960910408683	68.07725733608342	0.20575650606972273	7.506806249583255	0.20717201077038042	0.08078074535850031	0.14854977757116508	488.0447623959214	119.0	4.101216490722028	-446.03062224044703
3.0	558.0	780.0	0.27905349299901355	0.04234341617096764	36.562121353072975	2.178188048521277	11.462972747042166	2.4264971959495605	0.05814759571879458	0.08861145765424118	388.4723926711863	116.0	3.3488999368205716	-549.8889232947358
3.0	558.0	780.0	2.5546528751400865	0.10469845119263856	60.99826644799009	0.1949328839211391	3.421892623094612	0.18477467825652458	0.05814759571879458	0.08861145765424118	388.4723926711863	116.0	3.3488999368205716	-549.8889232947358
3.0	558.0	780.0	3.527684035454976	0.060577523470328666	73.09442773010629	0.20920270596105672	5.610748262622179	0.20051984108535517	0.05814759571879458	0.08861145765424118	388.4723926711863	116.0	3.3488999368205716	-549.8889232947358
2.0	568.0	780.0	2.355222987243743	0.08958444063765268	60.509773080886426	0.28426217828601397	4.089884109540717	0.24341666224897696	0.08641314358314148	0.0996816857027903	229.23054222334986	119.0	1.9263070775071416	-523.6401962731964
2.0	568.0	780.0	3.5585631225670986	0.06932574391226871	73.7225744057093	0.22583651220629547	5.382456011080254	0.21312592400525326	0.08641314358314148	0.0996816857027903	229.23054222334986	119.0	1.9263070775071416	-523.6401962731964
2.0	578.0	780.0	1.925395367181063	0.14686857378732743	67.05101446248852	1.013199463820878	10.194108010432517	0.45705789679989745	0.0887950022629726	0.10958065130940836	231.41742910597617	119.0	1.9446842782014804	-515.6556890818508
2.0	578.0	780.0	1.8193222489828336	0.2161989271956752	75.60951908655277	0.3029786160452586	4.503794027959777	0.44802391047940404	0.0887950022629726	0.10958065130940836	231.41742910597617	119.0	1.9446842782014804	-515.6556890818508
3.0	588.0	780.0	0.27693673281720016	0.05979905259914677	28.654637195965247	1.4347031118197204	5.653036620701457	1.4505328866739677	0.048417016066947934	0.09950680447988138	590.1075322690939	116.0	5.087133898871499	-543.4118913282898
3.0	588.0	780.0	1.6351552214589515	0.08532267208993621	66.91466012240542	0.9033122338911354	11.662839139891869	0.4885069117159253	0.048417016066947934	0.09950680447988138	590.1075322690939	116.0	5.087133898871499	-543.4118913282898
3.0	588.0	780.0	1.6402481649980103	0.13915862435233844	77.29675211947733	0.26473751297081805	4.464229420443522	0.37649512464193396	0.048417016066947934	0.09950680447988138	590.1075322690939	116.0	5.087133898871499	-543.4118913282898
3.0	598.0	780.0	1.5128806584588277	0.06921344559876023	58.79287071794653	0.5738548827407586	5.451369137557602	0.5468576884081561	0.07164835036542289	0.11478747572218463	322.5576862875361	116.0	2.7806697093753114	-520.935037836343
3.0	598.0	780.0	1.4957880434737088	0.18527844489599443	67.2255531044718	0.2116910474718849	1.8839097153869107	0.2687554980276695	0.07164835036542289	0.11478747572218463	322.5576862875361	116.0	2.7806697093753114	-520.935037836343
3.0	598.0	780.0	2.2184151223563036	0.07188741613034978	77.21961554759129	0.261750694959113	5.178814566846005	0.28118460347096497	0.07164835036542289	0.11478747572218463	322.5576862875361	116.0	2.7806697093753114	-520.935037836343
1.0	608.0	780.0	2.74588233852543	0.06661337779463064	69.60961874044	0.28297088983733876	10.101759344653235	0.28297090440714573	0.08088358335148735	0.16076981141048496	493.8668721345335	122.0	4.048089115856832	-450.94206843186095
2.0	618.0	780.0	1.7003296418917424	0.13464943439223323	64.10207490630954	1.0609967684589094	13.000475339327489	0.570022425632542	0.0796515286269021	0.11990285600553101	400.71870779493537	119.0	3.367384099117104	-474.1934024664702
2.0	618.0	780.0	3.8873714374092394	0.16881350185527091	73.10861072936721	0.16527579350589772	5.027846003935236	0.22164382837804789	0.0796515286269021	0.11990285600553101	400.71870779493537	119.0	3.367384099117104	-474.1934024664702
2.0	628.0	780.0	1.3882746906959182	0.26961552823538115	60.3477142945775	3.6568517054537972	11.93840533161396	1.4748035243925095	0.07896173414967661	0.11644534779284375	324.57099330523874	119.0	2.7274873386994853	-502.7122969680687
2.0	628.0	780.0	4.947643945744054	0.48717656655820124	72.20843477041154	0.16706495279119032	6.52117411789034	0.32719283324310994	0.07896173414967661	0.11644534779284375	324.57099330523874	119.0	2.7274873386994853	-502.7122969680687
2.0	638.0	780.0	4.5346212571208016	0.06908552901383136	68.77285602234983	0.1659785576278164	9.435239582271226	0.1659785938959266	0.07393959213324998	0.15801524417340682	579.1121943188544	119.0	4.866489027889533	-446.7670342529621
2.0	638.0	780.0	0.34838173177170934	0.10761152219908164	123.08216411849156	1.3871030603245456	3.887981125882914	1.3870948149703972	0.07393959213324998	0.15801524417340682	579.1121943188544	119.0	4.866489027889533	-446.7670342529621
4.0	648.0	780.0	0.7265751173583254	0.05969803167219936	13.972804994388866	0.631839277386387	6.659719318442647	0.6319265867452476	0.06598744067641771	0.11089625291288985	363.87701828590974	113.0	3.2201506043000863	-519.2242212512971
4.0	648.0	780.0	3.1484003246513623	0.0670673479512809	65.27291536511771	0.43206698104737706	10.292561262376605	0.2753089246899568	0.06598744067641771	0.11089625291288985	363.87701828590974	113.0	3.2201506043000863	-519.2242212512971
4.0	648.0	780.0	1.720831046446875	0.14635468493236153	76.15349372464593	0.21469564032398006	3.4554697805892385	0.317183312846667	0.06598744067641771	0.11089625291288985	363.87701828590974	113.0	3.2201506043000863	-519.2242212512971
4.0	648.0	780.0	0.659689571905505	0.09176508445705599	122.53823784274148	0.452686332605971	2.818319438860668	0.4526864530194993	0.06598744067641771	0.11089625291288985	363.87701828590974	113.0	3.2201506043000863	-519.2242212512971
4.0	658.0	780.0	1.8833865059325856	0.06624592392765949	9.601865053723582	0.2818642877076251	6.939881085296148	0.2818730856022123	0.06548762778804308	0.12418219548065362	474.10698675997224	113.0	4.195637050973206	-488.0478877694813
4.0	658.0	780.0	2.617024718342548	0.11610599353754024	64.1703020769341	0.9564122832059785	9.963055838556556	0.528045905273978	0.06548762778804308	0.12418219548065362	474.10698675997224	113.0	4.195637050973206	-488.0478877694813
4.0	658.0	780.0	2.0237925623213746	0.2684256292329534	75.10156577376796	0.2528637122698187	4.288523577633633	0.45062794439656473	0.06548762778804308	0.12418219548065362	474.10698675997224	113.0	4.195637050973206	-488.0478877694813
4.0	658.0	780.0	0.5448480192510853	0.10539892391553699	121.79450915664485	0.6123785340826107	2.741504578073204	0.6123757198504619	0.06548762778804308	0.12418219548065362	474.10698675997224	113.0	4.195637050973206	-488.0478877694813
3.0	668.0	780.0	1.6609930783613216	0.08606021172489822	7.821967357395755	0.4263168047281354	7.126050327110184	0.42631698700925585	0.06361597717011991	0.16659749422156092	893.7568272089405	116.0	7.7048002345598325	-423.26743987425317
3.0	668.0	780.0	3.723160323675696	0.08026930713762888	67.96923016557197	0.20391475696096473	8.191062151276192	0.20391475256171784	0.06361597717011991	0.16659749422156092	893.7568272089405	116.0	7.7048002345598325	-423.26743987425317
3.0	668.0	780.0	0.2657642932595335	0.10998598901554733	119.71861597178538	2.084546359841765	4.364087174146969	2.0845643443047037	0.06361597717011991	0.16659749422156092	893.7568272089405	116.0	7.7048002345598325	-423.26743987425317
5.0	678.0	780.0	0.11659553401675317	0.24303773484052993	-49.38348127842839	44.54486966188708	7.546432135746386	25.623989791563847	0.0438917856181904	0.1488497144811589	1516.5376801633915	110.0	13.78670618330356	-435.11942377827563
5.0	678.0	780.0	0.30729289768973933	0.09017143059211762	-0.6364812262036565	5.422597755528647	6.391310071646485	4.557588995653699	0.0438917856181904	0.1488497144811589	1516.5376801633915	110.0	13.78670618330356	-435.11942377827563
5.0	678.0	780.0	0.44476535677984014	0.27680787633067727	9.072399350761032	1.1195554892526751	2.626593948189224	1.5312894359625349	0.0438917856181904	0.1488497144811589	1516.5376801633915	110.0	13.78670618330356	-435.11942377827563
5.0	678.0	780.0	4.099824717137551	0.0780766242677428	67.37563307180962	0.1621650073540638	7.374494323618444	0.1621656527091015	0.0438917856181904	0.1488497144811589	1516.5376801633915	110.0	13.78670618330356	-435.11942377827563
5.0	678.0	780.0	0.2495462753309114	0.07643804881373689	117.8014051450901	2.7203443694323557	7.6996917929484905	2.720379025101954	0.0438917856181904	0.1488497144811589	1516.5376801633915	110.0	13.78670618330356	-435.11942377827563
2.0	688.0	780.0	3.3189915679871627	0.05656797439669643	65.78051475133238	0.23937691242092016	6.727396775647712	0.22672781776403692	0.08250449551922144	0.10682512187447689	210.24373351929825	119.0	1.7667540631873802	-546.0195400636841
2.0	688.0	780.0	1.5292079303363666	0.14298342657973298	75.92543502575495	0.1680005831112678	2.117091060633848	0.22740958293836427	0.08250449551922144	0.10682512187447689	210.24373351929825	119.0	1.7667540631873802	-546.0195400636841
2.0	698.0	780.0	2.5659275624162365	0.05790315888929687	63.530802922890004	0.23100166447741485	5.946978491752245	0.24355860007647429	0.06887594389029375	0.10103398901126011	272.41385516145766	119.0	2.2891920601803166	-558.7741250231169
2.0	698.0	780.0	1.367771117245891	0.10175470689680903	75.49259962261593	0.24197370156627782	2.7135278293986027	0.24687798663390023	0.06887594389029375	0.10103398901126011	272.41385516145766	119.0	2.2891920601803166	-558.7741250231169
1.0	708.0	780.0	2.1583640760043368	0.07326041793472346	63.55585402338278	0.23186363604351082	5.914927924486623	0.2318631861346585	0.06546853815888079	0.12312162483752148	533.9278134515921	122.0	4.376457487308132	-494.0530323328144
2.0	758.0	780.0	0.7470836835469457	0.07050438212508713	14.66428382066817	0.4145191161044957	3.8038335773343137	0.4145487935478327	0.07310029813419722	0.10147074595475468	248.77198564678397	119.0	2.0905208877881005	-555.2409666235525
2.0	758.0	780.0	1.7818248027511887	0.04610339604753188	53.83116125093211	0.26577851035044875	8.896932773214322	0.2658154305012382	0.07310029813419722	0.10147074595475468	248.77198564678397	119.0	2.0905208877881005	-555.2409666235525
4.0	768.0	780.0	0.7853902167613149	0.05225520865400478	16.779007514855167	0.25699207475829694	3.3440112231451904	0.25707374721066933	0.06146018127975293	0.06874342954882035	161.38227337858345	113.0	1.4281617113148979	-638.622956129453
4.0	768.0	780.0	0.9946916149458603	0.07499519743431202	48.61808390743135	0.2113194583604134	2.949711620836809	0.27016560376676224	0.06146018127975293	0.06874342954882035	161.38227337858345	113.0	1.4281617113148979	-638.622956129453
4.0	768.0	780.0	1.6732401935366203	0.04347712834185068	57.29602937881715	0.3753974595032694	10.3763347090462	0.2412019439135876	0.06146018127975293	0.06874342954882035	161.38227337858345	113.0	1.4281617113148979	-638.622956129453
4.0	768.0	780.0	0.15763251250005367	0.0378370021146389	188.14545912601224	1.8141697133975663	6.527236628102453	1.890532189423499	0.06146018127975293	0.06874342954882035	161.38227337858345	113.0	1.4281617113148979	-638.622956129453
3.0	778.0	780.0	0.6505684426230783	0.05415200038087952	17.009498557492684	0.30686049570859913	3.192255267835198	0.30690038255765034	0.06444531891552381	0.07037671945874653	154.47125809006633	116.0	1.3316487766385028	-639.457539737738
3.0	778.0	780.0	0.9449592213602308	0.07563606522885329	49.65151148601637	0.21564424619223485	2.7669356405469476	0.27223048684921247	0.06444531891552381	0.07037671945874653	154.47125809006633	116.0	1.3316487766385028	-639.457539737738
3.0	778.0	780.0	1.7297372337995085	0.04304393097873181	58.10595486110475	0.34950000325878094	10.176946028856623	0.2301801735871422	0.06444531891552381	0.07037671945874653	154.47125809006633	116.0	1.3316487766385028	-639.457539737738
3.0	788.0	780.0	0.5115012807335869	0.05352515980782082	17.73384570225524	0.4972710561393639	4.099539909345794	0.49852935570150053	0.07271477802434062	0.07816221809226624	152.2182069615301	116.0	1.312225922082156	-611.1122770917443
3.0	788.0	780.0	1.1673863790017591	0.07938096486350416	51.02259849328269	0.18570548793102673	2.642631285236173	0.22504094751216633	0.07271477802434062	0.07816221809226624	152.2182069615301	116.0	1.312225922082156	-611.1122770917443
3.0	788.0	780.0	1.4429121697130898	0.05265629384351155	56.751848794880786	0.38571232387528775	11.695247039115271	0.3328067347031558	0.07271477802434062	0.07816221809226624	152.2182069615301	116.0	1.312225922082156	-611.1122770917443
3.0	798.0	780.0	0.41647127408298307	0.06439333798810468	18.285269177012584	0.6333539323098232	3.5783858360339584	0.666820066243686	0.06693638315895394	0.07857226029078175	215.1454605989421	116.0	1.8547022465426042	-588.5628586721116
3.0	798.0	780.0	1.4195537259780977	0.08011295670551806	50.91335407849909	0.16511748902667625	2.782799966733863	0.19717184766312457	0.06693638315895394	0.07857226029078175	215.1454605989421	116.0	1.8547022465426042	-588.5628586721116
3.0	798.0	780.0	1.1088510718474274	0.04873318663251652	54.03158672354888	0.5561513363027858	16.715211713768685	0.691985109887922	0.06693638315895394	0.07857226029078175	215.1454605989421	116.0	1.8547022465426042	-588.5628586721116
3.0	58.0	790.0	0.7252743316121368	0.11349838869126479	-13.325167134618617	0.6989841328331606	3.8673989942580578	0.7025239865768209	0.1178945320394978	0.1650074558311404	244.99615161755386	116.0	2.112035789806499	-430.80989954573863
3.0	58.0	790.0	1.6855119758399546	0.11139414384311916	6.507317675257048	0.31167423968304164	4.0427572306944946	0.31696584314963616	0.1178945320394978	0.1650074558311404	244.99615161755386	116.0	2.112035789806499	-430.80989954573863
3.0	58.0	790.0	0.45018456636963167	0.05731240323507338	47.08471928334193	2.2820234121585594	15.478763086313837	2.377717184285624	0.1178945320394978	0.1650074558311404	244.99615161755386	116.0	2.112035789806499	-430.80989954573863
3.0	68.0	790.0	0.7668006640834778	0.11561533526278764	-11.02842375643755	0.5942004860263662	3.411525011643061	0.5968869765252502	0.10946804775436111	0.15610152043196263	260.2176434099851	116.0	2.2432555466378026	-441.8148468197774
3.0	68.0	790.0	2.2075087703415646	0.10729231934435346	7.537506592928833	0.22241942175516696	3.9636077706223576	0.22357596405496286	0.10946804775436111	0.15610152043196263	260.2176434099851	116.0	2.2432555466378026	-441.8148468197774
3.0	68.0	790.0	0.7895832440229295	0.08007022857639867	42.06465482188575	0.8309454351827875	7.098330960172534	0.831005479148807	0.10946804775436111	0.15610152043196263	260.2176434099851	116.0	2.2432555466378026	-441.8148468197774
3.0	78.0	790.0	0.5289349296025313	0.061131123590332494	9.372979105335197	1.8200822321553303	20.332163488437832	2.3055740368916613	0.09371681710398418	0.1211613861230428	217.38206472691118	116.0	1.8739833166113034	-503.1363476499927
3.0	78.0	790.0	1.7645539453100638	0.10638369098397278	7.973213667019575	0.19366231898853073	3.0550706962006773	0.23142371780828788	0.09371681710398418	0.1211613861230428	217.38206472691118	116.0	1.8739833166113034	-503.1363476499927
3.0	78.0	790.0	1.0124293812244336	0.11004164747962863	45.03565120590039	0.29995525177964344	2.4676670680595105	0.3255068558723128	0.09371681710398418	0.1211613861230428	217.38206472691118	116.0	1.8739833166113034	-503.1363476499927
1.0	88.0	790.0	2.0437389818730627	0.0720125762587179	12.119814139112211	0.3404934704908228	8.367792445004172	0.3404932248503125	0.09179073525958976	0.15588368847983894	371.25627290904185	122.0	3.0430842041724744	-454.9886212121614
1.0	98.0	790.0	2.6512809260937416	0.07544704313414882	15.618463286821893	0.252294165702083	7.678623571976791	0.25229431132795477	0.0840165751500517	0.15730152738777606	446.3032427335298	122.0	3.6582233010945067	-454.09968158212314
2.0	108.0	790.0	2.6958929779235254	0.06552544417483948	17.63333215829939	0.19356278639916735	6.896760892272192	0.19356278670327604	0.08077963907146832	0.12858788654047726	319.0523524192486	119.0	2.68111220520377	-499.1655365452132
2.0	108.0	790.0	0.49258096057826856	0.11404612332241322	63.95115326767354	0.6087261486705892	2.2737313359376308	0.608183680486068	0.08077963907146832	0.12858788654047726	319.0523524192486	119.0	2.68111220520377	-499.1655365452132
2.0	118.0	790.0	2.377309519033993	0.05678983430033171	17.75000847986076	0.1434391420188927	5.200120844007804	0.14343914379576012	0.0770394915412653	0.09710277648084449	198.6682549069662	119.0	1.669481133671985	-570.2320840095039
2.0	118.0	790.0	0.5980442947162947	0.0641415103167299	62.17386085454753	0.504817264391454	4.077336857175858	0.5048210439944577	0.0770394915412653	0.09710277648084449	198.6682549069662	119.0	1.669481133671985	-570.2320840095039
2.0	288.0	790.0	0.48396235949698585	0.1004623768604356	19.767521913137738	1.3442304605474065	5.603331579653278	1.3442161226415936	0.06999214858451276	0.17670953008332377	812.0805804112722	119.0	6.824206558077917	-418.2204578067729
2.0	288.0	790.0	3.1866167624929216	0.08949058034853906	64.60945335640494	0.2291192418091762	7.065426425015289	0.22911934213426582	0.06999214858451276	0.17670953008332377	812.0805804112722	119.0	6.824206558077917	-418.2204578067729
2.0	298.0	790.0	0.6488602853123424	0.10192146980404075	8.488758503044481	1.687873791676766	9.30853399216183	1.6879470816330744	0.06559915848123443	0.23242960079477498	1579.5171785224147	119.0	13.273253601028696	-351.26614352868125
2.0	298.0	790.0	3.654509446474395	0.10352855429391991	65.5973066216105	0.2950592896543072	9.020035380218852	0.2950714294229592	0.06559915848123443	0.23242960079477498	1579.5171785224147	119.0	13.273253601028696	-351.26614352868125
4.0	308.0	790.0	0.8336761797040203	0.10507200358461175	5.622812495821697	1.0989473872443603	7.418493499396147	1.1766830527049188	0.06860053368228235	0.20510852070244417	1117.7993182786156	113.0	9.892029365297484	-369.2276019212325
4.0	308.0	790.0	0.3447036522506161	0.14676820266132376	27.196974662649687	1.8926392905418807	3.6649000382555794	1.920678334224476	0.06860053368228235	0.20510852070244417	1117.7993182786156	113.0	9.892029365297484	-369.2276019212325
4.0	308.0	790.0	2.7388079188183823	0.11248251020786114	60.79274783711143	0.6127476436337349	6.6895499132703655	0.5776681382263509	0.06860053368228235	0.20510852070244417	1117.7993182786156	113.0	9.892029365297484	-369.2276019212325
4.0	308.0	790.0	4.676248948837636	0.1786318828451771	75.61562119839796	0.2574638130261405	4.361408318612862	0.2193166139117514	0.06860053368228235	0.20510852070244417	1117.7993182786156	113.0	9.892029365297484	-369.2276019212325
3.0	318.0	790.0	0.3624951867863334	0.07514628842339817	2.586292993273537	3.79748766455803	15.874163773456708	3.8652208122419265	0.08117451354475794	0.22024261791802943	923.0477449719348	116.0	7.957308146309782	-358.30236804315524
3.0	318.0	790.0	2.3345224637210515	0.1152506125017942	56.772418360624954	0.5243942279293122	7.182132368802295	0.5788185674831444	0.08117451354475794	0.22024261791802943	923.0477449719348	116.0	7.957308146309782	-358.30236804315524
3.0	318.0	790.0	6.500007328955499	0.1467130480194844	74.92430561495763	0.14650765497100335	4.424039280814003	0.14200167976021186	0.08117451354475794	0.22024261791802943	923.0477449719348	116.0	7.957308146309782	-358.30236804315524
4.0	328.0	790.0	0.4849431382859058	0.11396733375469627	-14.000663966548325	2.049058016151647	7.182259201993256	2.2632494248617165	0.08991376755865135	0.21592022422101978	725.0992911731435	113.0	6.416807886487995	-355.6909795738448
4.0	328.0	790.0	0.5389163753434336	0.20237981110351952	2.271638753887314	1.0021998446416627	2.254714867531432	1.0393998898419783	0.08991376755865135	0.21592022422101978	725.0992911731435	113.0	6.416807886487995	-355.6909795738448
4.0	328.0	790.0	3.5855101389906507	0.1042179398796246	55.2210227134413	0.38317142146326477	8.772750042306773	0.41900601962494266	0.08991376755865135	0.21592022422101978	725.0992911731435	113.0	6.416807886487995	-355.6909795738448
4.0	328.0	790.0	6.450083730108898	0.16098787440014073	74.456021857459	0.1342955970996933	4.1590029861776525	0.13434226679494346	0.08991376755865135	0.21592022422101978	725.0992911731435	113.0	6.416807886487995	-355.6909795738448
2.0	338.0	790.0	5.403048068235876	0.08042233310613987	54.05967106740645	0.2537264320074942	11.070564281893837	0.2764072401166512	0.1018961529340081	0.19158596675809275	445.7605686598837	119.0	3.7458871315956612	-399.3048801717175
2.0	338.0	790.0	4.221777391709949	0.15814868425161566	74.49388384819223	0.1483376261579482	3.68081382875448	0.16864432946670718	0.1018961529340081	0.19158596675809275	445.7605686598837	119.0	3.7458871315956612	-399.3048801717175
2.0	348.0	790.0	6.311383024875597	0.15177253477147012	50.75920618827731	0.56898726303863	8.755752106400793	0.39844401287610415	0.11609432307755635	0.21250448449712486	427.77191891316414	119.0	3.5947220076736484	-371.8416556074043
2.0	348.0	790.0	3.0142538690952745	0.22102323642396157	70.17545028159263	1.0181093522766036	7.571064574537543	0.6670593667093868	0.11609432307755635	0.21250448449712486	427.77191891316414	119.0	3.5947220076736484	-371.8416556074043
1.0	358.0	790.0	4.911153248546319	0.07841968146447084	58.23655130926124	0.22246593595053724	12.065346402385904	0.222465912677445	0.10373631848903608	0.2007374564068511	496.993038205923	122.0	4.073713427917402	-387.9429645052509
1.0	368.0	790.0	4.1543388757067214	0.09420112902071855	63.92344507953838	0.23035878936758725	8.797075998873902	0.23035864414147592	0.1592891924428801	0.19682478894303732	221.7788031142478	122.0	1.817859041920064	-381.58763141898595
1.0	378.0	790.0	4.163767757867463	0.16100481500319644	66.1928092379305	0.28827541690531344	6.45702207937938	0.2882757405044806	0.10127348541357363	0.28709314535467245	1176.253847119422	122.0	9.641424976388706	-286.2606332656276
1.0	388.0	790.0	3.974241663054736	0.17167690126001683	67.22955212486961	0.2674447941888088	5.361104539301254	0.26744433037173876	0.08024087965338583	0.29518532003552395	1769.0309332337072	122.0	14.50025355109596	-293.4463627790053
1.0	398.0	790.0	3.839474630775276	0.15524666913537802	68.35168931022203	0.22581778596766428	4.83601251157144	0.22581734603354253	0.10206119705554825	0.2501077823320335	806.5997861734229	122.0	6.611473657159204	-331.48143361384655
1.0	408.0	790.0	3.600735867727567	0.14951034625803103	67.57778205898286	0.3069104839922226	6.400948099244945	0.3069103430261888	0.2042684129195326	0.26902748788468883	247.1780614938797	122.0	2.0260496843760634	-305.85569555048977
2.0	418.0	790.0	2.9813043014909213	0.08947347057578849	59.64571904823271	0.538565163018773	8.157661758720524	0.5002927934969762	0.07635980966292764	0.1781657433170221	741.463563605757	119.0	6.230786248787874	-407.82379324422095
2.0	418.0	790.0	3.8812149327306673	0.23220311906780428	71.87802259358527	0.13042361579244555	2.662330814872484	0.18008855705096688	0.07635980966292764	0.1781657433170221	741.463563605757	119.0	6.230786248787874	-407.82379324422095
3.0	428.0	790.0	0.3879178034934277	0.09613918009115453	27.058663043160017	1.7526170372774954	6.085935346024732	1.7915612017493814	0.06587633141473735	0.1657222497926178	878.9177670961958	116.0	7.576877302553412	-416.6315974806877
3.0	428.0	790.0	3.6541347552094523	0.09356195813997649	56.85613209089571	0.25325295189617386	7.0346571353257215	0.2912510571424544	0.06587633141473735	0.1657222497926178	878.9177670961958	116.0	7.576877302553412	-416.6315974806877
3.0	428.0	790.0	5.850786947278205	0.14214231404014102	72.56746687186445	0.10072937496493854	3.226358758038139	0.10156809005896184	0.06587633141473735	0.1657222497926178	878.9177670961958	116.0	7.576877302553412	-416.6315974806877
3.0	438.0	790.0	0.3655068467548386	0.059821547016195235	31.372570273194537	1.9842872950669794	8.976033945216258	2.1918799959961834	0.07174860263290452	0.11761186251869228	399.5708144051282	116.0	3.444575986251105	-493.82184889403686
3.0	438.0	790.0	4.67690212515839	0.07544658559584909	55.82079856708614	0.1255434034862612	5.603473965434978	0.1488704845918825	0.07174860263290452	0.11761186251869228	399.5708144051282	116.0	3.444575986251105	-493.82184889403686
3.0	438.0	790.0	7.581080624326103	0.08779968189697246	73.19141623565734	0.059123499276203396	3.91901184144191	0.06090386957729656	0.07174860263290452	0.11761186251869228	399.5708144051282	116.0	3.444575986251105	-493.82184889403686
2.0	448.0	790.0	5.098024710126173	0.10974808980083241	55.86095114712756	0.14896234787845442	5.526662642690626	0.16235715676279955	0.06868176936088234	0.1564873121901498	946.3687071385077	119.0	7.952678211247964	-403.8161921094409
2.0	448.0	790.0	7.4710442127490815	0.1224382371825208	73.62999838461086	0.09078015812446517	4.284895295249573	0.09449253871680428	0.06868176936088234	0.1564873121901498	946.3687071385077	119.0	7.952678211247964	-403.8161921094409
2.0	458.0	790.0	3.7757536029777032	0.1259210178400098	55.84457382331601	0.26414713837288395	5.933365651365582	0.28887607948308847	0.36105376468786626	0.17431771284530928	48.06147262419507	119.0	0.4038779212117233	-361.44934362633325
2.0	458.0	790.0	5.859295780644024	0.14131602931063394	73.68379843720395	0.1505549497539183	4.5022031377680705	0.15414921072968873	0.36105376468786626	0.17431771284530928	48.06147262419507	119.0	0.4038779212117233	-361.44934362633325
2.0	468.0	790.0	2.4916564171901543	0.09739426156470364	59.48842229077083	1.0180322432809987	12.058911796722484	0.7019034802261046	0.09862260910090136	0.1685430995779168	528.8428906554535	119.0	4.444057904667677	-386.1046140320721
2.0	468.0	790.0	2.7627403681626213	0.23556549141517502	73.1689046965606	0.24390175552158747	3.9289945778438167	0.365994032235084	0.09862260910090136	0.1685430995779168	528.8428906554535	119.0	4.444057904667677	-386.1046140320721
3.0	478.0	790.0	0.6852928986871805	0.07034413170909075	49.269375542082116	2.0440299909751394	21.300520985986157	1.4295165058366994	0.06813239350805857	0.09453502117075391	288.21141510324117	116.0	2.4845811646831133	-547.5878392223962
3.0	478.0	790.0	2.331490552875724	0.10984705034847562	55.934044745733715	0.45018096336311203	4.960708157064204	0.376181236031077	0.06813239350805857	0.09453502117075391	288.21141510324117	116.0	2.4845811646831133	-547.5878392223962
3.0	478.0	790.0	2.9745121778415653	0.10142962701232927	68.7732286089114	0.3635007418295196	5.1164135767963606	0.3018144765880002	0.06813239350805857	0.09453502117075391	288.21141510324117	116.0	2.4845811646831133	-547.5878392223962
1.0	488.0	790.0	4.086901840582308	0.08218085734061607	61.302942550811565	0.2042970391082779	8.79827249658665	0.20429698449107045	0.0703380230486367	0.1742825504461193	865.7340392437815	122.0	7.096180649539193	-415.7026882383933
3.0	498.0	790.0	0.7909298297361018	0.048889853359108816	44.8532078071326	2.1896636998430683	16.909552094677434	1.3963956197925447	0.06271059505805754	0.0964387076868872	337.50705122532855	116.0	2.9095435450459357	-548.5819158013798
3.0	498.0	790.0	4.8440115176765595	0.11161820396698276	62.45360681417211	0.0891123039666497	5.6719280760827155	0.13887981687992987	0.06271059505805754	0.0964387076868872	337.50705122532855	116.0	2.9095435450459357	-548.5819158013798
3.0	498.0	790.0	0.31472520085096717	0.05791697730899162	97.49618158746726	1.2808573262229044	5.774194952882848	1.3076907452904416	0.06271059505805754	0.0964387076868872	337.50705122532855	116.0	2.9095435450459357	-548.5819158013798
2.0	508.0	790.0	1.0757149630964689	0.07718734456760297	48.3682640895341	1.7976256119260443	15.000740405339876	1.1006039678736486	0.062045685391827136	0.14664692256925693	739.8955436682294	119.0	6.21760961065739	-459.9848014091793
2.0	508.0	790.0	5.625051713550097	0.14619259631676643	62.67361358563621	0.10286910315820785	4.842679149669761	0.14233544063026693	0.062045685391827136	0.14664692256925693	739.8955436682294	119.0	6.21760961065739	-459.9848014091793
2.0	518.0	790.0	2.1027483054248677	0.24695945010403633	54.82709423184948	1.995118485991027	8.522445717751179	0.9621693026953266	0.09282044874562415	0.1521001542145095	337.1167775081344	119.0	2.832914096707012	-457.54575651600925
2.0	518.0	790.0	5.161488285248441	0.5387663164549257	64.12216358005783	0.13368799892940725	4.277869348637763	0.26549254627193924	0.09282044874562415	0.1521001542145095	337.1167775081344	119.0	2.832914096707012	-457.54575651600925
2.0	528.0	790.0	1.0813043312015207	0.08076859511195757	57.08254491848127	0.930555928178619	15.695635603172054	0.7538167467504686	0.07685716158380133	0.10824223622947478	260.8432747849057	119.0	2.191960292310132	-536.7890404096796
2.0	528.0	790.0	4.348737860979688	0.09858334025980921	64.57453694342138	0.09589931704626375	4.597097575311975	0.12331400767657788	0.07685716158380133	0.10824223622947478	260.8432747849057	119.0	2.191960292310132	-536.7890404096796
11.0	538.0	790.0	1.2259430346124085	25.850305642558006	-101.65338020285834	715.5887490658582	31.81786973888582	190.1228879671435	0.024674030307251613	0.06684476110874796	917.5442617663645	92.0	9.973307193112657	-585.6682722010115
11.0	538.0	790.0	0.1301015724988851	0.11449194044443912	-11.624690545475904	3.807707365550104	8.229624724725625	6.902514524309176	0.024674030307251613	0.06684476110874796	917.5442617663645	92.0	9.973307193112657	-585.6682722010115
11.0	538.0	790.0	0.1543916863070635	0.07413541049899552	4.21788865615177	1.2361911263479097	2.2407372672604486	1.3324018483079796	0.024674030307251613	0.06684476110874796	917.5442617663645	92.0	9.973307193112657	-585.6682722010115
11.0	538.0	790.0	0.38373613401297574	0.04942863430649794	29.570033539470717	1.8413358318391535	5.730324354756572	1.6198471465069295	0.024674030307251613	0.06684476110874796	917.5442617663645	92.0	9.973307193112657	-585.6682722010115
11.0	538.0	790.0	0.5750306085945274	0.06704979951847431	43.31110346692886	1.062635913384025	4.74471168180691	0.8628519809426074	0.024674030307251613	0.06684476110874796	917.5442617663645	92.0	9.973307193112657	-585.6682722010115
11.0	538.0	790.0	4.140797825382095	0.053190925962011124	66.2977682068513	0.06977554262412075	5.7295535143508785	0.08576668546732123	0.024674030307251613	0.06684476110874796	917.5442617663645	92.0	9.973307193112657	-585.6682722010115
11.0	538.0	790.0	0.651367957940753	0.07052987785250145	83.16945173596726	0.27895293883797406	2.2779840851179873	0.298559536663255	0.024674030307251613	0.06684476110874796	917.5442617663645	92.0	9.973307193112657	-585.6682722010115
11.0	538.0	790.0	0.17266032188367547	0.2547263473179956	144.57540290860618	1.4987004673074868	0.9899429178894896	1.6748801239606101	0.024674030307251613	0.06684476110874796	917.5442617663645	92.0	9.973307193112657	-585.6682722010115
11.0	538.0	790.0	0.12837499654393464	0.018520560579802333	134.1724269412819	10.037530221279146	47.199425268620395	16.24627238393798	0.024674030307251613	0.06684476110874796	917.5442617663645	92.0	9.973307193112657	-585.6682722010115
11.0	538.0	790.0	0.15488377160453562	0.06956205344727953	178.38250484278106	1.1380176638364283	2.2590498781077066	1.2345397900300756	0.024674030307251613	0.06684476110874796	917.5442617663645	92.0	9.973307193112657	-585.6682722010115
11.0	538.0	790.0	0.23266719222058016	0.08635649587724611	193.64108466142537	0.6344913104740829	1.3723480323598056	0.5986726047745763	0.024674030307251613	0.06684476110874796	917.5442617663645	92.0	9.973307193112657	-585.6682722010115
2.0	548.0	790.0	0.5432974323466185	0.07282755926092468	35.71072560486134	1.2022820336791016	7.728809257954294	1.232631446021992	0.1142044856000894	0.12584179922513464	218.25671863951058	119.0	1.8340900726009293	-460.0595314752191
2.0	548.0	790.0	3.7083435354722796	0.0756726027864346	68.66977982401224	0.16950656167158817	7.145832267529135	0.17337933417730877	0.1142044856000894	0.12584179922513464	218.25671863951058	119.0	1.8340900726009293	-460.0595314752191
2.0	558.0	790.0	0.5105976156032506	0.07785539021479798	34.74685929103137	1.4359242929853722	8.05554571904902	1.4830080066795694	0.08678394555642856	0.15398352603188772	449.1408477026196	119.0	3.7742928378371396	-438.4936948011506
2.0	558.0	790.0	3.5995319368108847	0.07673220733423448	69.68343798877036	0.20663219998868324	8.306369772696621	0.21370998383737183	0.08678394555642856	0.15398352603188772	449.1408477026196	119.0	3.7742928378371396	-438.4936948011506
3.0	568.0	790.0	0.4099369751284763	0.03736676940150174	36.70677661528519	1.332756934879535	11.695347466203472	1.4852387075708648	0.06583038809550562	0.0841224176238382	240.8389558971659	116.0	2.0761978956652234	-578.6263706299181
3.0	568.0	790.0	2.252015367839514	0.11329477780864762	60.91476643418867	0.1758678317216778	3.2049334369496814	0.17896012849366813	0.06583038809550562	0.0841224176238382	240.8389558971659	116.0	2.0761978956652234	-578.6263706299181
3.0	568.0	790.0	3.2993649481367417	0.05154204904130214	72.75039540228676	0.227708398468134	6.234084183623999	0.21370275163587465	0.06583038809550562	0.0841224176238382	240.8389558971659	116.0	2.0761978956652234	-578.6263706299181
2.0	578.0	790.0	0.3817970581749703	0.06615548770767969	33.67005959497821	1.5713299689796572	7.67006782216478	1.6221837812394484	0.06570709061079173	0.13646275848638856	539.756724805305	119.0	4.535770796683235	-485.07464551598656
2.0	578.0	790.0	2.773404091947468	0.05917979197643794	69.62309544479778	0.24195958354819144	9.696188639384877	0.2535135255579042	0.06570709061079173	0.13646275848638856	539.756724805305	119.0	4.535770796683235	-485.07464551598656
3.0	588.0	790.0	0.35034322689054587	0.052247469318808124	36.97958733996093	1.8715715893122664	10.107733728026675	2.0837116755925638	0.07117354304626428	0.11850188141386384	348.81575394284664	116.0	3.007032361576264	-512.8145466416627
3.0	588.0	790.0	1.4198860160390057	0.11657656306263146	57.832243900826946	0.24163807925923386	2.629013547236845	0.2731346554254692	0.07117354304626428	0.11850188141386384	348.81575394284664	116.0	3.007032361576264	-512.8145466416627
3.0	588.0	790.0	2.402704289683059	0.05911414291046758	72.93770669670921	0.2938429125863968	8.035969568900631	0.3235438603435434	0.07117354304626428	0.11850188141386384	348.81575394284664	116.0	3.007032361576264	-512.8145466416627
3.0	598.0	790.0	0.34510961956790986	0.06447116166859501	33.66978343998088	1.6146479446960547	7.454169303217913	1.6407448474917747	0.07119154864371052	0.12965472706286776	415.3862486682091	116.0	3.5809159367949057	-490.9181904971583
3.0	598.0	790.0	1.3427568841904236	0.14194351679391864	57.742982297387194	0.24169850594275152	2.327925398170705	0.3001474475680726	0.07119154864371052	0.12965472706286776	415.3862486682091	116.0	3.5809159367949057	-490.9181904971583
3.0	598.0	790.0	2.1715422058124467	0.06186921412502024	71.53642089033193	0.41069329547128003	8.60496336712424	0.4296759465080758	0.07119154864371052	0.12965472706286776	415.3862486682091	116.0	3.5809159367949057	-490.9181904971583
3.0	608.0	790.0	0.41153178728996165	0.07292291142989517	33.42767782874643	1.2932754454338395	6.302392494638514	1.3054666369280337	0.059900371165785324	0.1352055972379407	637.3362523455173	116.0	5.494278037461356	-480.579971013919
3.0	608.0	790.0	3.0457728456441284	0.0612632403891791	69.44446965248974	0.20911854891105267	8.986280891689594	0.21359306172772338	0.059900371165785324	0.1352055972379407	637.3362523455173	116.0	5.494278037461356	-480.579971013919
3.0	608.0	790.0	0.10708786787823912	0.05171615511673491	121.51521197286256	6.992907784515904	12.547763594814095	7.062994110009949	0.059900371165785324	0.1352055972379407	637.3362523455173	116.0	5.494278037461356	-480.579971013919
3.0	618.0	790.0	0.4550851254113502	0.04980305204758733	34.96526972204281	1.0824962225523769	8.498063483075814	1.1452461137260164	0.0345272245702376	0.08710462711978843	1173.2413304896631	116.0	10.114149400772957	-542.0350911437869
3.0	618.0	790.0	1.537213701438475	0.09528703417466035	58.21218628112403	0.2524965632049931	3.1031701504693308	0.2548472506445765	0.0345272245702376	0.08710462711978843	1173.2413304896631	116.0	10.114149400772957	-542.0350911437869
3.0	618.0	790.0	5.252143135550404	0.05971293421013233	71.48535619673098	0.11738777114944164	6.194588172065581	0.1246025024094057	0.0345272245702376	0.08710462711978843	1173.2413304896631	116.0	10.114149400772957	-542.0350911437869
2.0	628.0	790.0	0.4719371018560604	0.05071784344238147	36.36962579004172	1.2270363057056572	9.555093170141182	1.3137471660235003	0.05310818714891349	0.10664483960460545	590.9890573601374	119.0	4.96629459966502	-526.9587097907962
2.0	628.0	790.0	5.78677688645875	0.05642788707980177	69.55600300782652	0.08985971343379942	7.551611209089742	0.09368387561077922	0.05310818714891349	0.10664483960460545	590.9890573601374	119.0	4.96629459966502	-526.9587097907962
4.0	638.0	790.0	0.3629803013192715	0.1313355397401823	13.954612507457814	0.9593439749546572	2.260339131128692	0.9820220506631856	0.0665529623663979	0.14235349463503333	575.7167077110196	113.0	5.094838121336457	-459.7408442090502
4.0	638.0	790.0	0.42126059455637643	0.07038568795126318	34.0159796281831	1.6329669820786843	8.272135496972078	1.8671241974240917	0.0665529623663979	0.14235349463503333	575.7167077110196	113.0	5.094838121336457	-459.7408442090502
4.0	638.0	790.0	4.749264544329468	0.06967013863094008	67.1119163694076	0.14029286584366912	8.04575921749261	0.14727794239812816	0.0665529623663979	0.14235349463503333	575.7167077110196	113.0	5.094838121336457	-459.7408442090502
4.0	638.0	790.0	0.32666442927750755	0.08716972801456628	124.13934829633511	1.5488641221154522	5.026666891521075	1.548864114534693	0.0665529623663979	0.14235349463503333	575.7167077110196	113.0	5.094838121336457	-459.7408442090502
4.0	648.0	790.0	1.327095553667413	0.06887056302891659	12.485105123554607	0.23923908904872973	3.9924088454548823	0.23923913291658042	0.07667557522146201	0.09995667950972376	215.03931550101876	113.0	1.903002792044414	-547.4439103355489
4.0	648.0	790.0	3.548863918462158	0.052671360989369136	63.6159505206508	0.17829222810785011	7.424610230765882	0.19181784639032062	0.07667557522146201	0.09995667950972376	215.03931550101876	113.0	1.903002792044414	-547.4439103355489
4.0	648.0	790.0	1.2405212439649609	0.10349729834597408	77.31741278088607	0.23520908249750408	2.636172614209041	0.2662602788460306	0.07667557522146201	0.09995667950972376	215.03931550101876	113.0	1.903002792044414	-547.4439103355489
4.0	648.0	790.0	0.47559008933671776	0.08221634814250803	122.68029284299935	0.5592122335830343	2.8014792413205227	0.5592133104716729	0.07667557522146201	0.09995667950972376	215.03931550101876	113.0	1.903002792044414	-547.4439103355489
4.0	658.0	790.0	2.1418104477553253	0.05984845390484605	10.396433102976347	0.17071408514741476	5.276383141811378	0.17455864420796952	0.0722960978349377	0.09963827946939177	238.6241776605209	113.0	2.111718386376291	-549.1385541738907
4.0	658.0	790.0	0.2602760073376595	0.06466767468240296	32.41019370058066	1.3066790410763107	4.50899056827502	1.338067730050824	0.0722960978349377	0.09963827946939177	238.6241776605209	113.0	2.111718386376291	-549.1385541738907
4.0	658.0	790.0	3.0817641448716233	0.046156860747405104	64.55915633677935	0.15250881713075454	8.82426692388756	0.15420938656191857	0.0722960978349377	0.09963827946939177	238.6241776605209	113.0	2.111718386376291	-549.1385541738907
4.0	658.0	790.0	0.40358770316839515	0.08630841190975502	121.66606278357965	0.6192774840017149	2.507799314320376	0.6192521120184808	0.0722960978349377	0.09963827946939177	238.6241776605209	113.0	2.111718386376291	-549.1385541738907
2.0	668.0	790.0	1.485165057033549	0.07733609118603318	8.554745098521364	0.3556151923008279	5.914359463088263	0.3556152332330498	0.06997183237475618	0.1367074345849618	507.95291404193785	119.0	4.26851188270536	-476.94438659780303
2.0	668.0	790.0	3.5619808387694647	0.07080966822662542	65.68322329265087	0.1619371726384256	7.055050875729533	0.161937254375792	0.06997183237475618	0.1367074345849618	507.95291404193785	119.0	4.26851188270536	-476.94438659780303
2.0	678.0	790.0	0.8546615219469768	0.12352282845764342	60.599792559549165	1.2472287602815926	11.224795925352488	0.7961108440680583	0.0843467290588196	0.10119466176011568	180.18555028391492	119.0	1.5141642881001254	-559.7837706346286
2.0	678.0	790.0	3.436709774289533	0.13528108155364335	66.7060121424763	0.1256110075590464	4.359207843459436	0.1688790764388595	0.0843467290588196	0.10119466176011568	180.18555028391492	119.0	1.5141642881001254	-559.7837706346286
