ncomps	x	y	amplitude	err amplitude	shift	err shift	width	err width	rms	residual	chisq	dof	redchisq	aic
4.0	108.0	720.0	2.3162195174934888	0.05394728838587966	11.824219217954003	0.13553765510013682	5.03965698213649	0.13553815873324332	0.08551668009079809	0.08533490332240289	133.8966540272893	113.0	1.1849261418344186	-579.3809282245609
4.0	108.0	720.0	0.6655390486435131	0.05620643116421843	45.83856332679826	0.6053730969528365	4.9877948463598	0.6632226486132312	0.08551668009079809	0.08533490332240289	133.8966540272893	113.0	1.1849261418344186	-579.3809282245609
4.0	108.0	720.0	0.8627806806165603	0.0734791715232199	58.68136115520032	0.37235733891366435	3.079286853305846	0.38943741121806097	0.08551668009079809	0.08533490332240289	133.8966540272893	113.0	1.1849261418344186	-579.3809282245609
4.0	108.0	720.0	0.3128553562782219	0.03991298667680644	80.2744927521403	1.5566499420888944	9.848961893758805	1.7303651960395732	0.08551668009079809	0.08533490332240289	133.8966540272893	113.0	1.1849261418344186	-579.3809282245609
2.0	118.0	720.0	2.4140334726030668	0.057937192969941195	13.248455965505757	0.17168684486754626	6.096595156626204	0.17312513530637785	0.053806176336529836	0.0974126969274213	496.8032292108967	119.0	4.1748170521924095	-545.3948530808445
2.0	118.0	720.0	0.9334344865100602	0.03899125592598868	56.51564965247339	0.6607373039068446	13.687984796107738	0.6810211405105651	0.053806176336529836	0.0974126969274213	496.8032292108967	119.0	4.1748170521924095	-545.3948530808445
2.0	128.0	720.0	1.5436627519143253	0.046860362824756197	13.508525599419901	0.2771471286395984	7.50886120223219	0.28220825116248566	0.06685459210710537	0.09126733361594062	259.00388826307983	119.0	2.1765032627149568	-572.5307897557486
2.0	128.0	720.0	1.036363362551891	0.03531816389077149	55.031026531311724	0.5496948111435126	13.710465089950818	0.5881222483120155	0.06685459210710537	0.09126733361594062	259.00388826307983	119.0	2.1765032627149568	-572.5307897557486
3.0	258.0	720.0	4.046425025727449	0.083120948773967	44.40701331191668	0.11817257139714407	4.811492905904796	0.1262682637558835	0.06229946579291659	0.11237501047856388	567.3026944272942	116.0	4.890540469200812	-485.3129800304169
3.0	258.0	720.0	0.9606901283891197	0.09099876305105735	61.447093564472276	0.454304844095809	3.9429252776182464	0.4749073533096111	0.06229946579291659	0.11237501047856388	567.3026944272942	116.0	4.890540469200812	-485.3129800304169
3.0	258.0	720.0	0.45795064499751503	0.10269891982722097	81.8308551421191	0.7888960923475496	3.046492915176146	0.7891135765799415	0.06229946579291659	0.11237501047856388	567.3026944272942	116.0	4.890540469200812	-485.3129800304169
4.0	268.0	720.0	0.48260496582908524	0.05263334696562207	9.41330872450687	0.7245392525147646	5.755527553541076	0.7245455300819418	0.06878119670006959	0.09153899546882689	224.95264194644787	113.0	1.9907313446588306	-568.9734841943266
4.0	268.0	720.0	4.643486096277472	0.0583927729366906	45.336381901758756	0.0771506973756229	4.88441773314406	0.08377358978667584	0.06878119670006959	0.09153899546882689	224.95264194644787	113.0	1.9907313446588306	-568.9734841943266
4.0	268.0	720.0	2.297335401905327	0.06343323923732123	61.53484937557825	0.14328221582121628	4.034034940518783	0.15087714738403618	0.06878119670006959	0.09153899546882689	224.95264194644787	113.0	1.9907313446588306	-568.9734841943266
4.0	268.0	720.0	0.7299996798170238	0.06912651073817608	80.64658889178398	0.3654385310120175	3.3412503486120038	0.3666159279115038	0.06878119670006959	0.09153899546882689	224.95264194644787	113.0	1.9907313446588306	-568.9734841943266
3.0	278.0	720.0	3.798012494546269	0.09147914298072116	47.29889191620828	0.13087882960639965	4.230914625761722	0.1398594953317468	0.07296766397610356	0.13518775373610528	442.25075346598214	116.0	3.8125064953963976	-476.92409397801794
3.0	278.0	720.0	3.740923323186188	0.09262173809753108	62.987357801504814	0.13941219964142812	4.329664418861454	0.17066832823162942	0.07296766397610356	0.13518775373610528	442.25075346598214	116.0	3.8125064953963976	-476.92409397801794
3.0	278.0	720.0	0.9826974966195936	0.08986302868865155	79.06878346714174	0.51216644110012	4.3975115019208255	0.5493426683041971	0.07296766397610356	0.13518775373610528	442.25075346598214	116.0	3.8125064953963976	-476.92409397801794
3.0	288.0	720.0	0.32624208886421135	0.06354170570726236	21.984805818834293	1.6902963766336527	7.51838995783533	1.6951627085396048	0.0681970273279	0.12858519666991325	446.57146479433953	116.0	3.8497540068477547	-492.61264505408326
3.0	288.0	720.0	3.6440485966666905	0.12166212535823276	48.71498100594821	0.09236259457428436	2.4351381704602058	0.10084968046156474	0.0681970273279	0.12858519666991325	446.57146479433953	116.0	3.8497540068477547	-492.61264505408326
3.0	288.0	720.0	4.364318425835736	0.06468440929730825	64.23435332209762	0.1571512204249132	7.855109255104766	0.1756458254121199	0.0681970273279	0.12858519666991325	446.57146479433953	116.0	3.8497540068477547	-492.61264505408326
2.0	298.0	720.0	3.15502875169683	0.12460138087179151	49.137996708893844	0.08489514653629447	2.033762475746946	0.10037390831261371	0.08620666986673617	0.1156919272119345	234.31035505188703	119.0	1.9689945802679583	-521.4984671421058
2.0	298.0	720.0	4.872825125100786	0.056901721186322064	63.26108571718391	0.13812167028717104	8.201151171762213	0.15022522272160427	0.08620666986673617	0.1156919272119345	234.31035505188703	119.0	1.9689945802679583	-521.4984671421058
2.0	308.0	720.0	4.686110399955845	0.06168080531458529	61.848307586061914	0.16693049766990908	7.866071418337793	0.17483477146051526	0.06588373065872112	0.12498347490079481	455.70651489255897	119.0	3.8294665117021762	-505.5621652246472
2.0	308.0	720.0	2.1024711077674083	0.14003086978853888	49.109401660736246	0.13772763740380453	2.0702525269681806	0.17116842108625746	0.06588373065872112	0.12498347490079481	455.70651489255897	119.0	3.8294665117021762	-505.5621652246472
3.0	318.0	720.0	4.485767775469043	0.0659298404121767	61.92882997492856	0.2837552317874732	6.442208927993274	0.2672273750635342	0.05951710350812645	0.09486956988192913	450.431932043762	116.0	3.883033896928983	-525.5710168025859
3.0	318.0	720.0	1.6935128357185791	0.18805446837196674	50.38057431248943	0.3558636670263208	3.4626561622777547	0.33052486838030287	0.05951710350812645	0.09486956988192913	450.431932043762	116.0	3.883033896928983	-525.5710168025859
3.0	318.0	720.0	1.09121847895422	0.11631068484886489	78.45315761955702	0.2234309212838103	1.7651726759777757	0.22894795736554802	0.05951710350812645	0.09486956988192913	450.431932043762	116.0	3.883033896928983	-525.5710168025859
4.0	328.0	720.0	4.199288370342011	0.04137284443832044	61.42754777155076	0.11504735275908935	7.787507223027326	0.12762152681575034	0.0726656364736112	0.08003518570249536	152.87691243198924	113.0	1.3528930303715863	-603.521035396527
4.0	328.0	720.0	0.6662749526069344	0.1381900276978611	51.53092976630023	0.322368508386821	1.0889400483585954	0.334025467190643	0.0726656364736112	0.08003518570249536	152.87691243198924	113.0	1.3528930303715863	-603.521035396527
4.0	328.0	720.0	0.9745525242883128	0.13525172444368755	77.83450295520565	0.21517633143175596	2.344189414607015	0.3071432295377195	0.0726656364736112	0.08003518570249536	152.87691243198924	113.0	1.3528930303715863	-603.521035396527
4.0	328.0	720.0	0.5476445768218232	35660490.60919702	78.2720706575172	nan	0.15543949746701835	0.0	0.0726656364736112	0.08003518570249536	152.87691243198924	113.0	1.3528930303715863	-603.521035396527
2.0	338.0	720.0	3.6062330693759286	0.098657396017188	59.18167896591678	0.4032636030046202	5.590618503428174	0.2788094985778818	0.0850100074142206	0.10703148972144072	198.79084391390677	119.0	1.6705112933941746	-545.5422719914184
2.0	338.0	720.0	3.0387703660853544	0.13609769786856937	71.69577556145161	0.41919929211015566	4.94783203033197	0.27341763095377464	0.0850100074142206	0.10703148972144072	198.79084391390677	119.0	1.6705112933941746	-545.5422719914184
2.0	348.0	720.0	2.9857974805140928	0.16512537605593586	70.86045176034567	0.11225698413715922	2.9586685621741102	0.16831280717437647	0.08482762965395405	0.10975758242679261	209.3413287021437	119.0	1.759170829429779	-539.6150857829401
2.0	348.0	720.0	2.7804355463080253	0.08034790955537195	62.4118837596575	0.45120835654111446	8.277949881138179	0.2684797769843025	0.08482762965395405	0.10975758242679261	209.3413287021437	119.0	1.759170829429779	-539.6150857829401
1.0	358.0	720.0	4.671481790650417	0.20587649384194903	67.79079826153792	0.2796315233020006	5.49374385427544	0.2796306719898526	0.09456689604807446	0.3664572864489317	1877.0737787811852	122.0	15.38585064574742	-244.96749939979475
1.0	368.0	720.0	4.92226970986098	0.2397341078258376	66.64466921384111	0.3450288389457016	6.13634590716578	0.34502968104930193	0.14662151974567855	0.4412280602655422	1182.2955775428907	122.0	9.69094735690894	-193.11274013430153
1.0	378.0	720.0	5.427660243110616	0.21089222137751937	65.57646271949191	0.2918695754799496	6.506273069953932	0.2918700001823228	0.6418935504841823	0.3566083095618443	50.61746668751042	122.0	0.4148972679304133	-217.8353282037993
1.0	388.0	720.0	5.708719133427118	0.16329814159901473	65.40024756434337	0.23170210324739365	7.015456379560588	0.2317022938570879	0.2394337208546833	0.2724713765332952	235.1993088326061	122.0	1.9278631871525092	-272.35471750914456
1.0	398.0	720.0	5.5709860010635435	0.10092770926212863	66.0743308589182	0.1918674442362751	9.171520116920785	0.1918674122982468	0.17812135062070894	0.1989862814196745	212.25204355114167	122.0	1.7397708487798498	-359.13996449297616
2.0	408.0	720.0	3.863502983787358	0.13688527807043244	53.32650629527214	0.14260606153505634	4.04824907861909	0.1598411527310444	0.11306503494841431	0.12432292215971331	195.0011242882625	119.0	1.6386649099853992	-476.64971106676944
2.0	408.0	720.0	6.2062145283770835	0.06278105407597362	70.6737307702204	0.20107362986715496	9.708652020231812	0.19999683723891806	0.11306503494841431	0.12432292215971331	195.0011242882625	119.0	1.6386649099853992	-476.64971106676944
2.0	418.0	720.0	5.501112149826674	0.13946385113055446	58.171696282988734	0.5604603727727171	8.001442815529426	0.41815595540685047	0.09383887050852073	0.21194488876926146	699.1449256821016	119.0	5.875167442706736	-363.6391238191668
2.0	418.0	720.0	7.239110957629742	0.20124766713043202	76.42536654024269	0.365140161364433	6.833903507209615	0.2542060881403476	0.09383887050852073	0.21194488876926146	699.1449256821016	119.0	5.875167442706736	-363.6391238191668
2.0	428.0	720.0	5.939582036947995	0.13073043269431064	63.88761581140233	0.7131437737690726	9.684491285988283	0.5047123669545819	0.10855516127725207	0.1938162480109862	455.9413134321654	119.0	3.8314396086736586	-380.6560490096809
2.0	428.0	720.0	6.344121625707859	0.4307813143571726	78.98796675967212	0.22780764392974132	5.212206210245007	0.2340712744268607	0.10855516127725207	0.1938162480109862	455.9413134321654	119.0	3.8314396086736586	-380.6560490096809
2.0	438.0	720.0	5.605769480705882	0.1405686468092821	66.61461489692746	0.7684747493569247	10.055122931774466	0.511297165879024	0.07556851626858319	0.20956359385895357	987.3151654833069	119.0	8.296766096498377	-374.63257312587643
2.0	438.0	720.0	4.500480736875686	0.4521417723464201	79.82480775252576	0.19819043586544408	4.462520506766718	0.3381533871476162	0.07556851626858319	0.20956359385895357	987.3151654833069	119.0	8.296766096498377	-374.63257312587643
2.0	448.0	720.0	2.3260790258282866	0.2475926237405708	59.19230746944852	0.23116518157750643	2.541869006482474	0.32367287887741836	0.08502609588048063	0.18542868990382583	767.2696299621163	119.0	6.447643949261481	-376.6718328182919
2.0	448.0	720.0	5.444880887082398	0.09707503437089578	70.85834414234562	0.339062795337271	9.246444804580694	0.2804575796953519	0.08502609588048063	0.18542868990382583	767.2696299621163	119.0	6.447643949261481	-376.6718328182919
2.0	458.0	720.0	4.239079830593644	0.3455133112220768	60.30352950486266	0.2683656934125544	3.593006165465381	0.22533355673828107	0.36105376468786626	0.1506933188774901	31.4506274662024	119.0	0.2642909871109445	-414.4570857550679
2.0	458.0	720.0	4.732996618754535	0.12127901750339666	71.05490512208922	0.5031635157575653	6.123612085703719	0.38425496596256076	0.36105376468786626	0.1506933188774901	31.4506274662024	119.0	0.2642909871109445	-414.4570857550679
2.0	468.0	720.0	4.379814516001002	0.31039964883201704	60.137692405444504	0.32034878240594455	3.5031725461098473	0.26692072383460963	0.36105376468786626	0.1660782831169586	62.43005336042326	119.0	0.524622297146414	-328.7536045526526
2.0	468.0	720.0	4.219145002364977	0.15112852011704497	71.62956877149011	0.5381088306076071	5.717162266508643	0.47250947475590777	0.36105376468786626	0.1660782831169586	62.43005336042326	119.0	0.524622297146414	-328.7536045526526
2.0	478.0	720.0	3.084042206655397	0.2532866975682459	58.6725203379647	0.38605859251954133	3.376333070448183	0.3609136109016631	0.36105376468786626	0.18316114384060336	80.07738361101717	119.0	0.6729191900085476	-297.63526974193104
2.0	478.0	720.0	3.937207100022754	0.1624872356368541	71.86251911200151	0.45516771040021675	6.045021419379344	0.4673712390896085	0.36105376468786626	0.18316114384060336	80.07738361101717	119.0	0.6729191900085476	-297.63526974193104
1.0	488.0	720.0	3.8519637729154117	0.15511189130078973	69.78584644780658	0.3539544371995344	7.61127197137349	0.35395406284733777	0.36105376468786626	0.26167617690845235	101.26415599453192	122.0	0.8300340655289502	-275.0047533709143
2.0	498.0	720.0	5.015577747438279	0.13848305787423848	70.03010946060513	0.17949930856004084	5.624859787814385	0.18390974960519585	0.36105376468786626	0.1568327300935215	57.40566038858332	119.0	0.48240050746708674	-339.2415885891844
2.0	498.0	720.0	1.4532348415069156	0.17498623627742355	49.58479008048622	0.49015845370079875	3.4893342195936174	0.4964200292200726	0.36105376468786626	0.1568327300935215	57.40566038858332	119.0	0.48240050746708674	-339.2415885891844
2.0	508.0	720.0	5.857624790224301	0.11462462898975156	70.04308687891589	0.1305376493633026	5.761043631280401	0.13463998177960199	0.028428095265878903	0.1712358745440507	6475.2113802063905	119.0	54.413541010137735	-383.9546245263518
2.0	508.0	720.0	1.5303243170094443	0.14013042663654604	49.11683738409454	0.4086027343799084	3.8110535316144336	0.4156605407528207	0.028428095265878903	0.1712358745440507	6475.2113802063905	119.0	54.413541010137735	-383.9546245263518
2.0	518.0	720.0	0.8236625538914767	0.08942147613265619	51.79018171040335	3.1934814603004877	10.383522577824186	2.7280688780325253	0.07826693631271557	0.19993226477074733	817.9810942492185	119.0	6.873790707976625	-389.37995835468456
2.0	518.0	720.0	5.990492276687128	0.22688471687108766	70.68739686279677	0.21678160332990307	5.666750318799264	0.19859771685989364	0.07826693631271557	0.19993226477074733	817.9810942492185	119.0	6.873790707976625	-389.37995835468456
2.0	528.0	720.0	2.404861299102922	0.3040966500070984	73.92678215199614	0.2549280757427108	2.583112945848328	0.3433579643889985	0.06374591943761024	0.18448924227054472	1194.056496496821	119.0	10.034088205855639	-393.4009279805032
2.0	528.0	720.0	4.3199261164892	0.2209269855885221	68.65451302512774	0.41980722471422555	6.9508178229879745	0.2253983111630404	0.06374591943761024	0.18448924227054472	1194.056496496821	119.0	10.034088205855639	-393.4009279805032
1.0	538.0	720.0	4.943902572756745	0.13064349573929004	69.71428095745854	0.21266819928980146	6.969712439480481	0.21266819680651253	0.07094850317835459	0.2221744222909189	1703.4044275452236	122.0	13.962331373321504	-328.94144378249416
1.0	548.0	720.0	4.959798040257103	0.10941184335795373	68.53497184135972	0.18574415759610996	7.291690923916278	0.18574409063086705	0.06375055106410583	0.21601315417162706	1548.1534901895836	122.0	12.689782706471997	-367.6313044843824
1.0	558.0	720.0	5.190593609324447	0.09335970794132026	68.18178829916779	0.16460132461410198	7.924680501318395	0.16460121115571727	0.11194307620029921	0.197563357451313	397.3253199320692	122.0	3.256764917475977	-396.8859895882264
1.0	568.0	720.0	4.929319070402305	0.08762785553902754	68.50186067253811	0.17399056239499433	8.476027161127641	0.17399053936265452	0.07694577840860392	0.19349024161259895	792.3671218820618	122.0	6.49481247444313	-404.3246848170091
1.0	578.0	720.0	4.650807034510728	0.0847121423159364	69.45150108694975	0.18462288757911027	8.777621600712319	0.1846228282426891	0.05994494880951293	0.18497639814974046	1263.5462637933101	122.0	10.356936588469756	-408.41168888987477
1.0	588.0	720.0	4.7750232912136985	0.07157878799704634	70.054388904103	0.1684978430267764	9.73461856968691	0.16849784972575674	0.06866176098503042	0.16804965812989975	762.5518581080039	122.0	6.250425066459048	-437.59611340707335
2.0	598.0	720.0	4.524966098516621	0.6687831100296484	64.59587587542957	1.870654938931234	7.735735802173837	0.8475591236379236	0.07048036158106928	0.18087622903068362	827.9041238271716	119.0	6.957177511152702	-414.07047513143783
2.0	598.0	720.0	2.6072602881602123	0.9179152930558028	77.88983989936659	2.4854920524927406	6.830450097355926	1.0379542571242124	0.07048036158106928	0.18087622903068362	827.9041238271716	119.0	6.957177511152702	-414.07047513143783
2.0	608.0	720.0	4.971081367199628	0.16241351410234564	64.2357553540319	0.6995364909886819	7.493127066549638	0.44689379286892433	0.0991382901279741	0.16055522041060435	328.1768960715009	119.0	2.7577890426176546	-444.4431386148291
2.0	608.0	720.0	2.9061297003611966	0.38998426276913684	77.41749568060376	0.6675647893218205	5.2178428802504015	0.4239848474168234	0.0991382901279741	0.16055522041060435	328.1768960715009	119.0	2.7577890426176546	-444.4431386148291
2.0	618.0	720.0	2.7464351875335127	0.11637832578355507	75.7392342973163	0.11842526291107859	2.968473930774221	0.15231740101870817	0.09572249779460265	0.10828901994785844	166.91087037945732	119.0	1.4026123561298935	-537.7203381707013
2.0	618.0	720.0	4.485926618069465	0.06628719431298952	66.8618691205493	0.21924319961495042	10.379509938480084	0.14050159440874252	0.09572249779460265	0.10828901994785844	166.91087037945732	119.0	1.4026123561298935	-537.7203381707013
2.0	628.0	720.0	3.0853244488864133	0.08594760591949452	64.31549639781733	0.5635060199562213	11.183301387033426	0.32185235285111713	0.07765942418114277	0.12459251442521665	330.10260948417493	119.0	2.7739715082703778	-504.75750209079524
2.0	628.0	720.0	5.179440050111561	0.1686896964685879	75.4407135976571	0.08972355012818689	4.126100768231559	0.13477600586610636	0.07765942418114277	0.12459251442521665	330.10260948417493	119.0	2.7739715082703778	-504.75750209079524
4.0	638.0	720.0	1.6444753519927584	0.07467572028755769	58.873943720361645	1.8089129446872128	11.930711759467684	1.3611628371697566	0.023755992026835475	0.13991561112568454	5111.962181722789	113.0	45.23860337807778	-444.31629923001157
4.0	638.0	720.0	6.079323024504562	0.26935876153143956	74.96008531284433	0.10570067552200554	4.79800644040646	0.17411104386200196	0.023755992026835475	0.13991561112568454	5111.962181722789	113.0	45.23860337807778	-444.31629923001157
4.0	638.0	720.0	0.21825137205411593	0.08894391083369405	100.74094128299294	4.387605107166232	6.498013142730976	4.301167495359389	0.023755992026835475	0.13991561112568454	5111.962181722789	113.0	45.23860337807778	-444.31629923001157
4.0	638.0	720.0	0.39261466523468314	0.06975964992418918	124.03136361492443	3.0484191303379844	9.41501581673716	3.098170688449679	0.023755992026835475	0.13991561112568454	5111.962181722789	113.0	45.23860337807778	-444.31629923001157
1.0	648.0	720.0	5.855968461275048	0.21124807268813858	73.84258723607101	0.23733848585526535	5.697344478435185	0.23733825665421987	0.36105376468786626	0.2816669108427194	140.58832918940675	122.0	1.1523633540115308	-233.99182084115623
1.0	658.0	720.0	5.198580126600315	0.19052435726545924	74.0586375334853	0.2509347992642875	5.9293574865955865	0.2509346750110463	0.36105376468786626	0.25131519742922515	119.01192637192479	122.0	0.9755075932124982	-254.8183532212895
1.0	668.0	720.0	4.405498465700461	0.1741490655262024	74.05935595607386	0.27748760733998035	6.079221993148666	0.2774876059541936	0.05968937009146339	0.2343376798786874	3730.0092840256343	122.0	30.573846590374053	-274.1687994207534
2.0	678.0	720.0	3.544759453420729	0.09395526492027678	73.22543934742174	0.20334486893951623	6.643966295202931	0.20344580676989063	0.01518287706763063	0.15912141348133343	17883.39536874348	119.0	150.28063335078556	-413.7706104275806
2.0	678.0	720.0	0.9497381709803129	0.08253665895543041	116.38361860490556	0.8639546055465513	8.61016132041718	0.8644631875168577	0.01518287706763063	0.15912141348133343	17883.39536874348	119.0	150.28063335078556	-413.7706104275806
2.0	688.0	720.0	3.1295695250388085	0.052355872240559646	70.92611255085743	0.13588227723584184	7.034222440523797	0.13588771703187008	0.05002709387810275	0.10198882965776082	541.6592117288917	119.0	4.551758081755392	-552.795358064778
2.0	688.0	720.0	0.6002823533956371	0.04923538232023246	117.67526749036993	0.7534030332374669	7.95241053626226	0.7534332599231596	0.05002709387810275	0.10198882965776082	541.6592117288917	119.0	4.551758081755392	-552.795358064778
1.0	698.0	720.0	3.403803554481172	0.06326860416697032	68.93227729201146	0.14279240160202786	6.6532529786355425	0.1427924762218476	0.08159428730777858	0.1183459302661862	288.33000110191057	122.0	2.363360664769759	-516.0250164836348
1.0	708.0	720.0	3.8712105803763603	0.09251216211743374	67.8420929946026	0.19431825942709482	7.042631346401853	0.19431843256178913	0.10947701025448409	0.16575489749576564	362.46975176976406	122.0	2.9710635390964266	-413.9317646809737
1.0	718.0	720.0	3.67632897572458	0.08709880329497834	67.14181597719265	0.19960084908854592	7.296648659664648	0.19960096371008573	0.08556201540213369	0.17064313908479212	544.9799033413713	122.0	4.467048388044026	-424.57406214541624
1.0	728.0	720.0	3.0823125360200128	0.09943109868213788	65.59907089807955	0.2661212348797826	7.144370199985705	0.26612123102465796	0.09674920218940951	0.19267953906830285	543.9106833226396	122.0	4.458284289529832	-394.09938442699485
1.0	738.0	720.0	3.4542783020568746	0.11453104940914091	63.04248818895278	0.22366277974503568	5.841565032982343	0.22366259549163794	0.12456435318345824	0.2007287633813701	355.97633039169625	122.0	2.9178387737024285	-383.9143879357411
1.0	748.0	720.0	3.913253345327816	0.08967308969471069	61.27197477098839	0.15111217049124423	5.711204764269041	0.15111226856925436	0.10742358484911724	0.1591509324840606	286.8479025931442	122.0	2.351212316337248	-447.9140829657734
1.0	758.0	720.0	4.018659401838972	0.08141216659255969	59.38901680024794	0.15253885145123014	6.5210696838922475	0.15253890960507796	0.09580674533426262	0.1565243326022762	339.3971868351479	122.0	2.7819441543864585	-455.49838062141106
1.0	768.0	720.0	3.6623250021370017	0.07880903749251014	58.03671078277088	0.19302109470616588	7.7675137960017935	0.19302097687922515	0.07222619152398965	0.1664983316257803	666.624049013914	122.0	5.464131549294377	-441.7490707128456
1.0	778.0	720.0	3.4641932139415896	0.08087774211494873	57.80721269304497	0.24831236774670556	9.210563804778081	0.24831231483184762	0.0716662621693372	0.18612805120591008	845.5490957762033	122.0	6.930730293247568	-413.9747338591312
1.0	788.0	720.0	3.7727277773302434	0.09344305940583897	57.948452766537144	0.2641541012108465	9.235839777856986	0.26415403353476846	0.0838223396617451	0.2145946115576494	827.3281168163205	122.0	6.781378006691152	-377.52797666679936
1.0	798.0	720.0	3.3000108117546936	0.08975595294295417	56.06569643825352	0.32776455278337197	10.435477942986749	0.327764440489541	0.07627168928535835	0.2187689171267413	1041.7109588311669	122.0	8.538614416648908	-372.3251066029203
2.0	808.0	720.0	1.358516338251546	0.1286155642381132	60.52072948782494	0.2723484948038472	2.9094586790830075	0.34292484304704823	0.06609345083495476	0.11852361499163738	504.09841053531323	119.0	4.236121096935405	-492.15231842631096
2.0	808.0	720.0	2.0908321696163523	0.06247189090099954	49.37526532744355	0.5494665092471094	11.853625084223555	0.388760886481745	0.06609345083495476	0.11852361499163738	504.09841053531323	119.0	4.236121096935405	-492.15231842631096
2.0	818.0	720.0	1.2215980779850855	0.06457904375272963	52.46336018687309	1.0114590307576834	16.454941183423152	0.71253944877682	0.10226989097264372	0.1070554046070954	203.87369650066026	119.0	1.713224340341683	-496.17476190307224
2.0	818.0	720.0	0.9505003509761315	0.10506898431684428	40.95927563038027	0.4683252273425418	4.14775763164715	0.5724650257546844	0.10226989097264372	0.1070554046070954	203.87369650066026	119.0	1.713224340341683	-496.17476190307224
3.0	828.0	720.0	2.254116490160773	0.06959369034518288	39.586991909756335	0.2530894027884888	6.604447003988497	0.2677702851071599	0.0835970878019792	0.0950305585757627	274.71277370119486	116.0	2.3682135663896107	-502.4448868008657
3.0	828.0	720.0	0.5956757496131164	0.12291376100158952	55.25306825103157	0.5435145229967798	2.351112725604551	0.6129694176394613	0.0835970878019792	0.0950305585757627	274.71277370119486	116.0	2.3682135663896107	-502.4448868008657
3.0	828.0	720.0	0.49768376125395597	0.04838544753995886	74.7841112959404	1.9263118145386633	13.077768279268557	2.107905168938243	0.0835970878019792	0.0950305585757627	274.71277370119486	116.0	2.3682135663896107	-502.4448868008657
3.0	838.0	720.0	2.334927671952478	0.05311266764632947	39.659346782766754	0.17764377563899417	6.212402776285247	0.19799517013420315	0.0583865602333351	0.08345760596375155	328.64353951934555	116.0	2.8331339613736684	-569.7696748167612
3.0	838.0	720.0	0.7722271127784656	0.08499747606383179	54.04760243434299	0.3286750994929892	2.4122346765268383	0.340835696015346	0.0583865602333351	0.08345760596375155	328.64353951934555	116.0	2.8331339613736684	-569.7696748167612
3.0	838.0	720.0	0.5773889726027212	0.04658758589534315	75.55204563913247	0.7171548052405222	7.686564376553774	0.7433246528837827	0.0583865602333351	0.08345760596375155	328.64353951934555	116.0	2.8331339613736684	-569.7696748167612
2.0	968.0	720.0	5.447837091783757	0.1849362973197432	47.69071568590639	0.363199300857287	5.803216915348491	0.2938476759596433	0.21037488067424542	0.2508801031624328	188.17838747842418	119.0	1.5813309872136485	-325.8696033621083
2.0	968.0	720.0	3.387874994572436	0.13162385476710425	65.582986408331	0.7133130330921594	7.558488594443622	0.6345672079541319	0.21037488067424542	0.2508801031624328	188.17838747842418	119.0	1.5813309872136485	-325.8696033621083
2.0	978.0	720.0	3.852020164746757	0.10537395490911153	47.52745791063151	0.35196347645389287	6.784055833733067	0.34122560387542317	0.20651619727280268	0.20071561989365488	119.51230507401931	119.0	1.0043050846556245	-387.2440437060353
2.0	978.0	720.0	2.2653206023209362	0.11079781963261921	66.83970344115482	0.5718717691699398	6.23110384058199	0.5359446838927966	0.20651619727280268	0.20071561989365488	119.51230507401931	119.0	1.0043050846556245	-387.2440437060353
1.0	88.0	730.0	2.0376275137458304	0.07788385197652065	6.176637709133684	0.2000357249086092	4.532118603252751	0.20003560539709322	0.06917145462258026	0.10759111402991273	414.1573215381383	122.0	3.394732143755232	-512.0502307221841
1.0	98.0	730.0	2.5460892406923645	0.09864019965704654	7.862160960031403	0.2042907007614835	4.567131317128033	0.20429108665775728	0.07197105577755046	0.1391681462679474	618.3285632571756	122.0	5.068266911944062	-452.0345316410796
2.0	108.0	730.0	2.283235677026161	0.0662939480344145	10.258376097206485	0.15372745999414184	4.580394194953734	0.1538797789543246	0.08051609777261318	0.1023012142122959	218.2878280912572	119.0	1.8343514965651866	-547.4250752746633
2.0	108.0	730.0	0.5722133373514309	0.04126689530278795	54.01084162416805	0.9855004312950748	11.838891165465103	0.9882878242201573	0.08051609777261318	0.1023012142122959	218.2878280912572	119.0	1.8343514965651866	-547.4250752746633
3.0	118.0	730.0	1.6427461282642186	0.0444107386756431	12.841918625225507	0.19328657155802895	6.151297059444006	0.19462427911564345	0.06552838636228592	0.07983513208230988	193.30978216000543	116.0	1.6664636393103915	-607.2552135531503
3.0	118.0	730.0	0.17224460691819807	0.09168358068200129	37.29169863532422	0.9447978672593967	1.6430822430066692	1.1269518322981287	0.06552838636228592	0.07983513208230988	193.30978216000543	116.0	1.6664636393103915	-607.2552135531503
3.0	118.0	730.0	0.8487104856504232	0.0327230761223845	56.34904480023347	0.5921538279604653	11.82274474223785	0.6341878434755134	0.06552838636228592	0.07983513208230988	193.30978216000543	116.0	1.6664636393103915	-607.2552135531503
5.0	128.0	730.0	1.1579108337022357	0.13430495757349697	7.671095913651597	0.5092752824779937	3.4691392657952127	0.3792018442257894	0.07193607263315833	0.08013239037609951	165.51190811171352	110.0	1.5046537101064865	-588.4995129823798
5.0	128.0	730.0	1.065050021370861	0.05913518554255105	17.959655450411713	0.8711595282079508	5.205767684948597	0.7057859213409394	0.07193607263315833	0.08013239037609951	165.51190811171352	110.0	1.5046537101064865	-588.4995129823798
5.0	128.0	730.0	0.4782227205256496	0.08756346501542207	52.10245379911581	0.5121041616016566	2.7174261736814698	0.6411524439455847	0.07193607263315833	0.08013239037609951	165.51190811171352	110.0	1.5046537101064865	-588.4995129823798
5.0	128.0	730.0	0.835198337470511	0.05499441676029102	58.435026844763485	0.9627726077153632	11.899951140561255	0.741718265495618	0.07193607263315833	0.08013239037609951	165.51190811171352	110.0	1.5046537101064865	-588.4995129823798
5.0	128.0	730.0	0.3007501510019714	0.08946197643883702	37.085091213681785	0.6343170436005161	1.947778360054889	0.750259147664027	0.07193607263315833	0.08013239037609951	165.51190811171352	110.0	1.5046537101064865	-588.4995129823798
1.0	248.0	730.0	2.493882129551508	0.08357128435861336	43.18947814801651	0.19196284598460275	4.960350919612897	0.19196245927412445	0.06895708224860847	0.13934204257829585	525.1924597065587	122.0	4.30485622710294	-483.13636007185244
1.0	258.0	730.0	3.77614931810328	0.11341015996122726	44.526050605152925	0.17443741129764886	5.0293095110765575	0.17443703790840495	0.06700360708132727	0.17423454841643166	1038.64885403542	122.0	8.51351519701164	-405.0819270818281
3.0	268.0	730.0	4.750023134986769	0.07251665892229565	44.732230465781406	0.08408168345192407	4.734000714575637	0.08711329089946923	0.07596806886923727	0.1154855837627847	290.2860744567075	116.0	2.502466159109548	-519.4761805827463
3.0	268.0	730.0	2.487082882190207	0.07916719481091396	63.31678069039794	0.14708176656538924	3.945154967934694	0.15115352556029563	0.07596806886923727	0.1154855837627847	290.2860744567075	116.0	2.502466159109548	-519.4761805827463
3.0	268.0	730.0	0.6804433431897534	0.081848889958359	9.653747360309126	0.5068057643463734	3.6488049059126553	0.5068057454597763	0.07596806886923727	0.1154855837627847	290.2860744567075	116.0	2.502466159109548	-519.4761805827463
4.0	278.0	730.0	4.491676851785875	0.07068725333518712	45.937804174509004	0.08436866341643912	4.541504363502805	0.08875680173283138	0.09272538584400107	0.10539345973052246	171.85280983694983	113.0	1.5208213259907064	-527.9519572793362
4.0	278.0	730.0	3.1129514750591305	0.07873717330482356	64.13803167676261	0.20149746649462824	4.198407793309558	0.19341950229178223	0.09272538584400107	0.10539345973052246	171.85280983694983	113.0	1.5208213259907064	-527.9519572793362
4.0	278.0	730.0	0.881264889520041	0.0675616829216256	77.4907115031552	0.8188797430832816	5.115230347821708	0.7763866018480232	0.09272538584400107	0.10539345973052246	171.85280983694983	113.0	1.5208213259907064	-527.9519572793362
4.0	278.0	730.0	0.5217916297319363	0.08088386090175509	9.3601450536855	0.6055251582044406	3.382969277331517	0.6055251622313687	0.09272538584400107	0.10539345973052246	171.85280983694983	113.0	1.5208213259907064	-527.9519572793362
2.0	288.0	730.0	4.648269474690871	0.08128803257275359	48.26044250205936	0.07932568795127176	3.576253203403553	0.08020227727800518	0.07154411083753165	0.11304215711024268	318.0978595071739	119.0	2.673091256362806	-529.8927402180249
2.0	288.0	730.0	3.9376299700415545	0.05721127053658101	67.61335514545743	0.13530246715587235	7.529717445013704	0.14973930311121275	0.07154411083753165	0.11304215711024268	318.0978595071739	119.0	2.673091256362806	-529.8927402180249
2.0	298.0	730.0	4.281668575362229	0.14330055124912383	49.46935445495864	0.13803425067037595	3.291346591467719	0.14101265986433106	0.0961999291962503	0.17663666683901721	461.05284305479154	119.0	3.8743936391158953	-409.4699341545763
2.0	298.0	730.0	5.084138313887126	0.09200106029577554	66.94016722690046	0.18788698328657444	7.7550831870954795	0.20974715804647728	0.0961999291962503	0.17663666683901721	461.05284305479154	119.0	3.8743936391158953	-409.4699341545763
2.0	308.0	730.0	4.700050230054933	0.07806667845666446	64.55074044954772	0.24478266541306037	8.628410885236573	0.25756488121032395	0.07334566030377013	0.165387454363885	636.2581775645974	119.0	5.346707374492415	-437.01978528223356
2.0	308.0	730.0	2.880333826005687	0.16661723541988321	49.63715744248198	0.1634293264395797	2.82577121361178	0.1959719569225689	0.07334566030377013	0.165387454363885	636.2581775645974	119.0	5.346707374492415	-437.01978528223356
4.0	318.0	730.0	4.155098776575819	0.16034034019768034	60.13053754116318	0.45777607348580895	4.234767947497027	1.256346414163209	0.03848555994724063	0.09238604714045263	1345.2705479988033	113.0	11.905049097334542	-490.57774362223705
4.0	318.0	730.0	3.3904084942680024	0.7558860668332642	68.43529878772296	0.5581757892893683	2.9065966199214555	0.40966877283666275	0.03848555994724063	0.09238604714045263	1345.2705479988033	113.0	11.905049097334542	-490.57774362223705
4.0	318.0	730.0	3.158658186962356	0.586690275338596	51.19390290511543	0.6274489607282292	3.110223951416029	0.32278801437637	0.03848555994724063	0.09238604714045263	1345.2705479988033	113.0	11.905049097334542	-490.57774362223705
4.0	318.0	730.0	1.4257380799203445	0.1039819396384514	77.91981285239999	0.3635197588069458	2.8445668176754952	0.36022399120784765	0.03848555994724063	0.09238604714045263	1345.2705479988033	113.0	11.905049097334542	-490.57774362223705
2.0	328.0	730.0	4.733174100564567	0.0833141408930724	61.70992036775276	0.16685519554000267	7.809999243107729	0.1840978729288495	0.09158819780710216	0.1692208897828371	428.00824041899983	119.0	3.596707902680671	-431.047761792999
2.0	328.0	730.0	0.8565320117118032	0.16407314326644443	78.39917909910606	0.4469726339032785	2.016385455707288	0.4700804178701506	0.09158819780710216	0.1692208897828371	428.00824041899983	119.0	3.596707902680671	-431.047761792999
2.0	338.0	730.0	3.559931874391536	0.36713998040178375	58.245186449433255	0.3534496475654736	4.081220452126889	0.24387351191851458	0.16683384995823367	0.1078270368944723	75.47948336411898	119.0	0.6342813728077225	-498.03396134221015
2.0	338.0	730.0	3.4755018134631377	0.13966361254150522	68.7238016375525	0.7356556525155934	6.19930139417234	0.4741652128266788	0.16683384995823367	0.1078270368944723	75.47948336411898	119.0	0.6342813728077225	-498.03396134221015
2.0	348.0	730.0	3.6462884279568364	0.162507632125872	71.68900441600296	0.18148752192972334	3.4862899686935025	0.14656371184766892	0.1117316211236684	0.10318594930643715	122.39063965673664	119.0	1.0284927702246776	-537.8389968438223
2.0	348.0	730.0	3.4580536309398737	0.06909252551993843	60.804589449084375	0.3307313949166249	5.663822660739261	0.2724793799615913	0.1117316211236684	0.10318594930643715	122.39063965673664	119.0	1.0284927702246776	-537.8389968438223
1.0	358.0	730.0	4.111768446313832	0.1673867129367682	65.95972393254682	0.3701539096213007	7.874477189279629	0.3701539228324551	0.07949932066743988	0.3557018073251163	2516.2260061308225	122.0	20.62480332894117	-251.72648760053397
1.0	368.0	730.0	4.726887352373432	0.23528335098228786	65.18363656692073	0.41964109960629953	7.3001830794519975	0.41964052681323677	0.090252465077407	0.4779048319296698	3576.4933241203153	122.0	29.315519050166518	-176.05804911018828
2.0	378.0	730.0	4.15098494028256	0.5205869595448169	71.38533946552293	0.23886879945092782	2.3400828910463245	0.2928908389825893	0.10836571494736816	0.292047674401381	1142.237007032838	119.0	9.598630311200319	-266.2952452642925
2.0	378.0	730.0	4.885181338546863	0.19298923431670112	62.24611413490845	0.5652919088674658	5.590517856754094	0.5117965779042858	0.10836571494736816	0.292047674401381	1142.237007032838	119.0	9.598630311200319	-266.2952452642925
2.0	388.0	730.0	5.394501806638423	0.20470162735678857	61.327970238604536	0.5470473105680046	4.720299352084692	0.43441949331959134	4.148440473819969	0.213489034822425	0.5928571888746457	119.0	0.004981993183820552	-300.49445136133886
2.0	388.0	730.0	4.430078720733037	0.5128133556820985	70.1803576945329	0.37133430671033674	2.916547079005033	0.29483511744643415	4.148440473819969	0.213489034822425	0.5928571888746457	119.0	0.004981993183820552	-300.49445136133886
1.0	398.0	730.0	6.00512521961051	0.12758589528263584	64.58996078890844	0.17085022004310257	6.9641007702001305	0.17085021903294403	0.20566436337547678	0.2340686336671932	193.18177662328736	122.0	1.5834571854367816	-334.9627037221763
1.0	408.0	730.0	5.792994971063978	0.09761632498332708	66.86728877405258	0.21105787578059834	10.84776534904281	0.21105793522786334	0.0911939727841274	0.24235440347599477	895.8765492887059	122.0	7.3432504040057855	-346.5055071987222
2.0	418.0	730.0	6.394109812093626	0.3244857853189741	78.91573958902735	0.2758746188830294	5.39628969420048	0.23063875314283253	0.11877171250359057	0.22246196763784137	502.39393900128323	119.0	4.2217978067334725	-346.04228654344934
2.0	418.0	730.0	6.228463601729339	0.12188673890597301	62.27948786859659	0.5529928186389675	9.153859559152787	0.4402635289390318	0.11877171250359057	0.22246196763784137	502.39393900128323	119.0	4.2217978067334725	-346.04228654344934
2.0	428.0	730.0	7.765827800752598	0.39988497497540987	79.2558682623895	0.2129626934380555	5.066378404792432	0.20499260293950006	0.08708067409354618	0.23527763881815322	1095.5394881301318	119.0	9.206214185967493	-326.18215262834343
2.0	428.0	730.0	6.227662401827875	0.13191440741962293	63.33591066826777	0.6427381342457272	9.44569313963869	0.5046991727964176	0.08708067409354618	0.23527763881815322	1095.5394881301318	119.0	9.206214185967493	-326.18215262834343
2.0	438.0	730.0	6.39876147289007	0.6004994608043009	79.25360742363947	0.23474166959998893	5.08844753411776	0.3011363454011227	0.06136631473829414	0.2378072604813847	1943.3864414912425	119.0	16.330978499926406	-342.02749148861074
2.0	438.0	730.0	5.079472184906868	0.18005457007242043	65.00715656834099	1.1436663615104445	9.954649652582978	0.7579715899195655	0.06136631473829414	0.2378072604813847	1943.3864414912425	119.0	16.330978499926406	-342.02749148861074
3.0	448.0	730.0	5.369622329933024	0.18637312244407217	78.75292420261994	0.45400858537571387	4.252751052186025	0.3284342163616657	0.07722250618050586	0.11331592827870716	861.3490635290639	116.0	7.425422961457447	-379.4276033373114
3.0	448.0	730.0	4.105901078743688	0.5261094274527857	70.21849420667417	0.37221427409107133	3.0462770118532303	0.37946371399526574	0.07722250618050586	0.11331592827870716	861.3490635290639	116.0	7.425422961457447	-379.4276033373114
3.0	448.0	730.0	3.7420688085692726	0.12230361539710537	59.5005214889529	0.5392062283123787	5.890824560361827	0.4611015622174874	0.07722250618050586	0.11331592827870716	861.3490635290639	116.0	7.425422961457447	-379.4276033373114
2.0	458.0	730.0	4.338733141032215	0.1336619256732681	73.14679321562538	0.4189345724183747	5.694709985464565	0.3736793130743621	0.36105376468786626	0.16586279404664753	49.82156026321727	119.0	0.41866857364048127	-356.9534741082196
2.0	458.0	730.0	3.459856274436217	0.17659020474455028	59.29833936415234	0.4453991300989384	4.536440867089665	0.36418576728455904	0.36105376468786626	0.16586279404664753	49.82156026321727	119.0	0.41866857364048127	-356.9534741082196
2.0	468.0	730.0	3.822605574416823	0.16654062541595124	72.66563952721273	0.4101990772169683	5.316281125803745	0.41999863896472484	0.36105376468786626	0.18544832324002325	75.25752726572276	119.0	0.6324161955102753	-305.39496143537394
2.0	468.0	730.0	3.674562086941839	0.2039635751948506	59.15810409321167	0.3532297973563739	3.807429420065948	0.32539800548050307	0.36105376468786626	0.18544832324002325	75.25752726572276	119.0	0.6324161955102753	-305.39496143537394
2.0	478.0	730.0	3.414512593764042	0.1769870045620828	72.8621327957179	0.46952784244202334	5.766469905495724	0.5018520486397824	0.36105376468786626	0.19931162702642705	91.2396972755902	119.0	0.7667201451730269	-281.32319258740887
2.0	478.0	730.0	2.9927992867612856	0.22096650215020294	58.23892758314445	0.42696659653559993	3.7709702579264235	0.40742581325749466	0.36105376468786626	0.19931162702642705	91.2396972755902	119.0	0.7667201451730269	-281.32319258740887
3.0	488.0	730.0	3.708950149318401	0.16013568245976867	71.87145466457021	0.349946439413592	6.000106952891524	0.3898285189553629	0.36105376468786626	0.18498265127048483	74.51879420818774	116.0	0.6424033983464461	-299.7746789401323
3.0	488.0	730.0	1.7073997648240817	0.5319802440666115	59.54184861452097	0.5067539379067458	2.034486341333458	0.6197951236381543	0.36105376468786626	0.18498265127048483	74.51879420818774	116.0	0.6424033983464461	-299.7746789401323
3.0	488.0	730.0	1.0421483227881159	0.18195255327698598	51.90654475314079	2.321803767996667	4.803604252642604	2.033817131945691	0.36105376468786626	0.18498265127048483	74.51879420818774	116.0	0.6424033983464461	-299.7746789401323
2.0	498.0	730.0	4.16340831646292	0.48981089303221415	71.03262679855128	0.370039995340012	5.625060051129398	0.4737141720456015	0.36105376468786626	0.18977660015716974	66.00067308308925	119.0	0.5546275048999096	-321.8013350019402
2.0	498.0	730.0	1.0214760585899483	0.14206568999881758	53.9519265182606	5.413864856889504	11.546529102332212	3.8960105448901614	0.36105376468786626	0.18977660015716974	66.00067308308925	119.0	0.5546275048999096	-321.8013350019402
2.0	508.0	730.0	5.465249101688105	0.15159185072203543	70.51078959489979	0.22453529907557362	5.598906277975235	0.18842669007992016	0.08261780315700529	0.14615431004674367	612.2723722949706	119.0	5.1451459856720225	-412.0627199943497
2.0	508.0	730.0	1.3186531780474575	0.08574936378028566	51.771220801755184	1.3747796616368861	8.815954360697333	1.2576681096653377	0.08261780315700529	0.14615431004674367	612.2723722949706	119.0	5.1451459856720225	-412.0627199943497
2.0	518.0	730.0	5.813793433378665	0.4268976814625403	70.78778308432474	0.1580204797032199	5.186668545324709	0.23188883876650673	0.062125928955006224	0.15027325506433292	767.9437289839583	119.0	6.453308646924019	-455.010755561872
2.0	518.0	730.0	1.5166766579122657	0.1345062965490998	56.87064467291256	2.7590045548992927	10.263295255662003	1.7235392472718063	0.062125928955006224	0.15027325506433292	767.9437289839583	119.0	6.453308646924019	-455.010755561872
2.0	528.0	730.0	5.495849182452768	0.4715283929656786	71.3437652255934	0.14631132476893022	5.005426582910823	0.27588295503449134	0.06991476402379306	0.1674742350442766	723.5199013392577	119.0	6.079999170918132	-432.93095508561
2.0	528.0	730.0	1.6806805875232391	0.23335165275069972	60.685615768515184	2.625224392708827	10.259428306214167	1.232414051026368	0.06991476402379306	0.1674742350442766	723.5199013392577	119.0	6.079999170918132	-432.93095508561
2.0	538.0	730.0	4.99017126338167	0.25892476048539464	71.12897281180418	0.12091064298088373	5.067205171683729	0.19894025244526814	0.062144459337282555	0.12632973115262736	524.1997686433007	119.0	4.4050400726327785	-502.6666502743768
2.0	538.0	730.0	1.548713006072201	0.14781844610770148	60.616452169919	1.6864461395450119	11.085075657997923	0.7766901144916928	0.062144459337282555	0.12632973115262736	524.1997686433007	119.0	4.4050400726327785	-502.6666502743768
2.0	548.0	730.0	4.739423885828194	0.1215880975805134	69.75709047202106	0.09736688269920518	5.251516871095564	0.13226901703324825	0.05716151306929808	0.09845432062357884	370.8703989669527	119.0	3.116557974512207	-566.8143825498624
2.0	548.0	730.0	1.2811899784911427	0.09490966321178147	60.26572660580748	1.0473890271269735	13.166806661079889	0.5367349942585308	0.05716151306929808	0.09845432062357884	370.8703989669527	119.0	3.116557974512207	-566.8143825498624
2.0	558.0	730.0	5.675527041991712	0.06784092346354607	68.65675859461359	0.1388702537942839	6.5115272844851475	0.13545433837420742	0.06630021409859932	0.12766371283195058	464.8778850477138	119.0	3.906536849140452	-501.49604610769427
2.0	558.0	730.0	0.7602109876480518	0.06719040853211324	48.664443149640185	1.0467959097357584	6.638120408354564	1.0286855068487044	0.06630021409859932	0.12766371283195058	464.8778850477138	119.0	3.906536849140452	-501.49604610769427
2.0	568.0	730.0	5.441399381479403	0.08214297268737335	68.56172405434037	0.21510492657552258	6.86598118198868	0.18079690047790237	0.064001170170835	0.13700217078797702	610.4051652388138	119.0	5.129455170074065	-476.27546297481626
2.0	568.0	730.0	0.8047415374972217	0.07054870795730198	48.22725377493175	1.5956523021748978	7.877814558825612	1.4210388146092003	0.064001170170835	0.13700217078797702	610.4051652388138	119.0	5.129455170074065	-476.27546297481626
2.0	578.0	730.0	5.288228561783271	0.07088101520101879	68.98455811697991	0.16535421812426132	6.943039484745955	0.16767392328119118	0.07227146146992129	0.11613546056918252	448.515131659941	119.0	3.769034719831437	-484.41603822631805
2.0	578.0	730.0	1.0497486761412447	0.08073728692340067	50.32842752786688	0.7355494186771457	5.499409691833128	0.6867903507055121	0.07227146146992129	0.11613546056918252	448.515131659941	119.0	3.769034719831437	-484.41603822631805
1.0	588.0	730.0	4.910775039974831	0.10070988836368353	68.46361274789986	0.20118987349384052	8.495201712469074	0.20118974599232822	0.06786608567657557	0.21431199227753026	1348.5068017494134	122.0	11.053334440568962	-369.24977979180784
1.0	598.0	730.0	5.214783736048813	0.10881037568164081	66.81104777119975	0.2138155311587894	8.875307870363626	0.21381567883348607	0.08253592017857452	0.24132710561986878	1111.7821767537937	122.0	9.112968661916343	-344.45469181046286
1.0	608.0	730.0	5.3285143307422675	0.10242637232838245	66.23762424711106	0.19010931034838066	8.565089105389735	0.1901093184724245	0.0908764155317523	0.22731144111692064	784.2675266101236	122.0	6.428422349263308	-364.00913441949984
4.0	618.0	730.0	4.5709155580552405	0.06735810157173541	66.23800288758049	0.25164636185710093	8.705393986240152	0.17730575502409213	0.078865899456176	0.11111299276124897	294.2244838878413	113.0	2.6037564945826666	-501.21221057367114
4.0	618.0	730.0	2.1748911888330866	0.15470382531518823	75.77812104755641	0.15146950399013562	2.574163051812013	0.2133709775829431	0.078865899456176	0.11111299276124897	294.2244838878413	113.0	2.6037564945826666	-501.21221057367114
4.0	618.0	730.0	0.4751462032266283	0.07741729237024893	20.837073772499124	1.4314716727921957	4.958621190316451	1.4962049032239801	0.078865899456176	0.11111299276124897	294.2244838878413	113.0	2.6037564945826666	-501.21221057367114
4.0	618.0	730.0	0.4985097872229968	0.1408160295064944	11.058095971212037	0.7354305106824797	2.2301292769571894	0.7597268095550817	0.078865899456176	0.11111299276124897	294.2244838878413	113.0	2.6037564945826666	-501.21221057367114
2.0	628.0	730.0	4.232544371813094	0.25886191452671303	76.00630897314	0.12271045528840573	3.627813050541831	0.20462259312188782	0.07547945824834423	0.15404131362104587	520.8365683853486	119.0	4.376777885591165	-454.87149870999673
2.0	628.0	730.0	3.5338760469594077	0.10572978791386764	65.40754523536627	0.6432352440539947	9.404027533447758	0.39618237148523505	0.07547945824834423	0.15404131362104587	520.8365683853486	119.0	4.376777885591165	-454.87149870999673
2.0	638.0	730.0	5.013978088361152	0.4449348412480921	75.4256776067338	0.1820076123469034	4.796957199853704	0.2986289101177477	0.07585550437377948	0.1833583113648037	809.2460951867484	119.0	6.800387354510491	-398.5457209650683
2.0	638.0	730.0	2.0431621857880375	0.13673799696727076	61.67048604628029	2.136335468886184	10.31536155463855	1.3976696520123344	0.07585550437377948	0.1833583113648037	809.2460951867484	119.0	6.800387354510491	-398.5457209650683
2.0	648.0	730.0	4.743030274006913	0.24975453744637077	75.17922294753534	0.26937184673817194	5.6142242113175564	0.27533976252721815	0.11997830100038907	0.18004742010684868	432.41086408812424	119.0	3.6337047402363383	-362.2664208257238
2.0	648.0	730.0	1.2359469425794947	0.09420469910260826	55.46850450693853	2.3804924402736405	11.286812531380868	2.0766747985912186	0.11997830100038907	0.18004742010684868	432.41086408812424	119.0	3.6337047402363383	-362.2664208257238
2.0	658.0	730.0	4.048397754997271	0.1893964389393236	75.81969099762073	0.3544382035784659	6.101235361200185	0.32463669552910784	0.13561535767796382	0.20265196864370774	377.6936102050291	119.0	3.1738958840758746	-348.5501019340784
2.0	658.0	730.0	1.0438928468120716	0.09815050155251318	53.65267225583659	2.344015481614943	11.07986791059371	2.226227820767776	0.13561535767796382	0.20265196864370774	377.6936102050291	119.0	3.1738958840758746	-348.5501019340784
4.0	668.0	730.0	3.485466657852673	0.1932593996813676	78.88801506386721	0.27053025404110986	3.3132547152265044	0.20182495092555275	0.36105376468786626	0.11110282945869314	16.00484985574567	113.0	0.1416358394313776	-484.8241286116971
4.0	668.0	730.0	2.4213805686524106	0.09170300280588246	68.96853176805816	0.5099793968202713	4.642103144891924	0.5214660458354942	0.36105376468786626	0.11110282945869314	16.00484985574567	113.0	0.1416358394313776	-484.8241286116971
4.0	668.0	730.0	1.0300216666962057	0.07502831768523932	50.050083807932154	0.5811994510949865	5.870826845762221	0.6353635612000671	0.36105376468786626	0.11110282945869314	16.00484985574567	113.0	0.1416358394313776	-484.8241286116971
4.0	668.0	730.0	0.467118770468163	0.04866666655108504	111.63813772324431	1.6679558067744433	13.696187136595839	1.7794667049954542	0.36105376468786626	0.11110282945869314	16.00484985574567	113.0	0.1416358394313776	-484.8241286116971
4.0	678.0	730.0	2.942456322250708	0.07216983764528224	76.86960009481942	0.22322405751791874	4.312174812939392	0.21234839884545031	0.36105376468786626	0.10100838027564125	10.862405332981613	113.0	0.09612748082284613	-533.2721307080026
4.0	678.0	730.0	2.217253303201409	0.0885678889592963	65.89333963742128	0.24774523719212335	3.381655954619256	0.2544366920453984	0.36105376468786626	0.10100838027564125	10.862405332981613	113.0	0.09612748082284613	-533.2721307080026
4.0	678.0	730.0	0.6704282111214065	0.06139338754922884	49.70295752926293	0.7165163025419898	6.023001800341489	0.7952382713521723	0.36105376468786626	0.10100838027564125	10.862405332981613	113.0	0.09612748082284613	-533.2721307080026
4.0	678.0	730.0	0.578014620516388	0.045877732080405874	115.90249010856269	0.9247015540546416	10.093282802259814	0.9272356138235929	0.36105376468786626	0.10100838027564125	10.862405332981613	113.0	0.09612748082284613	-533.2721307080026
2.0	688.0	730.0	1.626913777573091	0.1769175682793946	64.4478302896019	0.18136220545558304	2.051453110786738	0.25718944229022894	0.07601694203021013	0.1239936285643751	333.43705099004427	119.0	2.8019920251264225	-508.8453514174855
2.0	688.0	730.0	2.1335557977340436	0.07690197718409561	71.9246207471771	0.48696674916685656	6.818539209263216	0.34055540360930536	0.07601694203021013	0.1239936285643751	333.43705099004427	119.0	2.8019920251264225	-508.8453514174855
2.0	698.0	730.0	1.4085243263718397	0.17640866513673553	64.04833178328775	0.21197784744967005	2.636744828964399	0.3080653389464408	0.091714735974108	0.08807094316863089	126.20118609783991	119.0	1.060514168889411	-583.3607379247003
2.0	698.0	730.0	2.1894282528809463	0.11288597860070163	69.67516239510954	0.4723270936121478	6.4886975027947	0.2332615377181562	0.091714735974108	0.08807094316863089	126.20118609783991	119.0	1.060514168889411	-583.3607379247003
1.0	708.0	730.0	3.0844007420733646	0.06695727756657997	67.66753396254083	0.1716681791800751	6.849025054746643	0.1716683132410186	0.08428452055991044	0.12826634535465872	311.54346987811306	122.0	2.5536349990009266	-498.236120851688
1.0	718.0	730.0	2.7728591462015646	0.06710854685942982	67.03373399228897	0.20579343256789184	7.363521448176192	0.20579332407787593	0.05466243758007864	0.13819373297072557	800.0082421572799	122.0	6.5574446078465565	-488.6060894135098
2.0	728.0	730.0	2.5637315842441075	0.1714423976916305	61.49387133658932	0.1653844098447966	3.876454154465062	0.20805479888497963	0.06910667683508982	0.09396624930585729	231.59857532453134	119.0	1.9462065153321961	-578.2276352740195
2.0	728.0	730.0	1.2238714412532512	0.05131979215868294	74.21628476260452	1.1394076696799211	8.306587564387295	0.8862795995957009	0.06910667683508982	0.09396624930585729	231.59857532453134	119.0	1.9462065153321961	-578.2276352740195
2.0	738.0	730.0	3.336882257153737	0.10912826408221547	60.722839502846426	0.1468422008413945	3.911815072150575	0.1336159769401164	0.07361576333534513	0.09575294268833202	211.49390801974468	119.0	1.7772597312583587	-573.7768535651361
2.0	738.0	730.0	1.2207480406226339	0.05021439086393115	74.39446006832897	0.7321882832782051	7.111488891519331	0.6645073454144003	0.07361576333534513	0.09575294268833202	211.49390801974468	119.0	1.7772597312583587	-573.7768535651361
2.0	748.0	730.0	3.8967951305067166	0.07854674311905693	60.57547590280761	0.1933169308734236	5.078202759477303	0.1928377081027647	0.0939861035473672	0.1263795393546276	236.81475243909358	119.0	1.9900399364629713	-498.5696632891988
2.0	748.0	730.0	1.000413846670122	0.09610054644832254	73.4516988787873	0.6322721700838376	3.7744998161094037	0.570544894324673	0.0939861035473672	0.1263795393546276	236.81475243909358	119.0	1.9900399364629713	-498.5696632891988
1.0	758.0	730.0	3.938887704778114	0.07646760585952347	59.788277642436405	0.15710910319285015	7.008878735831544	0.15710917111514397	0.11059083210228746	0.14339357924531493	241.52669801674753	122.0	1.97972703292416	-462.1462363692589
1.0	768.0	730.0	3.6151829439550704	0.05882614476485066	59.06566381456572	0.1468025349101161	7.813682540394407	0.14680261671071	0.09914313841476664	0.1180171158607934	198.2729978933237	122.0	1.6251885073223253	-514.1312675006923
2.0	778.0	730.0	3.3633839334560025	0.0586765177403381	60.43652033055724	0.19941719045434367	7.523735989770049	0.2157898280879899	0.09319511859083365	0.10532787773477106	195.28298550298803	119.0	1.6410334916217482	-524.7861220443874
2.0	778.0	730.0	1.2033321868192324	0.07650229625908829	41.877280857810234	0.42365177349386873	4.541299728360293	0.4079356372816482	0.09319511859083365	0.10532787773477106	195.28298550298803	119.0	1.6410334916217482	-524.7861220443874
2.0	788.0	730.0	3.804203699476205	0.06435238535268382	60.95375076769405	0.20204616905102848	6.295074648207133	0.19752137812853893	0.10970031818440283	0.1044855582132374	146.32114703335918	119.0	1.2295894708685646	-520.1026251504514
2.0	788.0	730.0	1.757160946048928	0.06994541666892955	43.52914356925369	0.40593944355448014	5.486751891733011	0.37612011737862283	0.10970031818440283	0.1044855582132374	146.32114703335918	119.0	1.2295894708685646	-520.1026251504514
2.0	798.0	730.0	3.316299510369305	0.17945583736536966	61.68995889016945	0.32006183075357836	4.6711875232405475	0.25188503185832123	0.05249534602254449	0.13710737985876778	1005.9386513115995	119.0	8.4532659774084	-463.37549713083996
2.0	798.0	730.0	2.116256947393105	0.08162528524600908	47.22447931226463	0.8096569873988247	7.300805009738935	0.6701002907545105	0.05249534602254449	0.13710737985876778	1005.9386513115995	119.0	8.4532659774084	-463.37549713083996
3.0	808.0	730.0	2.2798898333469984	0.08336874174739084	60.96426533912159	0.1278182202811612	2.998293940763591	0.14514215087831334	0.06866295000883577	0.0770532521129864	178.467754751544	116.0	1.5385151271684827	-605.5593889676348
3.0	808.0	730.0	2.2408049322553345	0.04100264956921139	46.361616773197696	0.2515571215578293	7.959601319100084	0.26515667832803674	0.06866295000883577	0.0770532521129864	178.467754751544	116.0	1.5385151271684827	-605.5593889676348
3.0	808.0	730.0	0.6983194020901334	0.04896335743385375	74.9415639508634	0.5176655673108309	5.528392133052826	0.5754531462801337	0.06866295000883577	0.0770532521129864	178.467754751544	116.0	1.5385151271684827	-605.5593889676348
3.0	818.0	730.0	2.2276487731041996	0.04261604106700911	43.89568708686345	0.18656794533185997	7.7197778630224665	0.2085175905920172	0.06806705710423681	0.07507435243096078	192.93883753887692	116.0	1.6632658408523873	-597.9928268871093
3.0	818.0	730.0	1.0977389589257647	0.0840229967542766	59.90616791294973	0.2004932547444947	2.2347044491336323	0.22012367706522296	0.06806705710423681	0.07507435243096078	192.93883753887692	116.0	1.6632658408523873	-597.9928268871093
3.0	818.0	730.0	0.6070532306228879	0.04364121957229425	75.1910540039594	0.6791508521256603	7.3794596027043635	0.7600511169518827	0.06806705710423681	0.07507435243096078	192.93883753887692	116.0	1.6632658408523873	-597.9928268871093
2.0	828.0	730.0	2.382108750555606	0.06991886804866987	41.14859921614282	0.26901729025403165	7.83306048093983	0.27606663561008565	0.10372089393661316	0.1045606440496604	247.56360472779636	119.0	2.080366426284003	-468.3818354320468
2.0	828.0	730.0	0.6465160233267713	0.06369296045950198	78.47490322422699	1.0883177229941352	9.500867754739524	1.1258761209905896	0.10372089393661316	0.1045606440496604	247.56360472779636	119.0	2.080366426284003	-468.3818354320468
2.0	838.0	730.0	2.310591214328484	0.0692625953758202	40.67106267360244	0.26938093146595654	7.781323804825558	0.271192102149871	0.10916674181730399	0.11124565216291404	219.44610618808804	119.0	1.8440849259503196	-470.6587247399797
2.0	838.0	730.0	0.7362064779023918	0.07138562201208733	77.94912251076309	0.8203117029554101	7.323048439716246	0.825531290395747	0.10916674181730399	0.11124565216291404	219.44610618808804	119.0	1.8440849259503196	-470.6587247399797
3.0	958.0	730.0	7.526136242342145	0.1991540769509201	47.11392249064319	0.20819493993294658	4.721586550357442	0.1897639044760232	0.30102243854111693	0.22471251658996674	97.25600830787096	116.0	0.8384138647230255	-311.9482720278324
3.0	958.0	730.0	1.7049928129804066	0.1791446502237011	27.939930962842897	0.499495361494902	4.059181348615939	0.514590963491476	0.30102243854111693	0.22471251658996674	97.25600830787096	116.0	0.8384138647230255	-311.9482720278324
3.0	958.0	730.0	3.378937189659295	0.1413076012672897	63.160700922641965	0.6087720294760076	6.858953535244367	0.5838763093191491	0.30102243854111693	0.22471251658996674	97.25600830787096	116.0	0.8384138647230255	-311.9482720278324
3.0	968.0	730.0	6.492499368479883	0.12092479475074323	46.49283460270604	0.17252346511637634	5.256311417264469	0.21165572829126725	0.22521042854918444	0.1927304870032041	96.68748830725715	116.0	0.8335128302349755	-385.21851780746994
3.0	968.0	730.0	1.4977087224240748	0.11336113614385203	27.68087873773731	0.6358700147556903	5.796036044636059	0.6773805564317559	0.22521042854918444	0.1927304870032041	96.68748830725715	116.0	0.8335128302349755	-385.21851780746994
3.0	968.0	730.0	2.7625455609712235	0.10714323729316198	64.27723742771643	0.4718593028861118	6.526950157348589	0.4701483860304636	0.22521042854918444	0.1927304870032041	96.68748830725715	116.0	0.8335128302349755	-385.21851780746994
3.0	978.0	730.0	4.499680222408919	0.12482860879139414	45.38261655915996	0.27415739434180647	5.843687166892835	0.37623658982095115	0.2175155489239651	0.2098453800703204	122.629511565013	116.0	1.0571509617673536	-364.1992716011867
3.0	978.0	730.0	1.838294298812575	0.12173189295320012	64.99985832916329	0.6005096707818749	5.880930551108773	0.6231704460331942	0.2175155489239651	0.2098453800703204	122.629511565013	116.0	1.0571509617673536	-364.1992716011867
3.0	978.0	730.0	1.0348111285580213	0.12222011132828013	27.145499903457313	1.2492422465299182	5.850882510153102	1.222269115515017	0.2175155489239651	0.2098453800703204	122.629511565013	116.0	1.0571509617673536	-364.1992716011867
3.0	78.0	740.0	2.145073493999244	0.06966283748463788	7.41687112629725	0.17711451671936237	4.606414274952416	0.1873707103316288	0.10489512157728229	0.10684405871547348	135.34456080330622	116.0	1.1667634552009156	-534.1945886650607
3.0	78.0	740.0	0.4444384786742836	0.07476073378018483	24.54172876480502	0.7962577187677967	3.9547601837453685	0.830944235678519	0.10489512157728229	0.10684405871547348	135.34456080330622	116.0	1.1667634552009156	-534.1945886650607
3.0	78.0	740.0	0.40168056336741936	0.15166593330711514	60.73243092733934	0.48801896417566487	1.3509625972166632	0.6427542911202319	0.10489512157728229	0.10684405871547348	135.34456080330622	116.0	1.1667634552009156	-534.1945886650607
1.0	88.0	740.0	3.539253806163509	0.08186456240387677	7.498052102768359	0.11933403390136997	4.468305619660761	0.11933420057496025	0.08196444086847533	0.11853487503249124	321.2742154454499	122.0	2.6333952085692616	-501.369784068341
1.0	98.0	740.0	3.1820427365074044	0.08698821964125561	8.461074574542293	0.13887925274163912	4.399812266293138	0.13887938019110227	0.08526518235540145	0.12796791494094484	330.0740414548656	122.0	2.7055249299579147	-488.1218641278249
4.0	108.0	740.0	2.0923017780321174	0.060203576794261644	10.06104945750647	0.15333742040848167	4.051571756851109	0.1662242421424651	0.10697188599122347	0.08538592709649963	82.00141885225665	113.0	0.7256762730288199	-584.7087408007268
4.0	108.0	740.0	0.3506588341176894	0.06405118027850164	23.253899154308403	0.8571481596801988	3.4877604972334346	0.8986448873966608	0.10697188599122347	0.08538592709649963	82.00141885225665	113.0	0.7256762730288199	-584.7087408007268
4.0	108.0	740.0	0.32783461628377547	0.07937376850148785	39.35857324819078	0.6326911949906209	2.232822363619566	0.6376589770672889	0.10697188599122347	0.08538592709649963	82.00141885225665	113.0	0.7256762730288199	-584.7087408007268
4.0	108.0	740.0	0.425083741736451	0.04980689867579927	56.984625530417254	0.7787756726077296	5.754640447747569	0.8005273189151909	0.10697188599122347	0.08538592709649963	82.00141885225665	113.0	0.7256762730288199	-584.7087408007268
3.0	118.0	740.0	1.1756986251407573	0.05057088514914462	11.625849560802603	0.295825974216959	5.940610387286026	0.2966237015851491	0.08855520971548932	0.08700022819663633	132.70799908506584	116.0	1.1440344748712572	-578.9873681185128
3.0	118.0	740.0	0.3938694337026461	0.08362728933411212	53.44959654410393	0.6726206131593819	3.0462138842597177	0.8113039736569935	0.08855520971548932	0.08700022819663633	132.70799908506584	116.0	1.1440344748712572	-578.9873681185128
3.0	118.0	740.0	0.38428787576000756	0.054074022840102265	60.575345449875854	1.8016905291022127	13.44734733441903	1.4925682790308423	0.08855520971548932	0.08700022819663633	132.70799908506584	116.0	1.1440344748712572	-578.9873681185128
6.0	128.0	740.0	0.7468826984781799	0.29270237075210886	7.144871006496195	0.4472561858791148	3.7633365147550784	0.8394943708256564	0.07803456901056452	0.06612783942829052	95.61230768765867	107.0	0.893572969043539	-628.6995323224536
6.0	128.0	740.0	0.5012476490852156	0.1513450507678931	14.559485654961836	3.7848290220279623	7.278049100250636	1.7430967555638897	0.07803456901056452	0.06612783942829052	95.61230768765867	107.0	0.893572969043539	-628.6995323224536
6.0	128.0	740.0	0.16776503888055147	0.06109007189048297	34.450912305666286	1.084786537904438	2.500382846360798	1.1019041730636665	0.07803456901056452	0.06612783942829052	95.61230768765867	107.0	0.893572969043539	-628.6995323224536
6.0	128.0	740.0	0.805820569894761	0.1609692119661203	52.64992891218678	0.7956047317776258	3.718736469961412	0.5454614622476116	0.07803456901056452	0.06612783942829052	95.61230768765867	107.0	0.893572969043539	-628.6995323224536
6.0	128.0	740.0	0.5269171795517271	0.04793396887180156	63.73730782469679	1.804691147927399	5.686885586664339	2.196619416883353	0.07803456901056452	0.06612783942829052	95.61230768765867	107.0	0.893572969043539	-628.6995323224536
6.0	128.0	740.0	0.29032789496544037	0.07118619991550823	77.23367905792918	0.8982348962309857	2.749948472658706	0.8655893059241123	0.07803456901056452	0.06612783942829052	95.61230768765867	107.0	0.893572969043539	-628.6995323224536
5.0	238.0	740.0	1.8578370287606005	0.05094050960790497	40.31331786771625	0.3658944876990789	4.865438057555539	0.3050891100697696	0.06829988031624716	0.07178441860969112	144.44227407963044	110.0	1.313111582542095	-618.4873710710899
5.0	238.0	740.0	1.0520014306478591	0.08799193943641309	50.95692370985073	0.4844768081450872	3.553678421490602	0.3673839757354769	0.06829988031624716	0.07178441860969112	144.44227407963044	110.0	1.313111582542095	-618.4873710710899
5.0	238.0	740.0	0.4414152483319149	0.07609881144040069	71.82852272624456	0.3523790550437357	1.722130503572195	0.33493416530207104	0.06829988031624716	0.07178441860969112	144.44227407963044	110.0	1.313111582542095	-618.4873710710899
5.0	238.0	740.0	0.2693958113475401	0.07498449126169185	86.25127808258743	0.5891909474146511	1.8099455176047763	0.5749616294646367	0.06829988031624716	0.07178441860969112	144.44227407963044	110.0	1.313111582542095	-618.4873710710899
5.0	238.0	740.0	0.5608014226309378	0.06356262717622141	9.819809259518307	0.33584707327996427	2.5660951262099263	0.33583473701457706	0.06829988031624716	0.07178441860969112	144.44227407963044	110.0	1.313111582542095	-618.4873710710899
2.0	248.0	740.0	2.9860104012449167	0.06869399686044864	43.942287724916966	0.16793828895291327	6.3219765375618415	0.16793851278890154	0.06950180400242964	0.12759028144178575	434.2088594850072	119.0	3.6488139452521615	-498.2372875515617
2.0	248.0	740.0	0.6333360011467035	0.09827163966237014	10.450779519320319	0.553474220492682	3.089114292580243	0.5534747198661589	0.06950180400242964	0.12759028144178575	434.2088594850072	119.0	3.6488139452521615	-498.2372875515617
2.0	258.0	740.0	3.62538178401972	0.06325338678833149	45.185464001397385	0.11581891726306233	5.748838649596866	0.1158189206924959	0.07689158364240627	0.11319512350598784	273.5210172798399	119.0	2.2984959435280663	-530.7447581741707
2.0	258.0	740.0	0.8043183678305018	0.08514656060352097	10.63165232764457	0.3878126552233153	3.1725859112941155	0.38781266772501316	0.07689158364240627	0.11319512350598784	273.5210172798399	119.0	2.2984959435280663	-530.7447581741707
3.0	268.0	740.0	3.4518472698228475	0.052803543538392166	44.34220825424273	0.10611910038564448	5.994735820463665	0.10959145741612486	0.0770330762624303	0.09486013773852654	189.63618195104993	116.0	1.6347946719918098	-569.2156710637596
3.0	268.0	740.0	1.416929442545356	0.06929723292697983	64.85800538166866	0.19686797964771632	3.42923566024899	0.1995789870446168	0.0770330762624303	0.09486013773852654	189.63618195104993	116.0	1.6347946719918098	-569.2156710637596
3.0	268.0	740.0	0.9288689579017173	0.0708523739095373	10.147894810946761	0.2880875987658037	3.270809417484476	0.2880876518164488	0.0770330762624303	0.09486013773852654	189.63618195104993	116.0	1.6347946719918098	-569.2156710637596
3.0	278.0	740.0	3.4008334062712122	0.07223923212230522	44.6261964983284	0.14141905320072606	5.339459396377687	0.14794716995235002	0.09552308304621737	0.12127824138072214	206.175515940068	116.0	1.7773751374143794	-504.9798599801795
3.0	278.0	740.0	1.9668577754730912	0.06556997849110077	67.17915462144211	0.26986519652550517	6.646933517727757	0.2913464907040524	0.09552308304621737	0.12127824138072214	206.175515940068	116.0	1.7773751374143794	-504.9798599801795
3.0	278.0	740.0	0.7617553372690881	0.09059216540297009	9.127004711877646	0.45930936475245115	3.3447279444654168	0.4593093687533402	0.09552308304621737	0.12127824138072214	206.175515940068	116.0	1.7773751374143794	-504.9798599801795
3.0	288.0	740.0	3.8437662641650543	0.08022115190621726	48.631302985240325	0.14589504001173556	5.241028168490024	0.15125459786275552	0.0892216663940477	0.13129665621980463	287.2557001443842	116.0	2.4763422426240016	-480.5852477485427
3.0	288.0	740.0	3.161697350917073	0.07227862228252213	69.69889590997025	0.19784734534506493	6.714534033706681	0.2161338100928733	0.0892216663940477	0.13129665621980463	287.2557001443842	116.0	2.4763422426240016	-480.5852477485427
3.0	288.0	740.0	0.4618761449029742	0.10900679360645778	8.091014862717644	0.7652259019946401	2.807925724100164	0.7652236266090825	0.0892216663940477	0.13129665621980463	287.2557001443842	116.0	2.4763422426240016	-480.5852477485427
2.0	298.0	740.0	4.44531641546938	0.07694458907602363	51.43924231193415	0.15009454013291568	5.8181767900346175	0.15678023872628585	0.0934765200856307	0.12459811505544238	269.5350518805656	119.0	2.2650004359711398	-483.7512962656623
2.0	298.0	740.0	4.300365053316371	0.07728312777502494	70.42662171569286	0.15440527261862302	5.754444897655347	0.16072642622699068	0.0934765200856307	0.12459811505544238	269.5350518805656	119.0	2.2650004359711398	-483.7512962656623
2.0	308.0	740.0	4.4460030204260805	0.06947885549764257	51.925870469617585	0.1519624056728558	5.655015679290603	0.1494176688240297	0.08900138122211426	0.11340051156072908	235.98727563083597	119.0	1.9830863498389577	-512.6309644170193
2.0	308.0	740.0	4.223186815876345	0.06766231156142122	69.87470605530987	0.16445073298334528	5.985522551826033	0.16516556413733613	0.08900138122211426	0.11340051156072908	235.98727563083597	119.0	1.9830863498389577	-512.6309644170193
2.0	318.0	740.0	4.161483911329499	0.07076867991305255	52.688666591126506	0.15044606395538435	4.881432946908973	0.13360848114158297	0.0687015293154502	0.10658345451794908	304.31544271702097	119.0	2.557272627874126	-545.5652070686604
2.0	318.0	740.0	3.7449147685473494	0.058266386669373185	68.79724935632186	0.1956778427238786	6.330732445655244	0.190725097879667	0.0687015293154502	0.10658345451794908	304.31544271702097	119.0	2.557272627874126	-545.5652070686604
3.0	328.0	740.0	4.362656011146507	0.05864297831881182	68.0227019513276	0.2750748028911186	6.301002100172262	0.2095105361544456	0.07371916259786282	0.08658479165736925	173.90187713039248	116.0	1.4991541131930386	-591.0357241878153
3.0	328.0	740.0	2.3640391105613614	0.2866333223277979	58.22811842315124	0.4945542846180451	2.85221539662428	0.449924375573837	0.07371916259786282	0.08658479165736925	173.90187713039248	116.0	1.4991541131930386	-591.0357241878153
3.0	328.0	740.0	3.2136537564361363	0.2749434086631031	52.25724359947532	0.33987234202713473	2.503087844451325	0.1831240731036748	0.07371916259786282	0.08658479165736925	173.90187713039248	116.0	1.4991541131930386	-591.0357241878153
2.0	338.0	740.0	4.864365136834137	0.12231874892627233	69.88744682513882	0.37002804544974877	5.258537712373764	0.2610533355340558	0.10933049517897006	0.13276006519014055	198.31023832826475	119.0	1.6664725909938214	-482.9432492523101
2.0	338.0	740.0	3.631657271792155	0.19888716859665234	58.5629444484143	0.40078556137197713	4.345691969811862	0.26117986131350146	0.10933049517897006	0.13276006519014055	198.31023832826475	119.0	1.6664725909938214	-482.9432492523101
2.0	348.0	740.0	4.7618701263187795	0.26101575177524006	71.84097898537618	0.30820984380239236	3.5333383776017877	0.217774680248679	0.08132136622770547	0.1786111536109118	678.1591809269137	119.0	5.698816646444652	-403.24122012382554
2.0	348.0	740.0	4.1039732459791605	0.14368357322798014	61.87633049623865	0.4754227565717669	4.661559824518305	0.3674914086207068	0.08132136622770547	0.1786111536109118	678.1591809269137	119.0	5.698816646444652	-403.24122012382554
2.0	358.0	740.0	4.5920696848481	0.3280440270055236	72.67163565018083	0.1394844009067093	2.276477292674245	0.1695130204466756	0.09047476512885022	0.1965874602993297	740.8673806089209	119.0	6.225776307637991	-365.52072466689503
2.0	358.0	740.0	4.344005734232084	0.12911096059463972	63.389471042151506	0.39459206052119716	5.5871318194232344	0.36908340639461923	0.09047476512885022	0.1965874602993297	740.8673806089209	119.0	6.225776307637991	-365.52072466689503
2.0	368.0	740.0	5.523613540663124	0.33543388768340604	72.58258777843362	0.10924107577139826	1.9750369892547979	0.140490541585566	0.11801588272967363	0.23095855529087966	577.5515753986882	119.0	4.853374583182254	-330.21165049130695
2.0	368.0	740.0	4.624182144561271	0.14251874732502276	62.86909496303446	0.3619414748398557	6.012799021799045	0.3603214394232858	0.11801588272967363	0.23095855529087966	577.5515753986882	119.0	4.853374583182254	-330.21165049130695
2.0	378.0	740.0	4.614970542844774	0.43699809350614127	72.00013947371649	0.1683682578443686	2.0248611283070614	0.21495006246567802	0.10533097847056345	0.29063668428560585	1132.6891177324633	119.0	9.518395947331625	-274.4455510584822
2.0	378.0	740.0	5.184795952237752	0.1802541480273777	62.55880862767904	0.42139660928013273	5.874248905205423	0.41136002027847873	0.10533097847056345	0.29063668428560585	1132.6891177324633	119.0	9.518395947331625	-274.4455510584822
3.0	388.0	740.0	3.5373277265630705	3.369382364567314	67.4390357823363	1.4847547711282705	2.9767527588286753	2.67229145166991	0.17086686166645643	0.25487289542200864	413.1142882222174	116.0	3.5613300708811844	-272.726117690651
3.0	388.0	740.0	4.767478633806499	1.6359481326491132	60.7784160275613	2.9232734658003023	4.39658971138172	1.3442543233873159	0.17086686166645643	0.25487289542200864	413.1142882222174	116.0	3.5613300708811844	-272.726117690651
3.0	388.0	740.0	3.179221757896038	3.0763606732957602	71.92507333466992	0.6391394701110148	1.7154502915424712	0.6260175953863215	0.17086686166645643	0.25487289542200864	413.1142882222174	116.0	3.5613300708811844	-272.726117690651
1.0	398.0	740.0	5.999657282260013	0.15299685265919336	64.58427757703737	0.1722251872790547	5.8492798221076265	0.17222533990220104	0.4231038344630973	0.25272154566152966	55.12723577090113	122.0	0.45186258828607484	-311.36814539820904
