ncomps	x	y	amplitude	err amplitude	shift	err shift	width	err width	rms	residual	chisq	dof	redchisq	aic
3.0	688.0	660.0	0.8684149850082844	0.18379183129357501	60.082727209242286	6.469408223938222	14.582716406965833	3.1267537965792935	0.05740449382148535	0.11283418382861685	516.4265739213632	116.0	4.451953223460028	-517.5155323579464
3.0	688.0	660.0	2.056872121523456	0.4242783372285494	76.50286177826884	0.38768381005398955	7.653529716456319	0.8239880641931439	0.05740449382148535	0.11283418382861685	516.4265739213632	116.0	4.451953223460028	-517.5155323579464
3.0	688.0	660.0	0.7947717258232982	0.06174777585663318	115.60778447348056	0.6068320228619734	6.537991465426582	0.6204125390972419	0.05740449382148535	0.11283418382861685	516.4265739213632	116.0	4.451953223460028	-517.5155323579464
2.0	698.0	660.0	1.3546340196971407	0.3152954755575382	62.339173607286824	5.962860608782422	12.777321503989366	2.7687735992515807	0.07035276012734398	0.12736359565827488	471.9877786461885	119.0	3.9662838541696512	-484.7665316800229
2.0	698.0	660.0	1.466316100678673	0.703085247855797	77.32554180903108	0.9005349679979521	7.374933664286395	1.4998629191212	0.07035276012734398	0.12736359565827488	471.9877786461885	119.0	3.9662838541696512	-484.7665316800229
3.0	708.0	660.0	2.013732446439787	0.1001123300757924	51.54019835527879	0.21708589030978584	2.8678927223561788	0.21807916583040846	0.06692455467033905	0.10087253854530406	433.52688564926467	116.0	3.7373007383557297	-501.02710892975847
3.0	708.0	660.0	1.9036602359821924	0.1575993326952142	62.204008234493465	0.293947595190411	3.5840267077185883	0.3917488057496066	0.06692455467033905	0.10087253854530406	433.52688564926467	116.0	3.7373007383557297	-501.02710892975847
3.0	708.0	660.0	2.052287946322939	0.06436351871489039	75.65191594580799	0.6148777856040292	7.629441259385143	0.5530672626331925	0.06692455467033905	0.10087253854530406	433.52688564926467	116.0	3.7373007383557297	-501.02710892975847
2.0	718.0	660.0	1.7249308639649195	0.0715029150672873	58.84976019251289	1.293530770750918	10.680011646561804	1.0904079216951625	0.06994011765712388	0.15911071997348958	662.3179345845647	119.0	5.565696929282056	-443.88810598231515
2.0	718.0	660.0	1.4067049762698889	0.1935976800951563	77.68128720079886	0.7204166942199643	5.637930247595265	0.6903486527289544	0.06994011765712388	0.15911071997348958	662.3179345845647	119.0	5.565696929282056	-443.88810598231515
2.0	728.0	660.0	1.949203560878807	0.07454894228178095	54.113112703956546	0.3345201201365986	6.405812756124172	0.3613692235817939	0.0663163660239161	0.13830788235944386	544.451358554899	119.0	4.575221500461336	-481.6846680548099
2.0	728.0	660.0	1.6725109531077131	0.07920925794296375	74.43737463580537	0.3653118080636301	5.514284336669041	0.37953537455588865	0.0663163660239161	0.13830788235944386	544.451358554899	119.0	4.575221500461336	-481.6846680548099
2.0	738.0	660.0	1.5466899692129323	0.1312681407827621	51.58817997131925	0.20221106898267988	2.314161119153187	0.2472781259315263	0.06630513964675867	0.12993155361111453	483.2319138285466	119.0	4.060772385113837	-496.6372322791498
2.0	738.0	660.0	1.7714879452232941	0.05356710580633935	64.2603334101597	0.5637153688307781	11.648642877360114	0.46049733846350077	0.06630513964675867	0.12993155361111453	483.2319138285466	119.0	4.060772385113837	-496.6372322791498
1.0	748.0	660.0	2.505569396448359	0.05644566377707414	62.15055093153175	0.26823044227486753	10.310978956405343	0.26823039747041294	0.07256022412826474	0.13402961126598584	449.76651518693495	122.0	3.686610780220778	-489.7827391192459
1.0	758.0	660.0	2.9069649184821778	0.09389495787846792	61.66007070630814	0.2695626040098149	7.226555180226276	0.26956230001508075	0.08620258116294331	0.1915469220498323	618.0540874752414	122.0	5.0660171104527985	-406.98100990476183
1.0	768.0	660.0	2.854277759343279	0.09066313510566769	61.40772051326951	0.26533524089264626	7.233454251675349	0.2653349971823204	0.09782134114105195	0.18499251760808683	447.90272914186596	122.0	3.671333845425131	-415.62033478161544
1.0	778.0	660.0	3.0521858588656046	0.06896870990470844	62.176809685360446	0.24243283825379403	9.291171907040013	0.24243280553697855	0.05730098735517293	0.15884167294129062	970.221672673341	122.0	7.952636661256894	-452.7080014431728
1.0	788.0	660.0	3.4136685358450816	0.06790955975037223	63.351188727051984	0.23842783311784763	10.37975555031862	0.23842785919847326	0.063754550095443	0.1661394814230986	848.8560125721251	122.0	6.9578361686239765	-442.73170109527695
2.0	798.0	660.0	2.1289903258691676	0.10935942920220974	58.31986621147827	1.230467094554746	8.965812601951653	0.7722770370076018	0.06504119534085974	0.10973594935129177	364.04297038065914	119.0	3.0591846250475556	-536.8519727007927
2.0	798.0	660.0	2.1617960014714765	0.216211664717769	75.2709784134421	0.82391781849808	6.902612235594643	0.4799609364562633	0.06504119534085974	0.10973594935129177	364.04297038065914	119.0	3.0591846250475556	-536.8519727007927
2.0	808.0	660.0	1.0954037886002117	0.0577291713267619	48.7962957911933	0.4380202753793146	6.413196103438568	0.4568254224708121	0.06268418470743778	0.1068031274347786	377.5469554665967	119.0	3.172663491315939	-541.5270096393839
2.0	808.0	660.0	2.354642689524105	0.052244141244216835	75.01208211158004	0.22594739297063143	8.098961810271575	0.24608735520629546	0.06268418470743778	0.1068031274347786	377.5469554665967	119.0	3.172663491315939	-541.5270096393839
2.0	108.0	670.0	1.1642906289779	0.05860535134487861	8.942389714337784	0.250394071363716	4.308973053498986	0.25039621571460363	0.08960681503370967	0.08702664046310142	129.56943682449142	119.0	1.0888187968444658	-585.8812119265287
2.0	108.0	670.0	0.8437539555632184	0.04201198715949703	52.0689325540725	0.4820202100109238	8.383770965925605	0.48202313177009437	0.08960681503370967	0.08702664046310142	129.56943682449142	119.0	1.0888187968444658	-585.8812119265287
2.0	118.0	670.0	1.2412829169582893	0.05785422057275247	9.26881730591413	0.22238404074211843	4.1319631510866675	0.2223882399312512	0.07809179108103667	0.08761911732904698	159.448521482864	119.0	1.339903541872807	-594.3297965196926
2.0	118.0	670.0	0.9180896287117896	0.038311198397508815	53.263713099110326	0.4540378010519241	9.423113853523766	0.45405339003849793	0.07809179108103667	0.08761911732904698	159.448521482864	119.0	1.339903541872807	-594.3297965196926
2.0	128.0	670.0	0.9353566363466991	0.05328348600287108	10.067563441068613	0.25166927929529537	3.8259018560980227	0.25168003735193106	0.06134697656694595	0.07179835646681415	202.92189055975234	119.0	1.705225971090356	-624.527059265382
2.0	128.0	670.0	0.9813603211432299	0.03261115471061256	54.322984551234626	0.3919177148882506	10.214803721335699	0.3919553978080606	0.06134697656694595	0.07179835646681415	202.92189055975234	119.0	1.705225971090356	-624.527059265382
3.0	248.0	670.0	0.9936041557421051	0.07481015409991137	54.14083879095335	0.6042953861304883	6.783708839191393	0.6513935658371601	0.12051293428623615	0.1116465970739406	171.68183153313038	116.0	1.4800157890787102	-469.7681797154449
3.0	248.0	670.0	0.7971889473934529	0.15552004424467267	74.48169261442425	0.8073069381360625	3.723543578821677	0.8347384171310182	0.12051293428623615	0.1116465970739406	171.68183153313038	116.0	1.4800157890787102	-469.7681797154449
3.0	248.0	670.0	1.0269364272048154	0.07318895712216422	88.4540110662536	1.2078877763794327	7.372465913132634	1.1409907612288168	0.12051293428623615	0.1116465970739406	171.68183153313038	116.0	1.4800157890787102	-469.7681797154449
3.0	258.0	670.0	2.4731782393044393	0.06835002624468715	53.95661954854972	0.21278908872280194	6.581697318542306	0.22533168564909345	0.06496601273466017	0.11849230327829478	483.7741616333737	116.0	4.170466910632532	-494.744482778696
3.0	258.0	670.0	1.0695786890989019	0.11712971916434639	75.7133352498633	0.6363358958871771	4.032664296415948	0.5892190772169321	0.06496601273466017	0.11849230327829478	483.7741616333737	116.0	4.170466910632532	-494.744482778696
3.0	258.0	670.0	0.7758998966839193	0.0698091138105382	89.85135918306524	1.3138661812097587	6.580943510531863	1.2463563673920466	0.06496601273466017	0.11849230327829478	483.7741616333737	116.0	4.170466910632532	-494.744482778696
1.0	268.0	670.0	2.8935593140351483	0.08418602124650325	55.72332553498769	0.34464517033228215	10.257756006537663	0.3446450048327749	0.07968611548141491	0.20129143925973236	825.2948007026246	122.0	6.764711481169054	-390.48661460920925
1.0	278.0	670.0	2.6083474637501176	0.06210356182889557	56.43481320682182	0.3247088728077959	11.809685779080867	0.3247087740365365	0.06748887975903403	0.16048004368385171	720.8485267701727	122.0	5.908594481722727	-448.9336984698069
2.0	288.0	670.0	2.2763078579848037	0.07725971418729664	53.154716394766076	0.5906610939817007	8.35063813782307	0.5005864593891773	0.06655718794547774	0.14731507793327261	624.9696397975562	119.0	5.2518457125845055	-463.53790167117296
2.0	288.0	670.0	0.7809695675342505	0.06758797404269969	77.84821383381106	1.8709444463802904	9.462688555462078	1.6721542505679232	0.06655718794547774	0.14731507793327261	624.9696397975562	119.0	5.2518457125845055	-463.53790167117296
2.0	298.0	670.0	2.205488170881122	0.07152433776614552	54.27471611920762	0.3320561087789705	8.431687310110727	0.36307715825035797	0.07626089350600287	0.15115375069724182	495.26731647711375	119.0	4.161910222496754	-458.58889850633295
2.0	298.0	670.0	0.8298916179456611	0.09065586563642189	78.90599159541826	0.6916637435262845	4.998885308448859	0.7052078210772096	0.07626089350600287	0.15115375069724182	495.26731647711375	119.0	4.161910222496754	-458.58889850633295
2.0	308.0	670.0	1.998951317549821	0.08287623648301105	56.079991492730294	0.3834784450134121	7.934930367437774	0.40597984359662537	0.07440017821530141	0.17199579466355008	670.2883999010306	119.0	5.632675629420426	-426.9380797779477
2.0	308.0	670.0	0.7988429681273549	0.12465395744708752	78.77115872308947	0.6344859462992768	3.402185756628522	0.6419265720239234	0.07440017821530141	0.17199579466355008	670.2883999010306	119.0	5.632675629420426	-426.9380797779477
2.0	348.0	670.0	1.7264719864766416	0.07688258598732005	60.49338666475425	0.5169795344645712	10.035278478444905	0.5337245011101746	0.05210341698625486	0.17040526400983097	1509.2404268148462	119.0	12.682692662309632	-414.5383177311284
2.0	348.0	670.0	0.4019713280422116	0.10313892825549911	94.32386866601857	1.6540870498808613	5.488397262422075	1.6748783403480736	0.05210341698625486	0.17040526400983097	1509.2404268148462	119.0	12.682692662309632	-414.5383177311284
2.0	358.0	670.0	3.224241224412632	0.10115487997333204	63.349370761699284	0.24127383002182487	6.662919228167172	0.24223452302450255	0.06228203337147964	0.1826701540697656	1232.8734555042472	119.0	10.360281138691153	-395.2100653621655
2.0	358.0	670.0	0.6591543353512573	0.13404522306412905	90.35117722484345	0.8905101722443459	3.7899912128498165	0.8925734397116641	0.06228203337147964	0.1826701540697656	1232.8734555042472	119.0	10.360281138691153	-395.2100653621655
1.0	368.0	670.0	4.302137943301223	0.10666992462113369	64.0275443200424	0.18541230958921331	6.475525804848878	0.18541214491371352	0.06441856511532311	0.1984844596504772	1279.8961657907012	122.0	10.490952178612305	-388.8107903263259
1.0	378.0	670.0	4.471260753625076	0.10668731579129086	66.19429305481842	0.20722166388667	7.520781848026369	0.20722158510462618	0.07206193864436647	0.22215242007015198	1188.2382816242155	122.0	9.739658046100127	-370.0681531735736
1.0	388.0	670.0	4.472323471953131	0.1486200771847181	68.72445654588603	0.3463305937191277	9.024854508885808	0.34633041557829364	0.0753114148505905	0.33827105108262195	2533.4465222888307	122.0	20.76595510072812	-264.4031186113644
2.0	398.0	670.0	3.2730357883271717	0.11447000460777416	66.65138832854018	0.4627248533305558	12.489636349818818	0.36822943890336657	0.36105376468786626	0.18895561708239467	42.392959298387844	119.0	0.35624335544863733	-377.13666575656293
2.0	398.0	670.0	3.4738032427968912	0.1978095706917319	74.17778113694906	0.15904694210775236	2.626211471604165	0.1882378785212486	0.36105376468786626	0.18895561708239467	42.392959298387844	119.0	0.35624335544863733	-377.13666575656293
2.0	408.0	670.0	4.119131080947516	0.1303931982498839	57.791748353723236	0.23939128174770538	4.505905206304318	0.2186940247065053	0.36105376468786626	0.12625921830671566	35.56490632061231	119.0	0.2988647589967421	-399.0895307587094
2.0	408.0	670.0	4.948900861434564	0.10492655207642297	73.69575301851643	0.24274403563778624	6.330777202694137	0.24683566884049826	0.36105376468786626	0.12625921830671566	35.56490632061231	119.0	0.2988647589967421	-399.0895307587094
2.0	418.0	670.0	4.561595484442476	0.10556397502875257	60.170831619657704	0.31518601235641164	5.779118206934817	0.2518774297423394	0.0803465728637237	0.13951272698853345	485.74012993172533	119.0	4.081849831359037	-447.96959173061134
2.0	418.0	670.0	4.266611998623594	0.10188496894868877	75.64795482123837	0.34263106940265026	5.907047639809937	0.27658001755067463	0.0803465728637237	0.13951272698853345	485.74012993172533	119.0	4.081849831359037	-447.96959173061134
2.0	428.0	670.0	5.0269608352180875	0.07191184442512481	62.98779800620205	0.13325790124664	6.27023525972698	0.14442455082550842	0.056122595577181994	0.11591736334283957	677.651122414556	119.0	5.694547247181142	-496.05247298997006
2.0	428.0	670.0	4.345205113865541	0.08789007913703188	79.37553472235996	0.12479786011847077	4.125544144664828	0.12130128341490029	0.056122595577181994	0.11591736334283957	677.651122414556	119.0	5.694547247181142	-496.05247298997006
2.0	438.0	670.0	4.756388210844217	0.11415024549772562	63.303482023199514	0.18249367849624826	6.256189301086232	0.2003368545594076	0.36105376468786626	0.13276689170735445	41.605988482348494	119.0	0.3496301553138529	-379.47893867613925
2.0	438.0	670.0	4.682279985436019	0.15474402313376223	80.45355666886964	0.13533726152208167	3.2416399642427765	0.1371244571879963	0.36105376468786626	0.13276689170735445	41.605988482348494	119.0	0.3496301553138529	-379.47893867613925
2.0	448.0	670.0	4.373088596896415	0.13641301471253162	63.60731647998761	0.24497909659924416	6.36136423326655	0.2700244795743763	0.36105376468786626	0.14898244154810647	60.22561191599846	119.0	0.5060975791260375	-333.2472389088934
2.0	448.0	670.0	3.8713942360837463	0.17851771220666998	81.17824995773033	0.2092549680591481	3.526693779246777	0.21192037122125965	0.36105376468786626	0.14898244154810647	60.22561191599846	119.0	0.5060975791260375	-333.2472389088934
2.0	458.0	670.0	4.6610389526260905	0.1361179565806362	62.205347913155194	0.2424576027684094	7.053624263220907	0.2603025922974556	0.36105376468786626	0.2040734246397684	67.68809522800115	119.0	0.5688075229243794	-318.6456627163178
2.0	458.0	670.0	3.6972117300295686	0.19453903840608686	82.22062777227792	0.2125043171734986	3.3222986098061122	0.21543853388442585	0.36105376468786626	0.2040734246397684	67.68809522800115	119.0	0.5688075229243794	-318.6456627163178
2.0	468.0	670.0	6.053811166984808	0.14892873241531004	59.42666789869778	0.23533021997580408	5.943120295745073	0.2341877956464108	0.16201583660213217	0.24876214499982893	346.14070903469883	119.0	2.9087454540730993	-314.9869799497019
2.0	468.0	670.0	2.483782153508809	0.14064281617277014	79.57391632111728	0.610236443439734	6.787389038889993	0.6354741699164691	0.16201583660213217	0.24876214499982893	346.14070903469883	119.0	2.9087454540730993	-314.9869799497019
1.0	478.0	670.0	5.553479635280875	0.17012670776359984	61.847076951325356	0.3239237227565123	9.156749064953384	0.3239236170251708	0.06593878932664075	0.38841970028928685	4393.740336127999	122.0	36.014265050229504	-228.80429808405634
1.0	488.0	670.0	5.409725966044497	0.11715601758766425	63.944395480511794	0.23801277093446407	9.518245490773051	0.23801281717115302	0.06482498150927375	0.27109401006198985	2240.8076859174457	122.0	18.367276114077423	-317.23131862129605
1.0	498.0	670.0	5.124342892700041	0.06709448108700294	66.83629516593672	0.14463222890905397	9.566665871359028	0.14463225402984387	0.07146355710562169	0.1444290283803827	607.8122343556984	122.0	4.982067494718839	-455.94787852545164
1.0	508.0	670.0	5.859246360171626	0.09863854970238396	69.04516621896569	0.17896217767681005	9.205605969877901	0.17896209767752036	0.36105376468786626	0.21163508084796426	49.526580487748646	122.0	0.4059555777684315	-364.40762880870165
1.0	518.0	670.0	6.880569235108719	0.12202704493979634	69.48142377342025	0.18547756324040446	9.057246282278419	0.18547757974947063	0.36105376468786626	0.2504536536596709	74.57172656339684	122.0	0.6112436603557118	-313.25113757407377
1.0	528.0	670.0	6.5881961559780855	0.13302596427937063	69.28831574273862	0.1996582698593694	8.563181385403496	0.19965823049673903	0.10274108905278664	0.2622729446738968	1034.7650684124608	122.0	8.481680888626729	-298.68379402959187
2.0	538.0	670.0	4.315500254551395	0.1681022871259336	61.10972519256728	0.3156907507174651	4.163209740952749	0.2622950380885899	0.36105376468786626	0.17329752288731506	44.59159235763817	119.0	0.37471926350956447	-370.81628639047284
2.0	538.0	670.0	5.400687049753222	0.13210066644498444	73.87020594942855	0.2928506027901595	5.15540214194986	0.2644250261532693	0.36105376468786626	0.17329752288731506	44.59159235763817	119.0	0.37471926350956447	-370.81628639047284
2.0	548.0	670.0	4.7190760039654	0.11803950155172054	59.21058968203843	0.147001219065829	3.869059268029851	0.1446987279055628	0.36105376468786626	0.14648499326555808	28.38126787922882	119.0	0.23849804940528418	-427.293284298553
2.0	548.0	670.0	4.887368938119904	0.10248289318658438	73.89945611918048	0.16511107936558622	5.310665617463484	0.17799123895502844	0.36105376468786626	0.14648499326555808	28.38126787922882	119.0	0.23849804940528418	-427.293284298553
2.0	558.0	670.0	5.81195367452129	0.09734242307129959	58.827060685225824	0.093125142446368	3.7735509162364655	0.09042354166629245	0.043886376842889	0.11603498413142925	1228.6479233932725	119.0	10.324772465489685	-483.15648583323167
2.0	558.0	670.0	4.208673459741489	0.07752378869249225	74.17106073961003	0.16333074638482564	5.998902146945917	0.1775900127836544	0.043886376842889	0.11603498413142925	1228.6479233932725	119.0	10.324772465489685	-483.15648583323167
2.0	568.0	670.0	7.068888465550968	0.10247343263310053	59.236527615668635	0.0870511751062851	4.057580509761701	0.08622185365246786	0.08728887729882487	0.1238658825412353	385.22727969767374	119.0	3.2372040310728885	-456.2312236470184
2.0	568.0	670.0	3.9915417870820225	0.08792008880502694	75.10954692267154	0.18166232233818766	5.7396764685882795	0.19751988842898718	0.08728887729882487	0.1238658825412353	385.22727969767374	119.0	3.2372040310728885	-456.2312236470184
2.0	578.0	670.0	5.383957503865197	0.19762218210732582	59.17333051504463	0.09842780781433456	3.332839010540913	0.13670853625814833	0.09288740050542704	0.14297867144481194	394.58601824681773	119.0	3.315848892830401	-437.6895243837459
2.0	578.0	670.0	3.486054850182967	0.10652346012276413	68.70757483761038	0.5084228273698487	10.104681578398907	0.3053907893817281	0.09288740050542704	0.14297867144481194	394.58601824681773	119.0	3.315848892830401	-437.6895243837459
1.0	588.0	670.0	6.065217992733298	0.1554718018002704	63.110120872156465	0.23624592194046576	7.981489177840748	0.23624589944315189	0.07133958369791574	0.3334447707271407	2732.3947302603906	122.0	22.39667811688845	-268.4984890157102
2.0	598.0	670.0	6.30382452449968	0.09855216577627593	60.25114421457333	0.20042203789472118	4.974751031379573	0.16516414804604698	0.08565599391466623	0.14525793737232526	365.9092657589197	119.0	3.07486777948672	-467.3831971854379
2.0	598.0	670.0	3.7808829683303653	0.12353953717013091	72.48334391555888	0.3000521898426578	4.342004415382796	0.2330422402877691	0.08565599391466623	0.14525793737232526	365.9092657589197	119.0	3.07486777948672	-467.3831971854379
1.0	608.0	670.0	5.306849414138704	0.11772396956753642	64.26445325048002	0.23141471311273032	9.033943817915851	0.2314146630442879	0.0794287751199772	0.2677617371544922	1430.45990324659	122.0	11.725081174152377	-322.54394921900547
2.0	618.0	670.0	4.10907579379892	0.0805952084885288	63.06763502070456	0.40550870407110867	7.847214413203199	0.3328508790706537	0.09520963446680636	0.15723960272891932	341.60398888947776	119.0	2.8706217553737625	-449.5393703713658
2.0	618.0	670.0	2.643937013032414	0.2362357549592414	73.93170209240557	0.1677702574168051	2.7666278669933857	0.2557860814014963	0.09520963446680636	0.15723960272891932	341.60398888947776	119.0	2.8706217553737625	-449.5393703713658
3.0	628.0	670.0	1.3145580323828694	0.05952981383668771	52.80476487049582	0.42990739836239805	4.3299591003305995	0.40765700062250504	0.06201109174306309	0.08796607952799174	255.16813168457995	116.0	2.1997252731429304	-586.3441690068527
3.0	628.0	670.0	3.2244863932084273	0.10746290114214019	62.836808484211105	0.13737577327143488	2.9007906895481015	0.1556657014080204	0.06201109174306309	0.08796607952799174	255.16813168457995	116.0	2.1997252731429304	-586.3441690068527
3.0	628.0	670.0	4.272557513268208	0.05680123321636552	73.44021452723258	0.13299251337459098	4.763231983178061	0.12903526151885955	0.06201109174306309	0.08796607952799174	255.16813168457995	116.0	2.1997252731429304	-586.3441690068527
1.0	638.0	670.0	3.658118957257164	0.07677754591650773	71.10384083929254	0.2061905689343196	8.508073042771594	0.2061905958309292	0.06690409256882193	0.16981598301834477	807.6111775788075	122.0	6.619763750645964	-436.9029111331116
1.0	648.0	670.0	3.4097718700364257	0.07624222540461385	71.46548984411737	0.2066574277488457	8.004521857789943	0.20665751314850045	0.0681517340727805	0.1637126035960725	722.0546931742956	122.0	5.918481091592587	-446.28127517533574
2.0	658.0	670.0	3.623461366323482	0.07396984675240507	71.49272329268011	0.21234454070326664	7.22989713304996	0.20751973447097416	0.07420089882339388	0.14249730048353954	476.59908347509383	119.0	4.005034314916755	-470.2376513940544
2.0	658.0	670.0	0.3428493009578673	0.05786324546254242	101.8803420580542	2.9088520743656807	11.960954817655319	3.1851590672626697	0.07420089882339388	0.14249730048353954	476.59908347509383	119.0	4.005034314916755	-470.2376513940544
3.0	668.0	670.0	3.750516938039517	0.05655270826789399	72.74833162735364	0.1328476873580298	7.6339486851813785	0.13397668701132331	0.08890194981581066	0.11404202123399373	210.7007813872891	116.0	1.8163860464421475	-520.2244221089421
3.0	668.0	670.0	0.7929227110871492	0.1157158915635106	104.02512710749271	1.5039382780713961	4.773264328108055	1.071419343172762	0.08890194981581066	0.11404202123399373	210.7007813872891	116.0	1.8163860464421475	-520.2244221089421
3.0	668.0	670.0	0.7780612404513401	0.09516583733484987	116.41310337101649	1.6628262385300234	5.198452265437465	1.223598802563573	0.08890194981581066	0.11404202123399373	210.7007813872891	116.0	1.8163860464421475	-520.2244221089421
3.0	678.0	670.0	0.4005712966435926	0.06971516239902709	51.24940854261517	9.872454946282073	17.111575021776712	6.72329623789458	0.04637128148040368	0.1338992985625464	1052.7174788450889	116.0	9.075150679699043	-481.8514641487042
3.0	678.0	670.0	3.2319844157579998	0.2429776557939461	74.66534915878658	0.2650921486510546	7.94644842768062	0.41717414749012266	0.04637128148040368	0.1338992985625464	1052.7174788450889	116.0	9.075150679699043	-481.8514641487042
3.0	678.0	670.0	1.4769183652460132	0.06663916363984435	114.32191370614481	0.39595822999806607	7.451867664679737	0.39885905626750773	0.04637128148040368	0.1338992985625464	1052.7174788450889	116.0	9.075150679699043	-481.8514641487042
4.0	688.0	670.0	1.0403573863988689	0.08238831046514787	62.0960771264709	1.5688440026281683	15.79978334770377	0.8745676877305428	0.051909159037316334	0.09730952535660849	465.24189802848946	113.0	4.117184938305217	-548.4988251529213
4.0	688.0	670.0	2.024440095841817	0.12060634889077484	73.71883917241834	0.3113787523841724	5.866614773537496	0.4343462008320989	0.051909159037316334	0.09730952535660849	465.24189802848946	113.0	4.117184938305217	-548.4988251529213
4.0	688.0	670.0	1.7988919658867326	0.12518136306340213	84.62417819830429	0.17253036470632693	2.3402981102620135	0.19263384880339068	0.051909159037316334	0.09730952535660849	465.24189802848946	113.0	4.117184938305217	-548.4988251529213
4.0	688.0	670.0	0.9459449935509924	0.05363977590044631	116.97587222254413	0.4346442929653611	6.537760445560339	0.44041155822953304	0.051909159037316334	0.09730952535660849	465.24189802848946	113.0	4.117184938305217	-548.4988251529213
2.0	698.0	670.0	2.2028022471129622	0.04067599330984906	67.62892276152088	0.3453389974178347	12.413998925054806	0.32956260041053553	0.06143473748721303	0.10482187538278874	377.14189220712205	119.0	3.169259598379177	-546.6946283606336
2.0	698.0	670.0	1.2735505834032679	0.1078159317198761	84.07107504037323	0.18961344773664757	2.123748184665025	0.22483851868717436	0.06143473748721303	0.10482187538278874	377.14189220712205	119.0	3.169259598379177	-546.6946283606336
2.0	708.0	670.0	1.1197542088424126	0.15002271460797983	63.34417015383335	0.25643955845509603	1.7609202970247657	0.2992428172663177	0.06242804837447245	0.13235401048263928	618.9924109239025	119.0	5.201616898520189	-480.75087906178743
2.0	708.0	670.0	2.210681357724227	0.07211958091345186	67.80003095690036	0.3739010258154224	12.66269304452282	0.3761803985374819	0.06242804837447245	0.13235401048263928	618.9924109239025	119.0	5.201616898520189	-480.75087906178743
1.0	718.0	670.0	2.355748016081601	0.06989831996838328	67.98291042822905	0.36924541122037446	10.777511594523443	0.3692454577211107	0.06430011917250929	0.16733739537568362	917.9833750501482	122.0	7.524453893853674	-430.8152556910083
2.0	728.0	670.0	1.5520358560888952	0.07736147367687357	64.13380510768945	1.088601329857195	9.965047401991315	0.8007401309877118	0.06150353192145533	0.1574259132326577	830.8099821413637	119.0	6.981596488582888	-447.69238342822564
2.0	728.0	670.0	1.3307080722320441	0.1945685979886214	75.90165766945763	0.34453497685134976	3.0898648588288466	0.5092325457142302	0.06150353192145533	0.1574259132326577	830.8099821413637	119.0	6.981596488582888	-447.69238342822564
2.0	738.0	670.0	1.9920593544947198	0.09359836759305416	58.67325889539326	0.6134804947494136	7.508022946181228	0.6412520197652808	0.06982770825297671	0.18376737069356733	879.41767186796	119.0	7.390064469478656	-408.85095416899026
2.0	738.0	670.0	1.9081230754270708	0.14620976532408855	74.97239162409723	0.4163198416357716	4.007709649423987	0.39772420629694033	0.06982770825297671	0.18376737069356733	879.41767186796	119.0	7.390064469478656	-408.85095416899026
2.0	748.0	670.0	2.5141135386827216	0.06996845730095633	58.62169466658519	0.46629778040095426	7.490910061162708	0.4373000605859992	0.06791819725877912	0.13586051558011009	520.9525493832839	119.0	4.377752515825915	-481.2328024246746
2.0	748.0	670.0	1.5178477924868203	0.10504317302137832	75.69803485541117	0.5818909207018861	5.129846641430845	0.4909425858568596	0.06791819725877912	0.13586051558011009	520.9525493832839	119.0	4.377752515825915	-481.2328024246746
2.0	758.0	670.0	2.7362911496504316	0.06238116692010893	60.11076108020411	0.23149312813601203	7.649836487579254	0.2574283592514555	0.06541002350376258	0.12471531405283137	454.8515461017464	119.0	3.8222819000146755	-507.6009079997382
2.0	758.0	670.0	1.1757096146240062	0.08606867651861314	79.03805630470637	0.38248042483150796	3.9300966979843803	0.382159213377613	0.06541002350376258	0.12471531405283137	454.8515461017464	119.0	3.8222819000146755	-507.6009079997382
2.0	768.0	670.0	2.2272378037533676	0.17081417539316243	60.27107682458503	0.24605975997701449	3.8780637367461415	0.3333614262299428	0.10724918809275112	0.1498330715538508	268.89364660770474	119.0	2.259610475694998	-449.6879336576675
2.0	768.0	670.0	1.2293100001988029	0.1544420065964027	64.79161851645902	0.9888315548212336	12.61134871795325	0.951078147096835	0.10724918809275112	0.1498330715538508	268.89364660770474	119.0	2.259610475694998	-449.6879336576675
2.0	778.0	670.0	3.449199785521016	0.059243158587371204	59.7837291092019	0.17473397739931787	6.742006171743032	0.18976018723700652	0.08430781153264362	0.11068691491255687	217.38319883156325	119.0	1.8267495700131366	-536.4398302718988
2.0	778.0	670.0	1.709946161354647	0.0798452727113207	76.02972817796434	0.2586843669620085	3.868581093594324	0.25013459499434687	0.08430781153264362	0.11068691491255687	217.38319883156325	119.0	1.8267495700131366	-536.4398302718988
2.0	788.0	670.0	3.8802701145521805	0.062038571586688115	59.19414191112977	0.2700200803027072	7.205430929897716	0.24939839727645013	0.07147551691073667	0.11983424197598827	351.9772198337282	119.0	2.9577917633086406	-517.4816228033098
2.0	788.0	670.0	2.543541030296395	0.10571765948170957	74.72892976952832	0.28476307715504745	4.621451084654167	0.23982491058947175	0.07147551691073667	0.11983424197598827	351.9772198337282	119.0	2.9577917633086406	-517.4816228033098
2.0	798.0	670.0	2.9146618483418	0.062029295338955244	58.88229037346389	0.5463240291845612	8.459181750981093	0.42874732043858443	0.08188247939186515	0.11232976132876345	240.81603478535922	119.0	2.0236641578601615	-530.9407496107684
2.0	798.0	670.0	2.55241639242877	0.14455887034870388	75.30065233138579	0.38100048934304453	5.545924849474954	0.28641290365009214	0.08188247939186515	0.11232976132876345	240.81603478535922	119.0	2.0236641578601615	-530.9407496107684
2.0	808.0	670.0	1.396668380874425	0.05112527791712779	51.2607921919097	0.5401904060205095	8.738174919601676	0.5592945480794144	0.05651884142359897	0.10591528651431491	477.9266630732838	119.0	4.016190445993981	-537.9404957067303
2.0	808.0	670.0	2.687877225120926	0.05889501204273923	74.68030522945547	0.2437294071126848	6.6603593640816126	0.23053239509278198	0.05651884142359897	0.10591528651431491	477.9266630732838	119.0	4.016190445993981	-537.9404957067303
2.0	818.0	670.0	1.3073144862780737	0.05504026802676336	46.81193493319689	0.33236174535929874	6.673182664056113	0.34850151442309485	0.06848819009871426	0.104350408101717	296.34265638696303	119.0	2.4902744234198573	-549.6612907644418
2.0	818.0	670.0	2.14451630047958	0.05556500532660112	73.63654324866309	0.20067950904130571	6.539763844130022	0.2100871092045642	0.06848819009871426	0.104350408101717	296.34265638696303	119.0	2.4902744234198573	-549.6612907644418
2.0	108.0	680.0	1.7099525580405504	0.06175753145786605	7.538793096961495	0.18676428986864438	4.478557547683025	0.18677729772427404	0.08228860126816749	0.09187738990817851	177.34078270160867	119.0	1.4902586781647789	-567.9488725928278
2.0	108.0	680.0	0.846421127886914	0.042124614657074885	51.09252837057838	0.5531388787373571	9.62697246427897	0.5532054984761725	0.08228860126816749	0.09187738990817851	177.34078270160867	119.0	1.4902586781647789	-567.9488725928278
2.0	118.0	680.0	2.3415892179009368	0.0593379376647526	7.540028416739247	0.11787195641843269	4.028120815534797	0.11787396676461571	0.07197767973148511	0.08864370221105138	192.47701436282387	119.0	1.6174539022086039	-591.1800631087718
2.0	118.0	680.0	0.9284395331847306	0.03737111708907454	53.81921789959633	0.4719988678348119	10.156605707028827	0.4720157190244412	0.07197767973148511	0.08864370221105138	192.47701436282387	119.0	1.6174539022086039	-591.1800631087718
2.0	128.0	680.0	1.568807510002342	0.05839458164307644	9.376348772591413	0.18747610746375434	4.361155148116819	0.1875028381810879	0.06814515279068832	0.08758864654876929	225.15575517648722	119.0	1.8920651695503128	-585.2571140043335
2.0	128.0	680.0	0.9732438270223653	0.036945671833964105	54.927344033956345	0.4776295922113267	10.897210951261794	0.4777825941289408	0.06814515279068832	0.08758864654876929	225.15575517648722	119.0	1.8920651695503128	-585.2571140043335
3.0	138.0	680.0	1.040254430861474	0.06048419731450302	11.373978215220342	0.3190485320595441	4.747161194221657	0.3194596966150056	0.06829876109465272	0.09748938297429408	255.06978975348147	116.0	2.1988774978748404	-562.2477635789429
3.0	138.0	680.0	0.731500205353187	0.0554643427268691	54.04291683760607	1.270810223799852	11.34165893850174	0.8199038081251132	0.06829876109465272	0.09748938297429408	255.06978975348147	116.0	2.1988774978748404	-562.2477635789429
3.0	138.0	680.0	0.2423271120083198	0.09999769712806789	64.01667329695219	1.2500708761433525	3.2435348237391795	1.6174252603835835	0.06829876109465272	0.09748938297429408	255.06978975348147	116.0	2.1988774978748404	-562.2477635789429
2.0	258.0	680.0	2.5582750486832273	0.08444410222087764	53.23604259260061	0.20682927923202132	4.803235231015626	0.20770632390993254	0.06767082983667164	0.11985921252477183	491.3328369463345	119.0	4.1288473692969285	-489.46214748691426
2.0	258.0	680.0	0.8402835228209831	0.058707343104828176	77.20478727644175	0.9287015117465354	10.008657320970812	1.0344263269414173	0.06767082983667164	0.11985921252477183	491.3328369463345	119.0	4.1288473692969285	-489.46214748691426
2.0	268.0	680.0	3.3535348166270267	0.05996200399610867	54.53328249259515	0.129104908393215	6.007324979005802	0.13741762962321302	0.0766715261118818	0.1065870603505236	250.55306104351334	119.0	2.1054879079286835	-542.4247320945481
2.0	268.0	680.0	0.8505860105358576	0.06252077237209908	76.8675032346261	0.48803714362109435	5.475898123574706	0.5139414816707846	0.0766715261118818	0.1065870603505236	250.55306104351334	119.0	2.1054879079286835	-542.4247320945481
2.0	278.0	680.0	3.0234247780950154	0.0457548445238304	55.03695904669108	0.13478019767609556	7.6463316399216	0.14227835464752803	0.06694584247288743	0.08610498129184473	243.5933227030841	119.0	2.047002711790623	-579.8576641266548
2.0	278.0	680.0	0.9276319687700062	0.06531152671893714	77.90051320185766	0.3067064283025223	3.6416492984991375	0.3106980440963367	0.06694584247288743	0.08610498129184473	243.5933227030841	119.0	2.047002711790623	-579.8576641266548
2.0	288.0	680.0	2.8877274969442315	0.07469488056760176	53.5017344310077	0.21993718840498896	7.3041095417747055	0.23111653950942912	0.06550940645170088	0.1400014449204107	649.6000455859248	119.0	5.458823912486763	-462.67312955370784
2.0	288.0	680.0	1.0790883733885386	0.09788232210516057	77.09886534623438	0.44841173625617997	4.149970270751099	0.4564090938099125	0.06550940645170088	0.1400014449204107	649.6000455859248	119.0	5.458823912486763	-462.67312955370784
2.0	298.0	680.0	2.694777672060616	0.07033740591354207	53.647412197479085	0.21801641632160917	7.215846356298149	0.22588051434955606	0.07497152702487377	0.13869375867105685	437.80973233865495	119.0	3.6790733809971004	-478.26602018693825
2.0	298.0	680.0	0.8650092252793382	0.09674792113985685	77.22257996616983	0.4933041340565408	3.743778460651918	0.4993182498812794	0.07497152702487377	0.13869375867105685	437.80973233865495	119.0	3.6790733809971004	-478.26602018693825
2.0	308.0	680.0	2.317346706969128	0.08599655295606164	56.1421644190658	0.2961056237883707	6.912804090331449	0.3022574930205349	0.08128387673399236	0.16858773981665268	537.7163086846831	119.0	4.518624442728429	-432.36286359267274
2.0	308.0	680.0	0.5389515327414401	0.12999585972530533	78.71585489960421	0.8414778197749285	2.9912593736635107	0.8465918876117016	0.08128387673399236	0.16858773981665268	537.7163086846831	119.0	4.518624442728429	-432.36286359267274
2.0	318.0	680.0	0.5016740965091162	0.06263510120191786	44.81757392199793	4.039477737182384	11.503697444273655	2.9616206461119803	0.0691151925922913	0.12842635345611167	448.8404558650115	119.0	3.771768536680769	-495.4890933303835
2.0	318.0	680.0	2.1436181554694977	0.19012956060131286	59.80001486514168	0.2210534471059697	4.358726951995862	0.3642113853011302	0.0691151925922913	0.12842635345611167	448.8404558650115	119.0	3.771768536680769	-495.4890933303835
4.0	358.0	680.0	0.30334743801653186	0.16640592642068092	32.14811726317677	15.838888542689508	11.0707768635739	9.11677458183112	0.06722224356842747	0.12773323049250535	472.2864691027561	113.0	4.179526275245629	-481.9930571190534
4.0	358.0	680.0	0.9138068441746094	0.36043596677420514	51.12592296826019	2.1291296227822465	7.376271114917397	3.4711918967298026	0.06722224356842747	0.12773323049250535	472.2864691027561	113.0	4.179526275245629	-481.9930571190534
4.0	358.0	680.0	4.150381636700323	0.262800901025391	65.36086752660987	0.27579840212793544	4.51160180874758	0.20527083720204922	0.06722224356842747	0.12773323049250535	472.2864691027561	113.0	4.179526275245629	-481.9930571190534
4.0	358.0	680.0	0.8182822426565036	0.09456835281822293	90.74687231999377	0.4770627119091625	3.573651437259408	0.4770811978555719	0.06722224356842747	0.12773323049250535	472.2864691027561	113.0	4.179526275245629	-481.9930571190534
3.0	368.0	680.0	0.7096781323592889	0.0875783621165099	48.68386459076927	3.9544234862112178	10.158537704086253	3.1820439610657223	0.08389576520480847	0.17578553108619838	586.2909117878182	116.0	5.054231998170847	-406.79202218503536
3.0	368.0	680.0	5.115072243669151	0.2666993478649098	65.59881421744376	0.21491600911228512	5.195746184420089	0.22119464651350243	0.08389576520480847	0.17578553108619838	586.2909117878182	116.0	5.054231998170847	-406.79202218503536
3.0	368.0	680.0	0.5829847845488132	0.18188430528708233	88.55524562050714	0.6568594817770469	1.8281629610436112	0.6605303177128913	0.08389576520480847	0.17578553108619838	586.2909117878182	116.0	5.054231998170847	-406.79202218503536
1.0	378.0	680.0	5.217211867575516	0.16017359460681582	67.24389815674122	0.22536723233717473	6.358020838597947	0.22536753040804702	0.12278635935600078	0.30026392839965793	779.7972915491088	122.0	6.391781078271383	-289.4873041533725
2.0	388.0	680.0	5.145984256047929	0.2206702140164091	73.6895957050346	0.08775013380072254	2.409872694884263	0.12156230641326884	0.07947222424653569	0.16971421826138466	609.2036087702555	119.0	5.119358056892904	-422.395209386405
2.0	388.0	680.0	2.724228284606498	0.09923766634103458	64.88453403154536	0.5674657358585726	8.266998438595827	0.3941179076542282	0.07947222424653569	0.16971421826138466	609.2036087702555	119.0	5.119358056892904	-422.395209386405
2.0	398.0	680.0	2.787137735314503	0.13197385476299203	58.6919534474879	0.4653811505087301	6.753827746986285	0.5116536150680641	0.36105376468786626	0.20137030387758037	58.60373444141705	119.0	0.4924683566505635	-336.6596497496116
2.0	398.0	680.0	6.507655575888428	0.19248420300206623	74.18082209652066	0.13363489771099502	3.3808843393931163	0.13232694547434096	0.36105376468786626	0.20137030387758037	58.60373444141705	119.0	0.4924683566505635	-336.6596497496116
2.0	408.0	680.0	4.153607960398615	0.12454739274975689	57.89711634555836	0.2641443650498594	4.991311805135482	0.2463347374219684	0.11504367637813788	0.16609468320864004	383.1629021795335	119.0	3.2198563208364157	-387.8806809367752
2.0	408.0	680.0	5.235665776997882	0.11060979144312849	74.57575262053496	0.23444145257159413	6.158891996407549	0.23596491159069197	0.11504367637813788	0.16609468320864004	383.1629021795335	119.0	3.2198563208364157	-387.8806809367752
2.0	418.0	680.0	4.743356254750817	0.09558371993473391	62.68667435092481	0.4485471196670667	7.834166410394927	0.37255339758277844	0.14377946897099164	0.14921187492006366	198.61999353346422	119.0	1.6690755759114642	-414.271830085594
2.0	418.0	680.0	4.0976566804288375	0.20012751313600935	78.53699423102634	0.335982204996309	5.14424284872953	0.26114346840257285	0.14377946897099164	0.14921187492006366	198.61999353346422	119.0	1.6690755759114642	-414.271830085594
2.0	428.0	680.0	5.2339939972007095	0.09011981760198165	64.34606134086613	0.19463905255817043	7.139394856186664	0.20957881742472093	0.36105376468786626	0.14707236531803125	28.896451973033457	119.0	0.24282732750448283	-425.0446002170145
2.0	428.0	680.0	4.956877255583363	0.13616155525322382	80.16367949908846	0.13456151507199765	3.6512440672437725	0.1315352383786597	0.36105376468786626	0.14707236531803125	28.896451973033457	119.0	0.24282732750448283	-425.0446002170145
2.0	438.0	680.0	4.8475753586083155	0.09679968787176535	64.4215753127316	0.17940044829852406	6.522699220595457	0.19879675960389084	0.057669888807778194	0.14961343132811752	1198.1808372235214	119.0	10.068746531290095	-418.0124130455083
2.0	438.0	680.0	4.889011208114408	0.13391212657900875	80.23455045122482	0.12592054957073737	3.4031845922739192	0.1249423271382507	0.057669888807778194	0.14961343132811752	1198.1808372235214	119.0	10.068746531290095	-418.0124130455083
2.0	448.0	680.0	4.380449464625043	0.1361136340745251	64.38255691426966	0.30420189044900553	6.240417419994684	0.3253631614443344	0.36105376468786626	0.18047293998272945	58.364617609029494	119.0	0.49045897150444956	-337.17072210656755
2.0	448.0	680.0	4.142520306715485	0.17066769787642444	80.155914892915	0.2552807579786979	4.052378654427813	0.24361929256714454	0.36105376468786626	0.18047293998272945	58.364617609029494	119.0	0.49045897150444956	-337.17072210656755
2.0	458.0	680.0	5.422875560220441	0.14931790291521765	62.0427357582825	0.20268009187405414	5.007397471426157	0.20905098169429084	0.15540581946516496	0.2045504361299153	319.2918301198638	119.0	2.683124622855998	-335.49301205115995
2.0	458.0	680.0	3.810652005023247	0.1430643664407946	79.56900649371292	0.3022339991540958	5.571704038041018	0.3217986114302351	0.15540581946516496	0.2045504361299153	319.2918301198638	119.0	2.683124622855998	-335.49301205115995
2.0	468.0	680.0	5.897018023905793	0.11939987122580974	61.38211188866017	0.15932543695197746	6.003324640140763	0.17324822668909856	0.09362759757998994	0.1877261286205785	655.1807993264022	119.0	5.505721002742876	-372.320972628761
2.0	468.0	680.0	3.6323101409838876	0.12892676155449215	80.59947776540886	0.2385494530782211	4.9864559236627555	0.24867647806831455	0.09362759757998994	0.1877261286205785	655.1807993264022	119.0	5.505721002742876	-372.320972628761
2.0	478.0	680.0	5.431232418044858	0.08557222347326728	60.70177435800586	0.19369930165875587	6.950408044240382	0.19554144967477097	0.36105376468786626	0.1393746820291413	26.357771653956	119.0	0.2214938794450084	-436.53905616102656
2.0	478.0	680.0	2.5004413642716603	0.09396358050853713	80.00464970334411	0.38394972879654676	5.823270759639479	0.36321018826996576	0.36105376468786626	0.1393746820291413	26.357771653956	119.0	0.2214938794450084	-436.53905616102656
2.0	488.0	680.0	3.0090102696705587	0.16829021010160172	57.57953487524451	0.15959892621921237	3.4559007778809665	0.21803528179033807	0.09043749386936822	0.11982442891177762	325.79111744156194	119.0	2.737740482702201	-468.3193843559897
2.0	488.0	680.0	3.7564776844885004	0.09513589936241412	67.14371151421832	0.41499627580173876	10.525036354098193	0.24654885397853415	0.09043749386936822	0.11982442891177762	325.79111744156194	119.0	2.737740482702201	-468.3193843559897
2.0	498.0	680.0	4.215896157772579	0.10179535525821369	58.39766979522276	0.22611060830268628	4.750492796562975	0.19304548917882927	0.06334086697427752	0.1379342106270314	674.3644075859796	119.0	5.666927794840165	-466.4121617306157
2.0	498.0	680.0	4.582718736420596	0.08482620611131275	73.02628146134863	0.23509871061536486	5.730518197226227	0.21625265404630029	0.06334086697427752	0.1379342106270314	674.3644075859796	119.0	5.666927794840165	-466.4121617306157
2.0	508.0	680.0	2.9828230411346714	0.1382370492161392	58.72153488229014	0.6104076403410377	5.988388242989659	0.42674340061004434	0.04547509086802054	0.13856187842192644	1411.5052365246238	119.0	11.861388542223729	-456.9234971532777
2.0	508.0	680.0	5.240392200674528	0.1189563042227412	73.95161050769242	0.36870014932075196	6.369204188263883	0.2656490946855426	0.04547509086802054	0.13856187842192644	1411.5052365246238	119.0	11.861388542223729	-456.9234971532777
2.0	518.0	680.0	4.821255658078662	0.19544512634724023	64.20938091675644	0.9270577629204392	7.529032738696479	0.6164725617387302	0.36105376468786626	0.17378798761043104	47.56474778354364	119.0	0.39970376288692133	-362.74796576727533
2.0	518.0	680.0	4.34556010784252	0.519336832889689	77.1680415102363	0.5192540799798261	4.926398358368041	0.364220852868746	0.36105376468786626	0.17378798761043104	47.56474778354364	119.0	0.39970376288692133	-362.74796576727533
2.0	528.0	680.0	5.230560614730922	0.2876644355892582	62.35289133511627	0.5531658596220602	5.109285636109242	0.3472495279323261	0.09247121078200711	0.16836535008133302	646.5315156469918	119.0	5.433037946613377	-377.0890890395887
2.0	528.0	680.0	5.414470177319881	0.23960963260348705	74.62904456145992	0.5764449114432683	5.457097885631716	0.37452556915857854	0.09247121078200711	0.16836535008133302	646.5315156469918	119.0	5.433037946613377	-377.0890890395887
2.0	538.0	680.0	5.44259029241396	0.15083595728864127	60.21491241016489	0.17473187264589293	3.8081432494849894	0.1466766645512328	0.06366184167238857	0.17067678340436895	902.841555977191	119.0	7.5869038317411	-428.6764504390777
2.0	538.0	680.0	5.989711017533907	0.1008373403359884	72.78931149153212	0.209194468237335	5.49971207293881	0.19513622041883275	0.06366184167238857	0.17067678340436895	902.841555977191	119.0	7.5869038317411	-428.6764504390777
2.0	548.0	680.0	6.507745959872295	0.12297168682814598	59.11851272385806	0.09663235687771952	3.4468988397528264	0.0931778230794109	0.08360433830607948	0.16273654672886956	484.7283450377201	119.0	4.0733474372917655	-438.2937418257462
2.0	548.0	680.0	5.6813122212761344	0.09665545646892323	73.03117116868104	0.14215877099524446	5.528491948752721	0.1538180213031002	0.08360433830607948	0.16273654672886956	484.7283450377201	119.0	4.0733474372917655	-438.2937418257462
2.0	558.0	680.0	7.044367379540539	0.09467197540670577	59.290975890399686	0.061099982682132625	3.3013113214575016	0.05876498454321015	0.05972770054876912	0.11352645402154632	453.1252068033341	119.0	3.8077748470868413	-530.796135106849
2.0	558.0	680.0	4.672160018527963	0.06347241388141679	73.04136314209886	0.13731302236112217	6.160152519864909	0.1461317927168653	0.05972770054876912	0.11352645402154632	453.1252068033341	119.0	3.8077748470868413	-530.796135106849
2.0	568.0	680.0	7.617276522739533	0.10334022275302236	59.60525904287859	0.07494138020021195	3.6539153019982775	0.06799005852842692	0.0634762124011133	0.11565057420231986	489.80368364019216	119.0	4.11599734151422	-505.849282387701
2.0	568.0	680.0	3.7272934946055565	0.07106637939971235	73.13884546244714	0.21244993603646364	5.937118493856467	0.21505236254354307	0.0634762124011133	0.11565057420231986	489.80368364019216	119.0	4.11599734151422	-505.849282387701
2.0	578.0	680.0	5.189523908624231	0.13805146621840955	59.576725947699245	0.07553586601814177	3.16244390602822	0.09775139603549392	0.05492703721599611	0.10912873982238312	616.508133308199	119.0	5.180740616035286	-513.2558059845863
2.0	578.0	680.0	3.501282659215426	0.09625093152756696	66.78425997765558	0.31701821204515723	9.79318428925469	0.19120046004778735	0.05492703721599611	0.10912873982238312	616.508133308199	119.0	5.180740616035286	-513.2558059845863
1.0	588.0	680.0	6.8153860202656125	0.18700171423355752	62.28520719836528	0.20597668349332338	6.500769162752155	0.2059765390798581	0.07244455510677686	0.36027510535240315	3122.3180944858723	122.0	25.59277126627764	-247.98128588247837
1.0	598.0	680.0	6.340497058334808	0.16724303632067367	62.26548310490794	0.2053814381703881	6.742707624227842	0.20538128734227828	0.11202475064992774	0.3286657952101704	1083.2726820980563	122.0	8.879284279492264	-271.3303282850657
1.0	608.0	680.0	5.047866180369347	0.10439306769412701	63.01431495346279	0.19929052344682083	8.345613288257283	0.1992905365358799	0.11642853474868695	0.22085058529825746	483.6074929285117	122.0	3.9639958436763254	-362.49942303707616
1.0	618.0	680.0	4.363781621435971	0.08350294858917874	65.74997552147413	0.20817231719970894	9.421910616548752	0.2081723840776689	0.10059080676348492	0.18756168956215546	467.97581973214307	122.0	3.8358673748536316	-403.1607411330734
2.0	628.0	680.0	2.275833187568403	0.20455862679257178	64.72643870532565	1.0043926542368324	10.09976785132124	0.40580391033758156	0.08853615469743158	0.11925081581057104	244.97993935648358	119.0	2.0586549525754925	-509.2663825637553
2.0	628.0	680.0	2.7871881455764838	0.27169742703573446	72.58368688897006	0.2376965237062541	4.886445182716294	0.349269376774031	0.08853615469743158	0.11925081581057104	244.97993935648358	119.0	2.0586549525754925	-509.2663825637553
2.0	638.0	680.0	0.7477841893245348	0.07486613893637915	50.17066430060223	0.38252713435596863	3.1730342181446414	0.3875515133058441	0.05544283239726198	0.09485797487028409	404.70747682847997	119.0	3.400903166625882	-563.5324959155564
2.0	638.0	680.0	3.7199335771574886	0.048426212741031704	71.40478022390012	0.11998394055367897	7.8517339876348835	0.12861961961005886	0.05544283239726198	0.09485797487028409	404.70747682847997	119.0	3.400903166625882	-563.5324959155564
3.0	648.0	680.0	0.17529814057802792	0.05183491277146221	76.482252922459	13.608878350335575	59.75986873871795	15.697728526655885	0.04695802810333635	0.17627033628963767	1762.3164171604099	116.0	15.192382906555258	-414.30122750563896
3.0	648.0	680.0	2.9633075129122495	0.09320246988267784	72.12408671713588	0.26303360772953754	7.854336916682222	0.3131182288187609	0.04695802810333635	0.17627033628963767	1762.3164171604099	116.0	15.192382906555258	-414.30122750563896
3.0	648.0	680.0	0.22979770616932446	0.11768137488928221	120.99253583782114	2.5050967490471088	4.328710304760233	2.695719630760361	0.04695802810333635	0.17627033628963767	1762.3164171604099	116.0	15.192382906555258	-414.30122750563896
1.0	658.0	680.0	3.245690027606519	0.11443413508535207	72.12552792413032	0.3018297471219846	7.413557304232299	0.30182964503040793	0.36105376468786626	0.21661045107504986	53.68083135405843	122.0	0.4400068143775281	-354.3393194634566
3.0	668.0	680.0	3.7392615799172497	0.06707265054764643	72.05762805374717	0.14186004774934466	6.665704932124826	0.1446025799089616	0.05887705322270566	0.12199467202986243	590.4387359345263	116.0	5.089989102883847	-494.44172791973745
3.0	668.0	680.0	0.7129018557456749	0.055010541742996855	109.1065640841272	1.3136037616710419	11.015000898753149	1.1476448887973751	0.05887705322270566	0.12199467202986243	590.4387359345263	116.0	5.089989102883847	-494.44172791973745
3.0	668.0	680.0	0.39277503245663237	0.13609731152778531	120.98261170989235	0.7423221298403598	2.045213023663055	0.8985287014715448	0.05887705322270566	0.12199467202986243	590.4387359345263	116.0	5.089989102883847	-494.44172791973745
3.0	678.0	680.0	0.30569904801877884	0.07049243580380578	38.049597614629356	3.128512486870282	11.202318002135703	3.4012822328219405	0.04534563046961505	0.1690274872893555	1770.013545865262	116.0	15.258737464355706	-422.4915545351264
3.0	678.0	680.0	3.496092895780346	0.08401386371559912	73.06401396721621	0.22885704985983102	7.576470020329365	0.23643399971312368	0.04534563046961505	0.1690274872893555	1770.013545865262	116.0	15.258737464355706	-422.4915545351264
3.0	678.0	680.0	1.1336991873604383	0.08091087139460039	114.56047888193753	0.6692983218180601	8.122500800395521	0.6708919209682753	0.04534563046961505	0.1690274872893555	1770.013545865262	116.0	15.258737464355706	-422.4915545351264
5.0	688.0	680.0	0.4147813115596897	0.03873263179037258	52.148290338030435	3.4722485994090015	22.88766408663727	2.2098327343928927	0.03626644135269526	0.07432200734446254	564.9349142612901	110.0	5.135771947829911	-606.2623428611527
5.0	688.0	680.0	1.0479396310837399	0.08184312130951286	57.19929513264597	0.1767537495001499	2.083448471715195	0.20013356755663944	0.03626644135269526	0.07432200734446254	564.9349142612901	110.0	5.135771947829911	-606.2623428611527
5.0	688.0	680.0	3.057654279240558	0.08280169933744286	71.76377942092348	0.11253344854346169	4.851204879406828	0.14420127777673955	0.03626644135269526	0.07432200734446254	564.9349142612901	110.0	5.135771947829911	-606.2623428611527
5.0	688.0	680.0	2.202148426870268	0.07600211643672289	84.75432838398751	0.12876957940654066	3.1159590403567705	0.14042025452585444	0.03626644135269526	0.07432200734446254	564.9349142612901	110.0	5.135771947829911	-606.2623428611527
5.0	688.0	680.0	0.7113991630588977	0.041048859605580294	117.28622393863496	0.4789727399713898	6.8245091850864075	0.4933586712355325	0.03626644135269526	0.07432200734446254	564.9349142612901	110.0	5.135771947829911	-606.2623428611527
3.0	698.0	680.0	1.5071827519995311	0.13376358052527804	64.32336447184238	1.6081304600730149	11.669848744638953	0.7278078276747432	0.06849347272459372	0.0858513757333661	198.99041543951805	116.0	1.7154346158579141	-592.5711240150429
3.0	698.0	680.0	1.5191908653762565	0.21296050420421328	70.49216996566281	0.29772868752972065	3.9483444399721908	0.4478380246677038	0.06849347272459372	0.0858513757333661	198.99041543951805	116.0	1.7154346158579141	-592.5711240150429
3.0	698.0	680.0	1.5982308050619396	0.1508671327443068	84.75851456454338	0.1701512212900924	2.831251829116703	0.274496934196493	0.06849347272459372	0.0858513757333661	198.99041543951805	116.0	1.7154346158579141	-592.5711240150429
2.0	708.0	680.0	1.478700876161755	0.1654129674633579	65.64826946598686	0.2613148748050171	4.604535395785014	0.4322659572751292	0.06494793170675797	0.093845728287872	266.5375504339712	119.0	2.239811348184632	-576.1803059631578
2.0	708.0	680.0	1.5276133296567282	0.17012169028637147	67.77135656611156	0.4598528556211001	12.073424336869337	0.6456507498359697	0.06494793170675797	0.093845728287872	266.5375504339712	119.0	2.239811348184632	-576.1803059631578
1.0	718.0	680.0	2.74301943528722	0.06809602630389279	66.32825233017076	0.21584494344977348	7.529472669931593	0.21584488280299133	0.06361109018374714	0.13493728480704895	621.9650557217959	122.0	5.098074227227835	-482.1705908013969
1.0	728.0	680.0	2.511363708146071	0.06694346149455643	66.59785391047636	0.23347176957976526	7.5845368235752595	0.2334716086074304	0.07177817310617238	0.1370152563135798	475.5531016738912	122.0	3.8979762432286162	-485.5231094833884
2.0	738.0	680.0	2.669438389485552	0.0842258787753364	62.46968901559937	0.437333773217356	7.128788243322955	0.4433077256830582	0.1173312190058606	0.13759663354432608	238.83457544141783	119.0	2.0070132390035114	-442.044560853954
2.0	738.0	680.0	1.5895122971694717	0.17417588717124377	75.5393213870776	0.3423916852352364	2.9994584759681815	0.37519759463046914	0.1173312190058606	0.13759663354432608	238.83457544141783	119.0	2.0070132390035114	-442.044560853954
2.0	748.0	680.0	2.956264750022204	0.08121196952651151	60.08802304433908	0.400363541346264	7.8766583991156764	0.4116273197590045	0.10090535753926486	0.15153340658091505	331.7656700031556	119.0	2.787946806749207	-438.6668033266106
2.0	748.0	680.0	1.565274813282914	0.14630802065092868	75.8305486948002	0.42369937064620955	3.7737909102160483	0.4236861828243015	0.10090535753926486	0.15153340658091505	331.7656700031556	119.0	2.787946806749207	-438.6668033266106
3.0	758.0	680.0	2.117307418636965	0.14927291974455978	50.48067784997245	0.17323476387271994	2.7270740205165924	0.17433753555701137	0.07040748988106961	0.08501662807249494	183.39029014077593	116.0	1.5809507770756546	-595.8858307011895
3.0	758.0	680.0	3.0200700951341695	0.056054261012648356	61.23666435277378	0.2094860002109717	5.638188552953052	0.43953672071867544	0.07040748988106961	0.08501662807249494	183.39029014077593	116.0	1.5809507770756546	-595.8858307011895
3.0	758.0	680.0	1.4554719410191583	0.07249290572872231	75.86558183144042	0.44548069861589307	4.406098462230293	0.3505936828842797	0.07040748988106961	0.08501662807249494	183.39029014077593	116.0	1.5809507770756546	-595.8858307011895
2.0	768.0	680.0	3.151915249150179	0.07617899474307162	59.20307071304	0.24131352522986146	7.900938351494657	0.26935807733374756	0.08917724264578054	0.1503782863049435	377.46210143308446	119.0	3.1719504322107936	-453.4259313032203
2.0	768.0	680.0	0.9837252064726031	0.12459627603519632	77.11861249579505	0.4552947801895495	2.956137166253898	0.47002770015105616	0.08917724264578054	0.1503782863049435	377.46210143308446	119.0	3.1719504322107936	-453.4259313032203
2.0	778.0	680.0	3.5669165584063673	0.06487887651401968	59.331744000393066	0.19862120397197155	7.6207538581842815	0.21974437597466168	0.07456490647618001	0.12235026896946008	373.46684609897244	119.0	3.138376857974558	-499.49502461674626
2.0	778.0	680.0	1.6424995458301397	0.10266506173592152	75.90895120841853	0.2623368712002588	3.342468827801909	0.2674777417212428	0.07456490647618001	0.12235026896946008	373.46684609897244	119.0	3.138376857974558	-499.49502461674626
2.0	788.0	680.0	3.9762195626479615	0.051243239489237376	59.36933458202379	0.2112416118439033	7.885219475622964	0.20803949880827632	0.10168027573092163	0.09566944444013561	130.55291429714265	119.0	1.097083313421367	-553.3355105789791
2.0	788.0	680.0	2.794947365301205	0.100074810202639	74.71276028898029	0.16259808842219536	3.9167744122121837	0.15998332863516246	0.10168027573092163	0.09566944444013561	130.55291429714265	119.0	1.097083313421367	-553.3355105789791
2.0	798.0	680.0	3.004875440657887	0.05525365497574792	58.30455992204534	0.34019291415378494	7.651403178443566	0.3104224050501965	0.10464171966965244	0.0995869344588131	137.235140126814	119.0	1.1532364716538992	-539.9186163362265
2.0	798.0	680.0	3.0939397173430483	0.10039400129108092	74.37328093047154	0.2188353307656742	4.786131738212669	0.18434635212149952	0.10464171966965244	0.0995869344588131	137.235140126814	119.0	1.1532364716538992	-539.9186163362265
2.0	808.0	680.0	1.4888394946254022	0.05713006775848899	53.06658648955103	0.4025331274119538	7.23812413375563	0.4338515092380559	0.0653785320373815	0.105976046302179	368.79035447182514	119.0	3.0990786090069338	-533.9391432447457
2.0	808.0	680.0	2.6175928517613345	0.06331898011546178	74.14064718323152	0.20480918235860274	5.668744277127571	0.20563768078869538	0.0653785320373815	0.105976046302179	368.79035447182514	119.0	3.0990786090069338	-533.9391432447457
2.0	818.0	680.0	1.2159985780380036	0.05885590631341715	47.93291171400946	0.4099100623918473	7.226302942390669	0.432424014133394	0.07461655378489475	0.1063550330089225	307.20973336725893	119.0	2.5815943980441927	-523.7342410890113
2.0	818.0	680.0	2.294115854603414	0.06815605223733429	73.40346045093496	0.18751860319237867	5.289273598952603	0.19338619389366002	0.07461655378489475	0.1063550330089225	307.20973336725893	119.0	2.5815943980441927	-523.7342410890113
3.0	98.0	690.0	1.207807906781645	0.0753098376546239	11.196864385847626	0.22104849495432446	3.0660309129866405	0.22131822760616773	0.0959872116809261	0.09145152074341724	129.33259164691717	116.0	1.1149361348872169	-562.0606622514366
3.0	98.0	690.0	0.2786046638544495	0.10339371070597964	30.641250584556868	0.864484755243744	2.3338176652299616	1.0701603523084928	0.0959872116809261	0.09145152074341724	129.33259164691717	116.0	1.1149361348872169	-562.0606622514366
3.0	98.0	690.0	0.9293708071135129	0.04517451741537947	45.195513183401474	0.7070018560791613	9.055660716469438	0.7404134099760901	0.0959872116809261	0.09145152074341724	129.33259164691717	116.0	1.1149361348872169	-562.0606622514366
3.0	108.0	690.0	2.3616173137664664	0.07565315022844998	7.899651043331883	0.17466085117247301	4.719794890449845	0.1748649148717447	0.09236173800556303	0.10932894349707238	216.92533986319134	116.0	1.8700460333033737	-507.04046420594625
3.0	108.0	690.0	0.20290481183962536	0.22238190506928449	37.69860839135759	2.646546107518236	4.354796768082074	3.8443457998190653	0.09236173800556303	0.10932894349707238	216.92533986319134	116.0	1.8700460333033737	-507.04046420594625
3.0	108.0	690.0	0.7785687908117652	0.06505077188091442	51.8603003151428	2.687285765323451	9.82551461844014	2.012077302116273	0.09236173800556303	0.10932894349707238	216.92533986319134	116.0	1.8700460333033737	-507.04046420594625
4.0	118.0	690.0	3.1909141557717504	0.06397562860647395	7.723728110309334	0.1076929484915959	4.65177337020088	0.10769309031434353	0.07203085432349877	0.09795946521482254	244.98660359069837	113.0	2.1680230406256493	-546.7682415208067
4.0	118.0	690.0	0.6266354745203754	0.15283503083736089	44.555272638858305	3.545615540832741	5.603461089159281	2.1256516234006444	0.07203085432349877	0.09795946521482254	244.98660359069837	113.0	2.1680230406256493	-546.7682415208067
4.0	118.0	690.0	1.0595355902144479	0.3101502787941366	54.87070813657803	1.2122210138629796	4.179507916571323	1.0226089806294911	0.07203085432349877	0.09795946521482254	244.98660359069837	113.0	2.1680230406256493	-546.7682415208067
4.0	118.0	690.0	0.4954849415380737	0.058417672708986366	69.81146923710307	1.4256083720266528	5.935461165621709	1.3890133705266876	0.07203085432349877	0.09795946521482254	244.98660359069837	113.0	2.1680230406256493	-546.7682415208067
2.0	128.0	690.0	2.196933508563586	0.06323913614857507	10.1393929131839	0.18089697603034513	5.442218644967783	0.18096961392198638	0.07476161506637446	0.10557457273395136	273.7144284491574	119.0	2.3001212474719113	-537.6793597071139
2.0	128.0	690.0	1.0657328114384557	0.045969448301422126	55.03018785403125	0.5130015355299865	10.301754360217403	0.5133433403596573	0.07476161506637446	0.10557457273395136	273.7144284491574	119.0	2.3001212474719113	-537.6793597071139
2.0	138.0	690.0	1.6344966586277574	0.060597709147055916	12.414342107024849	0.2563130506690876	5.9877009922827655	0.2564203830941299	0.08391461162160617	0.10177202103298803	219.47096685154915	119.0	1.8442938390886483	-536.4137398358664
2.0	138.0	690.0	0.9532985601773022	0.04855589264726913	56.06235956871136	0.5484772133728603	9.326361644619736	0.5487900594029522	0.08391461162160617	0.10177202103298803	219.47096685154915	119.0	1.8442938390886483	-536.4137398358664
2.0	148.0	690.0	1.090185880320359	0.05283543038686907	12.843535503581174	0.35901221401236727	6.414310951207191	0.35913429718962425	0.064778681857753	0.09777304022007731	299.9864961700232	119.0	2.5208949257985145	-562.0548485033348
2.0	148.0	690.0	0.90385670025358	0.044879798553676006	56.872507324388394	0.5097590988075794	8.891396980509896	0.5099742752840538	0.064778681857753	0.09777304022007731	299.9864961700232	119.0	2.5208949257985145	-562.0548485033348
3.0	258.0	690.0	0.39939475186112855	0.03143809018115244	37.69097994140243	3.71041237036303	36.938192392561135	2.9142020783088967	0.016319454089857792	0.10771819758084114	5740.455589916869	116.0	49.48668611997301	-530.9116127132926
3.0	258.0	690.0	3.566425192123145	0.08598671747929246	53.470150462527016	0.08884360295014081	3.3387311291875905	0.09914126207363669	0.016319454089857792	0.10771819758084114	5740.455589916869	116.0	49.48668611997301	-530.9116127132926
3.0	258.0	690.0	0.6824165474984433	0.07406291569600322	76.85462457849533	0.5564365041288941	4.762612022723734	0.6498469159620089	0.016319454089857792	0.10771819758084114	5740.455589916869	116.0	49.48668611997301	-530.9116127132926
3.0	268.0	690.0	0.23231751969923042	0.03432941470024342	19.899059710467252	3.7340515198494986	19.27523207361865	4.180489402805864	0.06054022734288508	0.1069861203291742	392.1352129322846	116.0	3.380475973554178	-538.6349658995347
3.0	268.0	690.0	4.165229977087267	0.079621864309133	54.116095681119575	0.09204176713770482	3.931003484873748	0.09919486771134188	0.06054022734288508	0.1069861203291742	392.1352129322846	116.0	3.380475973554178	-538.6349658995347
3.0	268.0	690.0	0.6430686041919345	0.052600819564702146	74.84576310296842	0.8598077793779192	8.348735416738727	0.9505566335670423	0.06054022734288508	0.1069861203291742	392.1352129322846	116.0	3.380475973554178	-538.6349658995347
1.0	278.0	690.0	3.6654641119745333	0.08878019951594868	55.51166809464005	0.16345948042830918	5.844193497814863	0.16345934368087953	0.06659184948122375	0.15009755343271938	748.7684101114716	122.0	6.137445984520259	-447.52877231916096
1.0	288.0	690.0	3.7327356585263907	0.0905562561108425	54.689148490225236	0.18413147411638378	6.572933088141338	0.18413143813290675	0.06706817613457271	0.16099649125230206	863.7382081405506	122.0	7.079821378201234	-427.89190745646476
3.0	298.0	690.0	0.23553479414830877	0.0460027175893633	30.770819403203234	6.7893315364222655	13.588897535329684	6.156472542166532	0.06917572151379117	0.11932414908279125	374.0382713935701	116.0	3.2244678568411214	-511.20556528179634
3.0	298.0	690.0	3.5685686749551055	0.11516968106978107	54.67856409178989	0.19547984877825675	6.478121346310448	0.20782662451962397	0.06917572151379117	0.11932414908279125	374.0382713935701	116.0	3.2244678568411214	-511.20556528179634
3.0	298.0	690.0	0.7617960239467577	0.08888727141490287	77.94785877247207	0.44887488846516244	3.3147814096798385	0.4516276337824475	0.06917572151379117	0.11932414908279125	374.0382713935701	116.0	3.2244678568411214	-511.20556528179634
1.0	308.0	690.0	3.0685397442942124	0.09268816611650585	56.29320171696552	0.2154551010129315	6.176837822513374	0.21545493982610334	0.08069203821148357	0.17490634158333698	587.4704547936757	122.0	4.8153315966694725	-429.8398146983774
1.0	318.0	690.0	2.48813524414842	0.07677903756402862	59.13433473474416	0.18836351030352663	5.285843120819146	0.18836322719783888	0.07423704849839637	0.13404191370435095	407.56919174762027	122.0	3.340731079898527	-496.38586479497314
4.0	358.0	690.0	-0.059850310351401585	nan	13.84933128270845	nan	0.14695870058994598	nan	0.06177334723067011	0.14857597570244663	736.5967077188258	113.0	6.51855493556483	-447.56925660469483
4.0	358.0	690.0	0.7035137698184015	0.04582416262163483	44.44236927417351	2.1187820577657512	12.497533076933367	2.9548709654854144	0.06177334723067011	0.14857597570244663	736.5967077188258	113.0	6.51855493556483	-447.56925660469483
4.0	358.0	690.0	3.9439785994379504	0.1275552233900272	65.75750294245263	0.1478905507504682	4.615750726816944	0.17069901408484545	0.06177334723067011	0.14857597570244663	736.5967077188258	113.0	6.51855493556483	-447.56925660469483
4.0	358.0	690.0	0.5751227564262332	0.12543500587217543	91.73330583694775	0.674468841704239	2.6739959256026213	0.6747023430686648	0.06177334723067011	0.14857597570244663	736.5967077188258	113.0	6.51855493556483	-447.56925660469483
2.0	368.0	690.0	0.8713392314472725	0.09184676795390466	49.58883716634567	3.455298802545209	10.749318377037605	2.8463475355506027	0.10602944435946762	0.19756217904411938	470.297860390646	119.0	3.952082860425597	-382.6661844371891
2.0	368.0	690.0	5.271915475033085	0.28908315023455117	66.33626864285988	0.18110131062869012	4.773461753791674	0.23003504518818024	0.10602944435946762	0.19756217904411938	470.297860390646	119.0	3.952082860425597	-382.6661844371891
1.0	378.0	690.0	5.808804183341248	0.1850660533421039	67.20477202382946	0.22116783382483807	6.012450397134076	0.2211680706124212	0.5851093962317294	0.3316924201846311	43.35292887450958	122.0	0.35535187602057033	-260.35654589839726
1.0	388.0	690.0	4.8884106790276896	0.1905270472402985	68.4715375320543	0.34284460448848725	7.61857360179282	0.34284482039978764	0.08349924506134582	0.3992087982831929	2858.9874055971027	122.0	23.434322996697563	-223.49079085783916
3.0	398.0	690.0	1.247471819192603	0.12597042460894264	57.07047471996236	0.33355067049581466	3.2147614760547105	0.4223229933498538	0.06757947234719455	0.10637290752959735	444.0602769489647	116.0	3.8281058357669373	-495.5917121453365
3.0	398.0	690.0	3.356798739734376	0.12839709244429093	73.69609967123607	0.1036726052197121	2.523742628109569	0.12709159794092909	0.06757947234719455	0.10637290752959735	444.0602769489647	116.0	3.8281058357669373	-495.5917121453365
3.0	398.0	690.0	2.8315553448472355	0.11947964729373119	65.35436049101065	0.3977481747166349	12.964811324684026	0.2983785325565807	0.06757947234719455	0.10637290752959735	444.0602769489647	116.0	3.8281058357669373	-495.5917121453365
2.0	408.0	690.0	3.8909207001525394	0.12823130468371163	57.27186615136972	0.41283068984462473	6.233673823971789	0.31505624643458197	0.06497631999718406	0.162411373780568	870.4771616739878	119.0	7.314934131714183	-428.1302581814959
2.0	408.0	690.0	4.550585398908995	0.09457803380426041	75.00784107902238	0.4077807412868159	7.426479438134804	0.3348007611289378	0.06497631999718406	0.162411373780568	870.4771616739878	119.0	7.314934131714183	-428.1302581814959
2.0	418.0	690.0	4.6655718430464175	0.07772443812908567	65.17142891728636	0.4765160697162762	10.969088791143186	0.38625289783557126	0.05887424041779845	0.16399195814553133	1146.1725399318123	119.0	9.631702016233717	-418.39232929700455
2.0	418.0	690.0	3.790684298940149	0.22608476671848707	80.10122593119057	0.15430964417119786	3.8135729843466573	0.23711532501222238	0.05887424041779845	0.16399195814553133	1146.1725399318123	119.0	9.631702016233717	-418.39232929700455
2.0	428.0	690.0	5.212420502519105	0.11210493749932302	65.32378647271365	0.3481587858002162	8.430235757077797	0.35450108418198223	0.36105376468786626	0.20386966875690987	52.84942539546283	119.0	0.4441128184492675	-349.5785975409146
2.0	428.0	690.0	5.345600496910792	0.23557730774493485	80.52616647217837	0.15217724945186917	3.3937329197158688	0.17131330599658126	0.36105376468786626	0.20386966875690987	52.84942539546283	119.0	0.4441128184492675	-349.5785975409146
2.0	438.0	690.0	5.0237422289514555	0.10483768080411837	65.7643866531826	0.2927746958286049	7.448932715432479	0.29949406416984936	0.018418704304269593	0.16876189602612238	15692.147377909627	119.0	131.8667846883162	-381.8100384603364
2.0	438.0	690.0	4.396757712522429	0.1960853778807333	80.33755601202989	0.17956708698470336	3.472209223980429	0.18276905782672032	0.018418704304269593	0.16876189602612238	15692.147377909627	119.0	131.8667846883162	-381.8100384603364
2.0	448.0	690.0	4.468059264514363	0.11948194811072228	65.17666460091591	0.5119518084532008	7.531653902207429	0.46104853817775177	0.06429808829864284	0.17360522329641453	1654.1664245870024	119.0	13.900558189806743	-350.5021362958464
2.0	448.0	690.0	3.421342081616229	0.26223528461326945	79.63902359967317	0.3670566112145352	4.176683081160283	0.3313588010210341	0.06429808829864284	0.17360522329641453	1654.1664245870024	119.0	13.900558189806743	-350.5021362958464
2.0	458.0	690.0	4.776671175294482	0.1248260149570421	61.91390347548407	0.3202292679090557	5.9556172492342	0.29962935707859467	0.36105376468786626	0.15733256735309442	47.40993909093472	119.0	0.3984028495036531	-363.1554660044632
2.0	458.0	690.0	3.800369140360758	0.1336058053132367	78.3384720375577	0.3817895639646802	5.440804154290535	0.34406038269766837	0.36105376468786626	0.15733256735309442	47.40993909093472	119.0	0.3984028495036531	-363.1554660044632
2.0	468.0	690.0	4.355974345663395	0.09408120242019989	62.33761187739273	0.23650485118279346	5.929772278048004	0.23288216462266667	0.36105376468786626	0.11426789467342521	27.284084759108428	119.0	0.2292780231857851	-432.2215079851235
2.0	468.0	690.0	3.8336765674663016	0.10020926808199693	79.13052647062358	0.25324569510624584	5.296904155536066	0.2386551672393462	0.36105376468786626	0.11426789467342521	27.284084759108428	119.0	0.2292780231857851	-432.2215079851235
2.0	478.0	690.0	3.616310160185455	0.09915583341382601	62.57556031001676	0.5677952688527477	7.375072313124615	0.4465391302668742	0.36105376468786626	0.11660376562081284	27.33836597346958	119.0	0.22973416784428216	-431.97306969875257
2.0	478.0	690.0	2.8478095049435397	0.15600453324223554	79.18911687703373	0.5866397603693757	5.919163673016759	0.4236687187853953	0.36105376468786626	0.11660376562081284	27.33836597346958	119.0	0.22973416784428216	-431.97306969875257
