ncomps	x	y	amplitude	err amplitude	shift	err shift	width	err width	rms	residual	chisq	dof	redchisq	aic
4.0	128.0	200.0	1.2833413132872948	0.05878893909904745	28.072253309536542	0.25825756013489753	4.844380961174509	0.26781520007134907	0.07676962262341033	0.09178369761656693	186.14067158214627	113.0	1.647262580372976	-565.1772309986296
4.0	128.0	200.0	1.2699489121402918	0.06528910657971815	47.20481069951573	0.24750479640479306	4.049833596488382	0.2738058652688408	0.07676962262341033	0.09178369761656693	186.14067158214627	113.0	1.647262580372976	-565.1772309986296
4.0	128.0	200.0	0.5058140832140106	0.07516258880613402	61.00780003002021	0.5294388609088754	2.9396162756822846	0.5480185807541381	0.07676962262341033	0.09178369761656693	186.14067158214627	113.0	1.647262580372976	-565.1772309986296
4.0	128.0	200.0	0.38130498617410724	0.058790132241820385	94.53474735086749	0.8464092692112378	4.754217837268102	0.8464092745980626	0.07676962262341033	0.09178369761656693	186.14067158214627	113.0	1.647262580372976	-565.1772309986296
4.0	138.0	200.0	1.6500045335887576	0.05687356646896891	26.467648812728605	0.22356031434914017	5.562658195938905	0.23385413934222402	0.08949256768563522	0.09086155804947953	146.44768008504727	113.0	1.2959971688942236	-556.8198988010076
4.0	138.0	200.0	1.9148042268307137	0.06642477261066478	46.681237699987285	0.16787393707502063	4.095004620294181	0.17898250254325895	0.08949256768563522	0.09086155804947953	146.44768008504727	113.0	1.2959971688942236	-556.8198988010076
4.0	138.0	200.0	0.5911381949701466	0.07617458484021851	62.22881146542062	0.4605533821417403	3.053148870150247	0.47077338740158986	0.08949256768563522	0.09086155804947953	146.44768008504727	113.0	1.2959971688942236	-556.8198988010076
4.0	138.0	200.0	0.5132132371756272	0.06593621684308092	93.06687440160262	0.5994759945940997	4.040882718795031	0.5994759986558734	0.08949256768563522	0.09086155804947953	146.44768008504727	113.0	1.2959971688942236	-556.8198988010076
5.0	148.0	200.0	2.0983489460176226	0.05328202498706812	23.627692868585868	0.2240755482970862	6.9405931511597165	0.24506268554068447	0.06441765160266437	0.09868191619219548	293.4036413825283	110.0	2.6673058307502573	-544.5337854159683
5.0	148.0	200.0	2.388788364617349	0.06118419497585538	46.16988495798007	0.20476860586135998	5.403166723326635	0.257402928014072	0.06441765160266437	0.09868191619219548	293.4036413825283	110.0	2.6673058307502573	-544.5337854159683
5.0	148.0	200.0	0.5911763564712299	0.06533883070374935	62.25508367515627	0.7672331244640715	4.46403502365692	0.767246375489574	0.06441765160266437	0.09868191619219548	293.4036413825283	110.0	2.6673058307502573	-544.5337854159683
5.0	148.0	200.0	0.5598731741341786	0.067895387729003	92.64977414540554	0.5690736650862465	4.063949985845112	0.5690739447292512	0.06441765160266437	0.09868191619219548	293.4036413825283	110.0	2.6673058307502573	-544.5337854159683
5.0	148.0	200.0	0.2624893330614249	0.09472401507331887	153.97237781542987	0.8688968828912095	2.0805928241726286	0.8648091044070032	0.06441765160266437	0.09868191619219548	293.4036413825283	110.0	2.6673058307502573	-544.5337854159683
4.0	158.0	200.0	2.410152709242405	0.06452919753990588	18.52033915787632	0.19700951960415622	5.669386132491131	0.20102168645070873	0.08507768982977065	0.10927832350960404	216.94454264478532	113.0	1.9198632092458878	-520.3458937324677
4.0	158.0	200.0	1.437671291892861	0.05438805303760577	45.66888308830847	0.4204718267907688	9.189556826889158	0.5437624000252924	0.08507768982977065	0.10927832350960404	216.94454264478532	113.0	1.9198632092458878	-520.3458937324677
4.0	158.0	200.0	0.9741787652032873	0.09401027860556449	66.57001636222131	0.3225177931528794	2.8297214567660927	0.33665554498581385	0.08507768982977065	0.10927832350960404	216.94454264478532	113.0	1.9198632092458878	-520.3458937324677
4.0	158.0	200.0	0.6134269547204426	0.08913519657016196	92.1346433277974	0.49671324798929967	2.960387626113941	0.4967131786112272	0.08507768982977065	0.10927832350960404	216.94454264478532	113.0	1.9198632092458878	-520.3458937324677
5.0	168.0	200.0	2.659192510944346	0.06056565445700524	15.076242920286637	0.12204225636420878	4.634675366220907	0.1251414526908578	0.07942807397399314	0.0844134606644255	172.74317431266695	110.0	1.5703924937515177	-558.3856528778614
5.0	168.0	200.0	0.5624815315124791	0.07506207493022153	32.22503979358375	0.5112300087178882	2.9983324306463985	0.531268400442807	0.07942807397399314	0.0844134606644255	172.74317431266695	110.0	1.5703924937515177	-558.3856528778614
5.0	168.0	200.0	0.6212736591880472	0.059648435595693064	47.239193471055835	0.5976517283927002	5.172507805721823	0.7092412959226363	0.07942807397399314	0.0844134606644255	172.74317431266695	110.0	1.5703924937515177	-558.3856528778614
5.0	168.0	200.0	1.9779084612796682	0.06542128530310537	65.89381056904232	0.15720136813016858	3.9679674153254147	0.1629994575084031	0.07942807397399314	0.0844134606644255	172.74317431266695	110.0	1.5703924937515177	-558.3856528778614
5.0	168.0	200.0	0.48485812133487693	0.07850924388979198	91.40213119056683	0.5087421134626459	2.7207681745509356	0.5087452644725925	0.07942807397399314	0.0844134606644255	172.74317431266695	110.0	1.5703924937515177	-558.3856528778614
4.0	178.0	200.0	1.7129174732509878	0.05884709135988072	13.39536910186275	0.15854756496836483	3.996741903360676	0.15855652944074683	0.07454450287149311	0.08436145276516128	166.28090753713033	113.0	1.4715124560807995	-586.6334258356758
4.0	178.0	200.0	0.336746059514558	0.0749082888526247	33.64753979417622	0.6545658068273058	2.469634011555479	0.6638398699986919	0.07454450287149311	0.08436145276516128	166.28090753713033	113.0	1.4715124560807995	-586.6334258356758
4.0	178.0	200.0	0.4335571997907726	0.05488161909216528	49.20738948915488	0.7881288571612909	4.968685386660531	0.9157997365010162	0.07454450287149311	0.08436145276516128	166.28090753713033	113.0	1.4715124560807995	-586.6334258356758
4.0	178.0	200.0	3.371602399612326	0.057516025150748946	65.83488334316317	0.09515670008077066	4.262621516094775	0.10011804276035319	0.07454450287149311	0.08436145276516128	166.28090753713033	113.0	1.4715124560807995	-586.6334258356758
2.0	188.0	200.0	0.7200379960446933	0.10476118085426837	52.38999161916263	0.574417346928585	2.9947999083593406	0.5885403210316194	0.10301633232447355	0.12341492018865531	216.61031019580574	119.0	1.8202547075277793	-486.7817953225338
2.0	188.0	200.0	3.283783095605733	0.08894637425407827	65.43848525265419	0.14935177564012095	4.367046335814186	0.16411000382809188	0.10301633232447355	0.12341492018865531	216.61031019580574	119.0	1.8202547075277793	-486.7817953225338
2.0	198.0	200.0	0.7575853743180351	0.09437533334828122	52.27653633267993	1.1918406686095033	4.847427629010567	1.1478532698624468	0.15600238879639222	0.12761911541450807	119.33133292044874	119.0	1.0027843102558718	-457.5603507246685
2.0	198.0	200.0	2.736288843308568	0.10421541462475101	65.45143400917394	0.303696482109689	4.188467643862999	0.2760309641067366	0.15600238879639222	0.12761911541450807	119.33133292044874	119.0	1.0027843102558718	-457.5603507246685
2.0	208.0	200.0	0.9085953796502422	0.07548728066414558	47.63481086134752	0.6098595863388133	5.797578396987335	0.6692399342870483	0.09059000405757105	0.11820358478255559	268.16385039053023	119.0	2.2534777343742034	-492.23043141521856
2.0	208.0	200.0	3.923707896401796	0.08754236961838843	65.20590839010517	0.12102162759455479	4.1108068552885815	0.12439215377181716	0.09059000405757105	0.11820358478255559	268.16385039053023	119.0	2.2534777343742034	-492.23043141521856
3.0	218.0	200.0	0.48705118905416583	0.10431558777534852	27.58397623643219	0.5647126874807712	2.26530707325251	0.5674452508704377	0.09033996183997409	0.10369054597887643	206.91537446033612	116.0	1.783753228106346	-518.479106231073
3.0	218.0	200.0	1.0152137134575938	0.06809322434382938	45.889041567190056	0.44190231144259595	5.579404121127852	0.48299672804078503	0.09033996183997409	0.10369054597887643	206.91537446033612	116.0	1.783753228106346	-518.479106231073
3.0	218.0	200.0	3.869584005371863	0.07992036150489641	64.39847373525123	0.09797743184938895	3.8893556535582245	0.10118736463053365	0.09033996183997409	0.10369054597887643	206.91537446033612	116.0	1.783753228106346	-518.479106231073
2.0	358.0	200.0	0.4537402630230063	0.09999808861185522	27.581438219025678	0.907356131101271	3.5636999077904274	0.9075530846678374	0.08121872109326783	0.13982192885718348	379.8980610050799	119.0	3.192420680714957	-475.9918589917312
2.0	358.0	200.0	2.244312943040836	0.07981943079691255	54.39720044175144	0.22978010458244813	5.595564233374445	0.22985140782124458	0.08121872109326783	0.13982192885718348	379.8980610050799	119.0	3.192420680714957	-475.9918589917312
2.0	368.0	200.0	0.41659753906401514	0.1635437404341227	27.842176977625872	1.4067871798515459	3.1030851839320857	1.4074590178854185	0.114779158612846	0.21051819241162373	442.8345415638526	119.0	3.7212986686038034	-370.3641663294247
2.0	368.0	200.0	3.0041542178399956	0.11908792831963787	53.16033506359532	0.2679198386113532	5.853548597854876	0.2681332179206096	0.114779158612846	0.21051819241162373	442.8345415638526	119.0	3.7212986686038034	-370.3641663294247
3.0	378.0	200.0	0.33079450209043393	0.07491862191488959	27.817409650107344	0.7291335041659059	2.7881012158118126	0.7292445872086973	0.09390036512595686	0.08749778914117039	121.6255819896215	116.0	1.0484963964622542	-575.2358351502921
3.0	378.0	200.0	4.6048644033779	0.14594933967235127	48.257278531605024	0.044877727913405684	1.826347899536919	0.06372709264038084	0.09390036512595686	0.08749778914117039	121.6255819896215	116.0	1.0484963964622542	-575.2358351502921
3.0	378.0	200.0	2.385469997182826	0.055773861450395035	55.696943185211175	0.3106997917818031	5.999950665641525	0.24397046159419677	0.09390036512595686	0.08749778914117039	121.6255819896215	116.0	1.0484963964622542	-575.2358351502921
3.0	388.0	200.0	0.22640097114907778	0.0540157142794158	26.543527579069934	2.149531014323434	6.632888960147324	2.286376931655434	0.07094535463762525	0.09337875789301353	256.77612362406205	116.0	2.2135872726212247	-551.9097637192922
3.0	388.0	200.0	5.676495219161666	0.1414154540139227	48.035535945158436	0.04698027674671068	2.311531577889616	0.06629004613130314	0.07094535463762525	0.09337875789301353	256.77612362406205	116.0	2.2135872726212247	-551.9097637192922
3.0	388.0	200.0	1.6197182142606317	0.06656097411728605	55.48487466556571	0.6506561626361212	8.319874003158242	0.4376641210005983	0.07094535463762525	0.09337875789301353	256.77612362406205	116.0	2.2135872726212247	-551.9097637192922
1.0	398.0	200.0	6.061747617278468	0.12119626134150784	47.828886925697994	0.07932697493691501	3.4358007484782416	0.0793268117803087	0.07746328108568616	0.16721339386174003	606.2469912232968	122.0	4.969237632977843	-436.11609408437073
3.0	408.0	200.0	5.3012480469668715	0.09138340649138053	46.852729348237716	0.07935881031846946	3.9677467152293273	0.0812197812251802	0.09682121414024017	0.13225054545296938	239.47594875930184	116.0	2.0644478341319124	-482.8896647273338
3.0	408.0	200.0	0.6183706900085403	0.09267018706226682	64.2683617589623	0.6708881864679375	3.8556901902852037	0.686069172997053	0.09682121414024017	0.13225054545296938	239.47594875930184	116.0	2.0644478341319124	-482.8896647273338
3.0	408.0	200.0	0.32704455666606824	0.11645556490234604	96.73624650298815	0.9931429407752459	2.4155524319811392	0.9932877234964673	0.09682121414024017	0.13225054545296938	239.47594875930184	116.0	2.0644478341319124	-482.8896647273338
3.0	418.0	200.0	5.092480957415593	0.11208767778326253	46.19610033179211	0.11258032192567999	4.432092582905124	0.11318133856907518	0.07888473913745438	0.17340891277351722	611.3803427660216	116.0	5.270520196258807	-416.95096508939736
3.0	418.0	200.0	0.8762818972268632	0.15992409431022883	63.002072041830054	0.45885812828900896	2.1752537832089	0.46096565337589507	0.07888473913745438	0.17340891277351722	611.3803427660216	116.0	5.270520196258807	-416.95096508939736
3.0	418.0	200.0	0.48343036647858545	0.15149724993483643	97.51159581287085	0.8752165587783091	2.4186548452133185	0.8752098998446504	0.07888473913745438	0.17340891277351722	611.3803427660216	116.0	5.270520196258807	-416.95096508939736
2.0	428.0	200.0	4.880899503537129	0.11158161419386557	46.29298788644414	0.12021630398308614	4.556387394134294	0.12069933325435644	0.08586933167179785	0.17704145971941473	539.6474592682315	119.0	4.5348525988927015	-418.1949779500797
2.0	428.0	200.0	1.0860105941026372	0.17446446826660147	63.074518641015054	0.347482493309301	1.8886798025685256	0.3551591950216284	0.08586933167179785	0.17704145971941473	539.6474592682315	119.0	4.5348525988927015	-418.1949779500797
3.0	438.0	200.0	4.486426940118196	0.06887061062753651	45.98413230974294	0.08857684701300651	5.00067429462077	0.08943576467649594	0.0945884112517455	0.11371339956386035	180.68949557472385	116.0	1.5576680652993435	-523.9315700273171
3.0	438.0	200.0	1.9492019079765597	0.09930661716034109	63.997737566520115	0.1413537389520918	2.393196058699716	0.1418698861942435	0.0945884112517455	0.11371339956386035	180.68949557472385	116.0	1.5576680652993435	-523.9315700273171
3.0	438.0	200.0	0.2604042200467302	0.06989975656960093	181.09982699264452	1.4964165332647903	4.827548757138348	1.4964156803642692	0.0945884112517455	0.11371339956386035	180.68949557472385	116.0	1.5576680652993435	-523.9315700273171
3.0	448.0	200.0	5.064583790580906	0.08986474827559755	45.599683460362506	0.09411767149040809	4.595215555849004	0.09437361557600972	0.07624842419619975	0.1425268916577747	436.7628898352641	116.0	3.76519732616607	-467.48982456172314
3.0	448.0	200.0	2.7781623066044445	0.12088791925597683	64.46723328819306	0.12754033766107628	2.5368586418776986	0.12773970869046625	0.07624842419619975	0.1425268916577747	436.7628898352641	116.0	3.76519732616607	-467.48982456172314
3.0	448.0	200.0	0.30975993503203025	0.09457934619877513	180.85732225563666	1.4603002500703706	4.141962039709416	1.4603005466415577	0.07624842419619975	0.1425268916577747	436.7628898352641	116.0	3.76519732616607	-467.48982456172314
3.0	458.0	200.0	5.281434623329131	0.15566124749901586	45.73367232663421	0.13833038971146056	4.064970173236221	0.13840340066593954	0.07378445427596424	0.23157420791768074	1239.5490677492967	116.0	10.685767825424971	-345.312936652022
3.0	458.0	200.0	2.6490840432112055	0.19512826283275278	64.76523530071024	0.2200219399916476	2.5862558762714483	0.22011035904611692	0.07378445427596424	0.23157420791768074	1239.5490677492967	116.0	10.685767825424971	-345.312936652022
3.0	458.0	200.0	0.37475618013167067	0.160544342936778	181.05371669971353	1.8897630590101409	3.820249727136546	1.88976303092054	0.07378445427596424	0.23157420791768074	1239.5490677492967	116.0	10.685767825424971	-345.312936652022
4.0	468.0	200.0	4.638263296108673	0.15188366859911187	45.88472977544459	0.14290782953973336	3.7800651343074545	0.14298511885319504	0.07365860262360557	0.21344637619388657	1072.621931939005	113.0	9.492229486185884	-356.59942084594235
4.0	468.0	200.0	2.3628496108654624	0.18007313262062913	64.31459498746553	0.23727918102130505	2.691525037291204	0.23812732721735466	0.07365860262360557	0.21344637619388657	1072.621931939005	113.0	9.492229486185884	-356.59942084594235
4.0	468.0	200.0	1.0203915476283631	0.13356767732605743	83.45369296906573	0.7406230787866265	4.902612175711419	0.7450014618061465	0.07365860262360557	0.21344637619388657	1072.621931939005	113.0	9.492229486185884	-356.59942084594235
4.0	468.0	200.0	0.34801999392896665	0.14627875176620095	182.2252761175261	1.9772307800475786	4.073569590518885	1.9772272731009406	0.07365860262360557	0.21344637619388657	1072.621931939005	113.0	9.492229486185884	-356.59942084594235
4.0	478.0	200.0	4.433977019887976	0.08898209295702807	45.76353260300762	0.06721194754903816	2.825224993584195	0.07113099055010312	0.07642725740777721	0.1076902410459784	248.52763279378374	113.0	2.1993595822458736	-530.163216683252
4.0	478.0	200.0	2.60088096559285	0.09724994529163783	56.6064422511389	0.12182971480179404	2.5083736506668273	0.14542764913631026	0.07642725740777721	0.1076902410459784	248.52763279378374	113.0	2.1993595822458736	-530.163216683252
4.0	478.0	200.0	1.8694479701113633	0.1084096640554805	64.06222553202676	0.14848343648616166	1.8188663940752274	0.14528223296488607	0.07642725740777721	0.1076902410459784	248.52763279378374	113.0	2.1993595822458736	-530.163216683252
4.0	478.0	200.0	1.1277610630565276	0.06520879608924779	84.70807287986209	0.3414963720215389	5.1141602292083554	0.3416317526916578	0.07642725740777721	0.1076902410459784	248.52763279378374	113.0	2.1993595822458736	-530.163216683252
3.0	488.0	200.0	3.9623564226947123	0.11835099998651896	46.49061752079189	0.09108782062429599	2.585379180880038	0.09500133902429592	0.07012802596473089	0.13918059550242204	495.0048804074536	116.0	4.267283451788393	-472.7612382948602
3.0	488.0	200.0	3.877356091863499	0.11668666654150307	57.284635444747934	0.09441627529110808	2.6643299820136854	0.09868069293486428	0.07012802596473089	0.13918059550242204	495.0048804074536	116.0	4.267283451788393	-472.7612382948602
3.0	488.0	200.0	0.41521358495194466	0.08034691094398264	87.09411192217118	1.2296188286377734	5.500050916084545	1.2296092830695868	0.07012802596473089	0.13918059550242204	495.0048804074536	116.0	4.267283451788393	-472.7612382948602
2.0	498.0	200.0	3.464900465593174	0.12530931902030926	47.21702811157445	0.11606283200788313	2.630073320277911	0.1227204594648895	0.0751928741565318	0.15043644606262846	501.37664802430714	119.0	4.213249143061405	-460.5823541374829
2.0	498.0	200.0	3.935354907303819	0.12167501400529858	57.663287895851234	0.10528149319753816	2.808615617494601	0.11226097774445408	0.0751928741565318	0.15043644606262846	501.37664802430714	119.0	4.213249143061405	-460.5823541374829
2.0	508.0	200.0	2.777031239997466	0.1219787942745436	48.03859599748048	0.16172598982276098	2.757808401912888	0.17081049592750566	0.07563874338459094	0.14304309538408422	492.87050283771083	119.0	4.141768931409334	-461.24320638900724
2.0	508.0	200.0	2.4533363005272286	0.11760245324840651	58.18071909950795	0.1902593999862417	3.0142998795228317	0.20509972358481748	0.07563874338459094	0.14304309538408422	492.87050283771083	119.0	4.141768931409334	-461.24320638900724
2.0	518.0	200.0	2.5385968338738873	0.09781949918479414	49.53196370623734	0.14699526310350491	2.826102757616143	0.16031647472747365	0.08831475495360327	0.1197581011192752	231.2904647614264	119.0	1.9436173509363563	-517.0800810425412
2.0	518.0	200.0	1.132836706729066	0.108461741911991	58.08100763949127	0.29489858935281255	2.200016595608501	0.3015402248465604	0.08831475495360327	0.1197581011192752	231.2904647614264	119.0	1.9436173509363563	-517.0800810425412
1.0	528.0	200.0	3.3223551658910924	0.12518929679153779	50.75822620645279	0.1445680654053348	3.322891490798801	0.14456839512111633	0.13555384232225212	0.16246309717339308	204.27608175370148	122.0	1.674394112735258	-432.2017538780612
2.0	538.0	200.0	4.33355933127623	0.11620244826076463	51.617777582680475	0.12487552356800155	4.033085411373023	0.12487552215664091	0.08648004913195516	0.17295014492790256	511.96086825918024	119.0	4.302192170245212	-423.006713018964
2.0	538.0	200.0	0.4875702749893123	0.15223455828549512	78.39497761142219	0.8473709457301122	2.3485148236488524	0.8472300692010046	0.08648004913195516	0.17295014492790256	511.96086825918024	119.0	4.302192170245212	-423.006713018964
2.0	548.0	200.0	5.479512623660041	0.10228354159062869	51.83503869514225	0.1546048059349627	3.1800835116427626	0.12761606459548258	0.10780019072042585	0.11763866677625569	160.1832464303734	119.0	1.346077701095575	-513.156509321768
2.0	548.0	200.0	2.3227946423248067	0.13351778005755732	59.542768845337775	0.32108540914820105	2.7145507528174164	0.24774212078950242	0.10780019072042585	0.11763866677625569	160.1832464303734	119.0	1.346077701095575	-513.156509321768
2.0	558.0	200.0	4.5564459545915525	0.445040682257316	51.73378997679137	0.1208706399961264	2.4138129045987595	0.16739172372310543	0.12631648523931627	0.11736933726811664	174.90160981443157	119.0	1.46976142701203	-462.54058790412006
2.0	558.0	200.0	3.0060179926431356	0.12922125810246174	58.96927310705516	0.7224063805264513	5.045923986343802	0.506961234904583	0.12631648523931627	0.11736933726811664	174.90160981443157	119.0	1.46976142701203	-462.54058790412006
3.0	568.0	200.0	3.1124587100900434	0.1374583189964748	52.01735718740794	0.08709778532678722	2.110606461922105	0.1136270694303334	0.07757300498192231	0.10963925927639995	264.29070509221015	116.0	2.2783681473466393	-525.9767397149134
3.0	568.0	200.0	2.6132954459581335	0.061517306473609375	60.68160802731295	0.33757891177598554	8.184591556398999	0.26167355069270876	0.07757300498192231	0.10963925927639995	264.29070509221015	116.0	2.2783681473466393	-525.9767397149134
3.0	568.0	200.0	0.3357052731352146	0.10781036171621895	81.62661831340026	0.7545650505516972	2.0117835774341746	0.7636580377019194	0.07757300498192231	0.10963925927639995	264.29070509221015	116.0	2.2783681473466393	-525.9767397149134
3.0	578.0	200.0	0.7885264957625828	0.08769339658615057	43.267790500201464	0.32122189796428235	2.2019026367462162	0.3326226835692192	0.07407214274653631	0.09569351996912692	209.30341901928597	116.0	1.8043398191317757	-566.679818846195
3.0	578.0	200.0	3.071744983213183	0.09641679847287503	52.695271122005366	0.11134708606885346	3.010895251792153	0.13527312321161436	0.07407214274653631	0.09569351996912692	209.30341901928597	116.0	1.8043398191317757	-566.679818846195
3.0	578.0	200.0	2.2484219524400255	0.051822385191189584	65.89095647342386	0.28600936087296575	6.770301736011844	0.2948727987259874	0.07407214274653631	0.09569351996912692	209.30341901928597	116.0	1.8043398191317757	-566.679818846195
3.0	588.0	200.0	1.0194890797438543	0.08143811181321674	44.34245659491877	0.4996843675035416	3.150809969851931	0.4634543345569919	0.1111843289603901	0.09793947077603975	109.6831217643821	116.0	0.945544153141225	-545.9160210338256
3.0	588.0	200.0	2.6807465597398683	0.12087561940148671	53.95198678556089	0.19353813616927423	3.2871309201546115	0.25070418322178917	0.1111843289603901	0.09793947077603975	109.6831217643821	116.0	0.945544153141225	-545.9160210338256
3.0	588.0	200.0	1.7868932365424475	0.056735737290641956	66.68777649411797	0.49513151027243285	6.717378726552969	0.4647214438048386	0.1111843289603901	0.09793947077603975	109.6831217643821	116.0	0.945544153141225	-545.9160210338256
3.0	598.0	200.0	2.690229807738458	0.06229391996403854	56.82471695611553	0.26457268720105304	9.872323221732149	0.2735547116970174	0.0823796658301541	0.14099294400716705	379.7874203937641	116.0	3.2740294861531387	-465.6267018567751
3.0	598.0	200.0	0.6731852873306182	0.08270568407132607	90.17235942819269	0.7959007688170109	5.510216036380568	0.806650560494315	0.0823796658301541	0.14099294400716705	379.7874203937641	116.0	3.2740294861531387	-465.6267018567751
3.0	598.0	200.0	0.42844056774628175	0.09840181365871105	120.65229828528727	1.0300234269464812	3.8838909236749783	1.0300376440454986	0.0823796658301541	0.14099294400716705	379.7874203937641	116.0	3.2740294861531387	-465.6267018567751
3.0	608.0	200.0	2.974175011285773	0.06334399959635305	55.73247683255405	0.2067090143360504	8.317849155699884	0.21522187133921686	0.07316473056512537	0.1278518292629484	418.5585892538181	116.0	3.6082637004639495	-483.1323392304243
3.0	608.0	200.0	0.8444960318342519	0.06879468865841071	88.00216213805358	0.6706887201755698	7.003546782952874	0.6930713549522827	0.07316473056512537	0.1278518292629484	418.5585892538181	116.0	3.6082637004639495	-483.1323392304243
3.0	608.0	200.0	0.718390151963114	0.08454447169072234	119.46452036398715	0.6219974087422017	4.576266903619963	0.6227177319808712	0.07316473056512537	0.1278518292629484	418.5585892538181	116.0	3.6082637004639495	-483.1323392304243
4.0	618.0	200.0	1.7395016942276043	0.12129691535975114	53.343542850444685	0.14560802450195384	2.1454008274397522	0.18647972054086345	0.07237274908392678	0.10435393156367696	260.7172977985312	113.0	2.3072327238808072	-537.8052801934832
4.0	618.0	200.0	1.851633245617182	0.08895824682975287	56.40175872809129	0.3580516496112342	10.144165923012203	0.41243436507367914	0.07237274908392678	0.10435393156367696	260.7172977985312	113.0	2.3072327238808072	-537.8052801934832
4.0	618.0	200.0	0.8263944451261611	0.05879002337634528	87.45907967079519	0.5322621391513618	5.933023681516441	0.5450390679625976	0.07237274908392678	0.10435393156367696	260.7172977985312	113.0	2.3072327238808072	-537.8052801934832
4.0	618.0	200.0	0.7274259096820711	0.07664992514465092	119.71610255291168	0.4236014425734239	3.481488511240171	0.42360271190938414	0.07237274908392678	0.10435393156367696	260.7172977985312	113.0	2.3072327238808072	-537.8052801934832
6.0	628.0	200.0	1.0299540888070604	0.062223498521762004	45.781682678191146	0.7398020122703977	4.072567812952092	0.5916649073739431	0.06602561888043253	0.07258736369496681	171.04559142784186	107.0	1.5985569292321669	-597.7732316404145
6.0	628.0	200.0	3.1684089209643713	0.17442538517075937	53.81562666616086	0.1428727822700024	2.6009663591124035	0.15578135000961996	0.06602561888043253	0.07258736369496681	171.04559142784186	107.0	1.5985569292321669	-597.7732316404145
6.0	628.0	200.0	1.3393963007756686	0.05681769367418705	64.32045693982106	0.36217106297428625	4.93854208002835	0.6361430889656223	0.06602561888043253	0.07258736369496681	171.04559142784186	107.0	1.5985569292321669	-597.7732316404145
6.0	628.0	200.0	0.6792830154460299	0.16039608676769884	78.15514066719457	0.8424735267779537	3.5329205864087436	0.9087109354165802	0.06602561888043253	0.07258736369496681	171.04559142784186	107.0	1.5985569292321669	-597.7732316404145
6.0	628.0	200.0	0.575607770822102	0.06301219142386263	88.45830966887976	1.9077708980425625	5.522509019326332	1.3979820824996754	0.06602561888043253	0.07258736369496681	171.04559142784186	107.0	1.5985569292321669	-597.7732316404145
6.0	628.0	200.0	0.5516319417734017	0.05775638622705552	120.55218042259254	0.42746653658630845	3.536188827658263	0.42746899334470156	0.06602561888043253	0.07258736369496681	171.04559142784186	107.0	1.5985569292321669	-597.7732316404145
3.0	638.0	200.0	1.8931167293617828	0.11189713817488475	54.368124680751905	0.1365377488321491	2.169132064603004	0.16100754312313284	0.08458557072623453	0.10193028879296899	203.63613262933916	116.0	1.7554839019770616	-536.9300539934908
3.0	638.0	200.0	1.4191845720166152	0.0658227401327067	59.80590720514768	0.48624282323196616	11.095152263358543	0.42820124845386914	0.08458557072623453	0.10193028879296899	203.63613262933916	116.0	1.7554839019770616	-536.9300539934908
3.0	638.0	200.0	0.6961198145177929	0.0949244331444969	110.38397359621884	0.37146622618197495	2.3591277916867877	0.3714168873284709	0.08458557072623453	0.10193028879296899	203.63613262933916	116.0	1.7554839019770616	-536.9300539934908
2.0	648.0	200.0	2.3352932448935855	0.05523799070712381	58.69502186784896	0.18332073452443196	6.711902078271872	0.18332073391055642	0.09486945714547668	0.1041282974848148	159.98132024157616	119.0	1.3443808423661863	-545.2585871855249
2.0	648.0	200.0	1.7936674665343217	0.09056045944137522	109.73165099579069	0.14558676496594297	2.4968173115322165	0.14557702532573205	0.09486945714547668	0.1041282974848148	159.98132024157616	119.0	1.3443808423661863	-545.2585871855249
2.0	658.0	200.0	2.0795758917243288	0.057514856337218395	59.44183791322522	0.18499356604835257	5.7927106627624445	0.1849935647261206	0.10212843869555245	0.08743661595787892	129.16631828624892	119.0	1.085431246102932	-553.5707586159814
2.0	658.0	200.0	1.5626383920213462	0.08238557739236449	109.18013010243116	0.17187646236678666	2.823004282355096	0.1718761537162156	0.10212843869555245	0.08743661595787892	129.16631828624892	119.0	1.085431246102932	-553.5707586159814
3.0	8.0	210.0	3.4557024519016286	0.18839879034009618	26.85142513618511	0.4374419469458149	4.882325380302855	0.4372163930038802	0.300149716537933	0.29070583037250686	129.1260500083341	116.0	1.1131556035201216	-277.24383580217307
3.0	8.0	210.0	2.357237372252241	0.19556629786954957	43.91882674029928	0.6710982040561894	5.475681868243039	1.0576496833103826	0.300149716537933	0.29070583037250686	129.1260500083341	116.0	1.1131556035201216	-277.24383580217307
3.0	8.0	210.0	1.2747984265988275	0.2968767990074816	56.10862381313457	0.8022038943915328	2.645090361548841	0.7905340695489429	0.300149716537933	0.29070583037250686	129.1260500083341	116.0	1.1131556035201216	-277.24383580217307
1.0	78.0	210.0	1.3300504589546314	0.10778421702785188	25.58173881724397	0.5894610127602036	6.297121466699851	0.5894586751972725	0.20112078353183693	0.18307120009548658	130.3936242036066	122.0	1.068800198390218	-389.68190746998386
2.0	88.0	210.0	2.0622622499134264	0.1349857798999831	18.642826766714922	0.5093944264266047	4.731111756807986	0.5274815095102199	0.06457239122487612	0.21150238387442688	1393.243262475771	119.0	11.707926575426647	-370.895738922004
2.0	88.0	210.0	1.3600870997302035	0.14693900288199307	32.106129966933345	0.7067140248864319	3.9395484290493226	0.6868298153789836	0.06457239122487612	0.21150238387442688	1393.243262475771	119.0	11.707926575426647	-370.895738922004
2.0	98.0	210.0	3.362643847738942	0.1483741875763991	17.530862462893705	0.22877247551878158	3.8511309765934687	0.23599718595574085	0.12316978334967602	0.2055831771640083	389.32258166486196	119.0	3.271618333318168	-368.8242011580094
2.0	98.0	210.0	1.879348781009079	0.13220764523148848	33.11471064311887	0.4621749048815412	5.0633414021317575	0.5058396004643191	0.12316978334967602	0.2055831771640083	389.32258166486196	119.0	3.271618333318168	-368.8242011580094
3.0	108.0	210.0	2.7858131955427656	0.12671774525957774	17.503493758194885	0.33041153651172506	3.9128105561728663	0.30584242906816816	0.10627818213537853	0.15725053271742367	353.88663013312987	116.0	3.0507468114924987	-410.7757394542884
3.0	108.0	210.0	2.3830332328004395	0.15964210337384296	31.36020784952009	0.7901121919673116	4.742676624484116	0.920747329036982	0.10627818213537853	0.15725053271742367	353.88663013312987	116.0	3.0507468114924987	-410.7757394542884
3.0	108.0	210.0	1.0697428123422905	0.19129784181046136	43.43879620634103	2.0906691920453238	4.812100470538648	1.4237704104706297	0.10627818213537853	0.15725053271742367	353.88663013312987	116.0	3.0507468114924987	-410.7757394542884
3.0	118.0	210.0	0.7495736807904247	0.16005571930534807	16.283535956174333	0.7090180320931723	3.5094207405934297	0.7555564195358775	0.06576238594700304	0.11217937364846205	439.4498078924944	116.0	3.788360412866331	-503.71037285029945
3.0	118.0	210.0	2.0385106467443053	0.0729400328834394	31.165573759288108	0.46417935596306575	7.791667976994132	0.9101456302050719	0.06576238594700304	0.11217937364846205	439.4498078924944	116.0	3.788360412866331	-503.71037285029945
3.0	118.0	210.0	1.1184981543918848	0.11293141364840607	48.60687790121059	0.5289128236373687	3.992620502447858	0.4948686030008401	0.06576238594700304	0.11217937364846205	439.4498078924944	116.0	3.788360412866331	-503.71037285029945
2.0	128.0	210.0	1.3386303294344666	0.05586154091787864	29.797100801009396	0.5161816854375186	6.781026975146355	0.5171851308364797	0.07733582483801014	0.10630193059293669	238.0821767028119	119.0	2.000690560527831	-546.64986065603
2.0	128.0	210.0	1.3499419054413155	0.06311658582159325	48.07824266868502	0.45689450067530807	5.495011900912492	0.4239518734153106	0.07733582483801014	0.10630193059293669	238.0821767028119	119.0	2.000690560527831	-546.64986065603
3.0	138.0	210.0	1.5794143051793406	0.060951154894204884	25.71323394373622	0.3096950554844616	5.3063643820631095	0.30047364600993914	0.07678758689712209	0.1001066734071123	218.48639346901558	116.0	1.8835033919742723	-552.3116024624308
3.0	138.0	210.0	1.7161504644530121	0.05037598066815016	46.47895338262947	0.34826294499885596	7.899304832200384	0.3760805405144655	0.07678758689712209	0.1001066734071123	218.48639346901558	116.0	1.8835033919742723	-552.3116024624308
3.0	138.0	210.0	0.21997992594277682	0.05895858943069818	93.32342135581932	1.6741456813905191	5.403598639977584	1.6741219374682719	0.07678758689712209	0.1001066734071123	218.48639346901558	116.0	1.8835033919742723	-552.3116024624308
2.0	148.0	210.0	2.361064121388301	0.06418607274471762	21.682999060939608	0.28545088585409734	6.672760353912247	0.27435118731860386	0.08805173777261295	0.12116266962537645	236.73354942641535	119.0	1.989357558205171	-514.9181241825147
2.0	148.0	210.0	2.398580730248668	0.054314466372437434	46.604691158134514	0.33415116619418433	9.386298467345297	0.35540916851334325	0.08805173777261295	0.12116266962537645	236.73354942641535	119.0	1.989357558205171	-514.9181241825147
3.0	158.0	210.0	3.2605197225021136	0.07217024882798463	17.25354104207227	0.1410963469015938	5.234561364968969	0.14385707848011736	0.08814443405458319	0.10511345581453843	181.10272880408453	116.0	1.5612304207248666	-541.2855741527816
3.0	158.0	210.0	1.7884182629231173	0.05075228488962355	44.07946596755954	0.8950423311526443	12.085442231719895	0.9001700534335493	0.08814443405458319	0.10511345581453843	181.10272880408453	116.0	1.5612304207248666	-541.2855741527816
3.0	158.0	210.0	0.7720832784415754	0.15630572436472337	59.295332468108285	0.5079900593854081	4.335063093547199	0.8366241447179883	0.08814443405458319	0.10511345581453843	181.10272880408453	116.0	1.5612304207248666	-541.2855741527816
3.0	168.0	210.0	3.5194803590018124	0.08057280332162384	15.02782352266849	0.10914083400666555	4.364012267475867	0.1232869047747939	0.07652736376939333	0.11146369776521944	269.2443248438852	116.0	2.321071765895562	-527.0483214443527
3.0	168.0	210.0	0.8095490334210057	0.041018905090547446	45.06593688283338	1.4200256754710314	15.997584970025017	1.4596091992266282	0.07652736376939333	0.11146369776521944	269.2443248438852	116.0	2.321071765895562	-527.0483214443527
3.0	168.0	210.0	2.031702052479128	0.09808712371058882	63.66159605031681	0.1668455024046769	3.4625648463630414	0.2093616695287617	0.07652736376939333	0.11146369776521944	269.2443248438852	116.0	2.321071765895562	-527.0483214443527
3.0	178.0	210.0	2.098241004403193	0.08177099311556199	13.570507862013143	0.18586603767371734	4.130236813975835	0.18658019768443065	0.06459820353062862	0.12284192654709647	452.64966876228516	116.0	3.9021523169162515	-504.4763606790591
3.0	178.0	210.0	0.5328619253956415	0.08222176566215825	34.55661553702061	0.7276734102784823	4.087169128107101	0.7304580263676966	0.06459820353062862	0.12284192654709647	452.64966876228516	116.0	3.9021523169162515	-504.4763606790591
3.0	178.0	210.0	3.565398577061515	0.07919545031824263	63.71805750931616	0.11270748543987186	4.394315910157101	0.1127076541941975	0.06459820353062862	0.12284192654709647	452.64966876228516	116.0	3.9021523169162515	-504.4763606790591
2.0	188.0	210.0	0.477296383584975	0.1235804196340715	11.043746698507366	0.6997856635682966	2.339864640482945	0.700084616081284	0.09753315502886083	0.12990924918680014	264.1171119721732	119.0	2.219471529177926	-475.66900321499975
2.0	188.0	210.0	3.187273347331621	0.08449279182216435	63.111699902259716	0.15322544297668805	5.005656319169769	0.15322544024332574	0.09753315502886083	0.12990924918680014	264.1171119721732	119.0	2.219471529177926	-475.66900321499975
1.0	198.0	210.0	2.39756260881744	0.10368688416570823	62.749959761403915	0.27446552822497117	5.4961808690460225	0.27446549754492866	0.07773851341013911	0.17416637060550033	704.7775613454841	122.0	5.776865256930197	-416.4050565940097
2.0	208.0	210.0	0.8518207569201289	0.07104962685775748	50.8969168401191	0.9811808199500558	6.400376128478461	1.00332143831142	0.07161182289725081	0.12650933942118897	412.77434756014844	119.0	3.4686919963037686	-497.0884926396968
2.0	208.0	210.0	3.361192009733277	0.10800408510576379	65.07898984911968	0.1702234298849452	3.697172920881804	0.15735149587028852	0.07161182289725081	0.12650933942118897	412.77434756014844	119.0	3.4686919963037686	-497.0884926396968
3.0	218.0	210.0	0.45115850452708883	0.08491818438637326	28.665432889513337	0.5224345769217881	2.4046143743137285	0.5230149420942759	0.07219646197932471	0.0962402222642748	227.79210990849768	116.0	1.9637250854180834	-562.5108823108235
3.0	218.0	210.0	0.9512597460182671	0.06292245046826989	47.516321453543	0.34820521310227975	4.488350183720585	0.3659452985746291	0.07219646197932471	0.0962402222642748	227.79210990849768	116.0	1.9637250854180834	-562.5108823108235
3.0	218.0	210.0	3.568910775715655	0.06803142980429926	64.55097463250449	0.08577276377721041	3.7991150069215367	0.08895845004390322	0.07219646197932471	0.0962402222642748	227.79210990849768	116.0	1.9637250854180834	-562.5108823108235
2.0	368.0	210.0	2.6502733795461237	0.11795101287617445	48.42082467929113	0.06375050994887922	1.631637461852005	0.0849560690430769	0.07417742344912577	0.08235898906297512	155.5211832704701	119.0	1.3069006997518495	-610.3034694337423
2.0	368.0	210.0	2.1939228242738174	0.04612932250975483	56.302060037801496	0.25502932221685753	6.104195912669201	0.2203783470022306	0.07417742344912577	0.08235898906297512	155.5211832704701	119.0	1.3069006997518495	-610.3034694337423
2.0	378.0	210.0	4.201192184288602	0.11452390411464293	47.8861243682386	0.040965483802995376	1.6927955377222652	0.05146371827442292	0.07343963484106843	0.0809818486225955	155.93174489914074	119.0	1.310350797471771	-612.4729316276971
2.0	378.0	210.0	2.3836429082109203	0.04486955737402985	56.147907526862916	0.23371477844327865	6.343297565822925	0.20248246234887599	0.07343963484106843	0.0809818486225955	155.93174489914074	119.0	1.310350797471771	-612.4729316276971
2.0	388.0	210.0	4.7434109829415805	0.1322469380452564	47.793668083773646	0.05716504319237551	1.995270714215755	0.06916181366397009	0.08486547801457228	0.10225879201418067	241.51088781724778	119.0	2.0295032589684685	-521.6350051647098
2.0	388.0	210.0	1.9169236639008405	0.0655958056523925	55.41467573546546	0.42588715850433895	8.69391188842137	0.3061609519229416	0.08486547801457228	0.10225879201418067	241.51088781724778	119.0	2.0295032589684685	-521.6350051647098
3.0	398.0	210.0	5.1169369312089925	0.09246251700371229	48.02705576793688	0.0903555673473197	3.77598379328151	0.09647753054568163	0.05970310347294706	0.12143699180421988	602.2028247449193	116.0	5.191403661594132	-488.4925302941005
3.0	398.0	210.0	1.199936409233167	0.09627456623641809	62.08961063514668	0.45761347915969464	3.924809679210571	0.620570310143589	0.05970310347294706	0.12143699180421988	602.2028247449193	116.0	5.191403661594132	-488.4925302941005
3.0	398.0	210.0	0.44826789435219383	0.11828338864906811	72.07758419116897	0.9980625256990949	2.4779113214508	0.9499811903401967	0.05970310347294706	0.12143699180421988	602.2028247449193	116.0	5.191403661594132	-488.4925302941005
3.0	408.0	210.0	4.568330521031713	0.07963587832244776	47.4951860352896	0.09104957087697867	4.48252106945035	0.09571945102872034	0.07107428326104272	0.12292802303976154	375.2334931858855	116.0	3.2347714929817717	-504.0378661234689
3.0	408.0	210.0	1.1150728482385674	0.10156791122721269	62.74200017730741	0.4042994155951074	2.7806473111680052	0.4383886911422329	0.07107428326104272	0.12292802303976154	375.2334931858855	116.0	3.2347714929817717	-504.0378661234689
3.0	408.0	210.0	0.4725563794018221	0.10287087388052538	71.39881349840302	0.9458380543694852	2.676628140184998	0.9544285766494454	0.07107428326104272	0.12292802303976154	375.2334931858855	116.0	3.2347714929817717	-504.0378661234689
2.0	418.0	210.0	4.926688753445995	0.09916945049302615	46.66394557032887	0.10713773951675024	4.608692624939822	0.10938390329927139	0.0852194732474413	0.15874486134371113	433.74866237295606	119.0	3.644946742629883	-447.40052483733734
2.0	418.0	210.0	1.2378123773404897	0.12927954995485785	63.28928528054418	0.327066862688539	2.6875251712044723	0.3303899241704045	0.0852194732474413	0.15874486134371113	433.74866237295606	119.0	3.644946742629883	-447.40052483733734
3.0	428.0	210.0	5.232589963605455	0.08403003515534137	46.39959118456249	0.0855654523490602	4.616962977612399	0.0859978128004032	0.07700496935513558	0.13333820617211897	375.68625698980554	116.0	3.2386746292224617	-483.85103378354864
3.0	428.0	210.0	1.416950767467088	0.12053831638661482	63.89729526157874	0.22021787611698024	2.2360127744396974	0.2204620464432715	0.07700496935513558	0.13333820617211897	375.68625698980554	116.0	3.2386746292224617	-483.85103378354864
3.0	428.0	210.0	0.3136996314153325	0.09102585606456683	181.47648829800778	1.3144389042550768	3.9230534748718338	1.3144391800616821	0.07700496935513558	0.13333820617211897	375.68625698980554	116.0	3.2386746292224617	-483.85103378354864
3.0	438.0	210.0	4.956499050596426	0.07744188083498268	46.51597091954001	0.08544309171295869	4.738516097553129	0.08599205088963903	0.0814734137467782	0.1116270920052111	292.33689706983046	116.0	2.5201456643950904	-501.1052688976422
3.0	438.0	210.0	2.227832516793331	0.10287836776778307	65.0916590103876	0.1430936139096064	2.6781746175934265	0.14359915150928843	0.0814734137467782	0.1116270920052111	292.33689706983046	116.0	2.5201456643950904	-501.1052688976422
3.0	438.0	210.0	0.38023729388863364	0.07074412826817095	181.59372562214716	1.2154164035706434	5.6581253003610845	1.2155046912482927	0.0814734137467782	0.1116270920052111	292.33689706983046	116.0	2.5201456643950904	-501.1052688976422
3.0	448.0	210.0	4.910654130685126	0.08440247952512432	46.74915950786954	0.08815920650092775	4.443659786076061	0.08871691207774832	0.06554371707705463	0.1276609195423355	503.22791088359816	116.0	4.33817164554826	-487.6030841146477
3.0	448.0	210.0	3.0267538549827315	0.10053557945044049	65.64471303831449	0.12007895111094291	3.126966832218904	0.12062266645193713	0.06554371707705463	0.1276609195423355	503.22791088359816	116.0	4.33817164554826	-487.6030841146477
3.0	448.0	210.0	0.3765140623944313	0.07888711776846205	181.57007362056652	1.226352984452843	5.068383255663079	1.226356555611319	0.06554371707705463	0.1276609195423355	503.22791088359816	116.0	4.33817164554826	-487.6030841146477
3.0	458.0	210.0	5.074489788160741	0.12104081542005354	47.139837036827345	0.11264337372084213	4.090639457284324	0.11302635769715262	0.07451390802284764	0.18038766224356875	738.3630459773415	116.0	6.365198672218461	-407.6119168263793
3.0	458.0	210.0	2.8710263143583914	0.1357945325345777	66.12358339808617	0.17746306591815464	3.2483919684962066	0.17796212448325172	0.07451390802284764	0.18038766224356875	738.3630459773415	116.0	6.365198672218461	-407.6119168263793
3.0	458.0	210.0	0.35041767083929665	0.12360049105052637	181.5922362798367	1.5942112710138963	3.918289471545326	1.5942496157313288	0.07451390802284764	0.18038766224356875	738.3630459773415	116.0	6.365198672218461	-407.6119168263793
4.0	468.0	210.0	4.709755957372149	0.12992269747216242	47.32576716503404	0.12540932056109882	3.937951480909203	0.12563595573296202	0.06760974247744853	0.18785502216685002	969.8315734817671	113.0	8.582580296298824	-390.61399697980886
4.0	468.0	210.0	2.2319564939329632	0.15129936333200036	65.7244128902746	0.23347390754104305	2.9073222286763727	0.23717730288396913	0.06760974247744853	0.18785502216685002	969.8315734817671	113.0	8.582580296298824	-390.61399697980886
4.0	468.0	210.0	0.7921698964321013	0.1113845987191907	83.3428372151231	0.8941361775978468	5.482677093049491	0.9333122505096341	0.06760974247744853	0.18785502216685002	969.8315734817671	113.0	8.582580296298824	-390.61399697980886
4.0	468.0	210.0	0.33308336957675083	0.1358253160931924	182.54189402496513	1.6947999220179044	3.599327259352137	1.6947999260118434	0.06760974247744853	0.18785502216685002	969.8315734817671	113.0	8.582580296298824	-390.61399697980886
5.0	478.0	210.0	5.188245173627332	0.07341224477983276	46.68987766313194	0.04872646428209265	2.5256831603493963	0.05145712430283937	0.07374867471721051	0.08304672692543234	158.80782613817541	110.0	1.4437075103470491	-587.4467570798838
5.0	478.0	210.0	2.6153547076354178	0.07340502700748044	55.959245024244765	0.1007360321229599	2.740027124392854	0.12803536712241978	0.07374867471721051	0.08304672692543234	158.80782613817541	110.0	1.4437075103470491	-587.4467570798838
5.0	478.0	210.0	1.3576215446657445	0.07734314178871833	65.24166459995895	0.16583736338420588	2.262297868984618	0.17475407953329966	0.07374867471721051	0.08304672692543234	158.80782613817541	110.0	1.4437075103470491	-587.4467570798838
5.0	478.0	210.0	0.7694186650447954	0.049491999357903334	85.61731372038481	0.40360665640568194	5.436310780368844	0.4049413567275257	0.07374867471721051	0.08304672692543234	158.80782613817541	110.0	1.4437075103470491	-587.4467570798838
5.0	478.0	210.0	0.31942201255524044	0.06584791733206649	182.4478461992856	0.729602059368937	3.064741374655118	0.7295974730296982	0.07374867471721051	0.08304672692543234	158.80782613817541	110.0	1.4437075103470491	-587.4467570798838
3.0	488.0	210.0	5.1017191494932534	0.10977164856131542	46.91949678854373	0.06510529289750865	2.470243215053243	0.0687312473180281	0.07353697427071104	0.12539947919687192	368.8674673378335	116.0	3.1798919598089093	-497.6610602064402
3.0	488.0	210.0	4.181564367252324	0.1051577444854592	56.85236051660189	0.08296183875949846	2.719430434439804	0.08868285834806684	0.07353697427071104	0.12539947919687192	368.8674673378335	116.0	3.1798919598089093	-497.6610602064402
3.0	488.0	210.0	0.2744587210383014	0.0846536199264718	89.40205054579326	1.4464904578703062	4.06145781397706	1.4464907723384444	0.07353697427071104	0.12539947919687192	368.8674673378335	116.0	3.1798919598089093	-497.6610602064402
3.0	498.0	210.0	4.318513101163191	0.12132940789898818	47.157071285173	0.09877668412358746	2.615396611168185	0.10269675833526878	0.08144711027179927	0.1408591855982513	392.7166843312833	116.0	3.3854886580283043	-464.28829969042516
3.0	498.0	210.0	4.355231746829478	0.111089479210329	57.40350602639486	0.10746635704935836	3.2324106634672756	0.11710966542656967	0.08144711027179927	0.1408591855982513	392.7166843312833	116.0	3.3854886580283043	-464.28829969042516
3.0	498.0	210.0	0.284664246614904	0.07539210186712966	185.08739055156198	2.0579873983518775	6.73681530880139	2.0840444314180484	0.08144711027179927	0.1408591855982513	392.7166843312833	116.0	3.3854886580283043	-464.28829969042516
3.0	508.0	210.0	3.222407093986717	0.12435488100412687	48.010873335947174	0.17363868401430851	2.7165870202674958	0.1556204714119086	0.07656745775211767	0.13108702253942853	388.6298729944019	116.0	3.35025752581381	-481.0413553572814
3.0	508.0	210.0	3.230245631147974	0.09436613279247867	57.579142591365596	0.2192479655433719	3.9566874763617674	0.21967909297572852	0.07656745775211767	0.13108702253942853	388.6298729944019	116.0	3.35025752581381	-481.0413553572814
3.0	508.0	210.0	0.22996524549683225	0.07318001855647056	184.8826271001434	2.2857686701885402	6.231559901837679	2.2979488006094484	0.07656745775211767	0.13108702253942853	388.6298729944019	116.0	3.35025752581381	-481.0413553572814
2.0	518.0	210.0	3.160002364376838	0.09679177451600163	52.279878432499224	0.17649528270814097	4.990641645997174	0.17649556599383331	0.06791988073461663	0.16089961301357	712.5428289291785	119.0	5.98775486495108	-442.0789733540377
2.0	518.0	210.0	0.21109091919935158	0.09104461023079277	185.60609415453087	2.8126542829854615	5.649975987913994	2.820903754049972	0.06791988073461663	0.16089961301357	712.5428289291785	119.0	5.98775486495108	-442.0789733540377
2.0	528.0	210.0	3.825079621581602	0.1009064429729779	51.989918203501915	0.12595176593361251	4.134950435428054	0.12595185105695803	0.07312356915257259	0.15382728344242488	553.5855762658452	119.0	4.6519796324860945	-455.17644425610416
2.0	528.0	210.0	0.19781663541713188	0.09048846107287815	185.49103176272192	2.7184472157791815	5.137417335611076	2.7203096561421547	0.07312356915257259	0.15382728344242488	553.5855762658452	119.0	4.6519796324860945	-455.17644425610416
3.0	538.0	210.0	4.502698391086699	0.09034876193429518	52.831159931803576	0.10188413327501823	4.397318753857843	0.10188427301563562	0.07729654474169119	0.14008269231398843	411.74043988328253	116.0	3.549486550717953	-471.45136188467444
3.0	538.0	210.0	0.41505844576629447	0.11680568077523625	77.48986273694263	0.8548587211247173	2.630739274823329	0.8548571008782707	0.07729654474169119	0.14008269231398843	411.74043988328253	116.0	3.549486550717953	-471.45136188467444
3.0	538.0	210.0	0.17310588260973128	0.07627131972506211	185.89290627570855	3.153527161449306	6.206341440207003	3.184041480433449	0.07729654474169119	0.14008269231398843	411.74043988328253	116.0	3.549486550717953	-471.45136188467444
1.0	548.0	210.0	5.166304197532295	0.10517993404631683	54.45598133750924	0.1195136630456563	5.084064778398508	0.11951372940547685	0.08206926665462914	0.17821963170286587	601.892229463666	122.0	4.933542864456279	-422.5773343526898
2.0	558.0	210.0	3.732105831817484	0.38910661557591186	52.4413068479341	0.11851208016053488	2.8730220519627623	0.21416309364527583	0.12285112804723756	0.11555954795149427	141.09659418868233	119.0	1.185685665451112	-496.3422620673477
2.0	558.0	210.0	3.28610495693601	0.13004678775786396	60.40450648358143	0.7069132439730136	6.32634765840435	0.4384088689455679	0.12285112804723756	0.11555954795149427	141.09659418868233	119.0	1.185685665451112	-496.3422620673477
2.0	568.0	210.0	2.775769940632247	0.12928865202034315	52.848412794685984	0.1003624147927479	2.516716630759594	0.13931302993899633	0.08000891506968968	0.10747978648235271	225.63126323870574	119.0	1.896061035619376	-544.8688947664167
2.0	568.0	210.0	2.594701944278964	0.055086120082808186	62.82025604597616	0.3695702278177341	8.919348280264058	0.2707307306500091	0.08000891506968968	0.10747978648235271	225.63126323870574	119.0	1.896061035619376	-544.8688947664167
2.0	578.0	210.0	2.531681654284963	0.11563264803553172	53.91558170085913	0.11245778421143426	2.3751622284511296	0.13631348663084678	0.07298279493682826	0.1127190956507922	303.67716684875893	119.0	2.5519089651156213	-530.7145923605814
2.0	578.0	210.0	1.725502961502476	0.05796583808825204	62.89937212065893	0.49384946561131254	10.555743999695546	0.35626857429243186	0.07298279493682826	0.1127190956507922	303.67716684875893	119.0	2.5519089651156213	-530.7145923605814
4.0	588.0	210.0	0.9356428985893409	0.07553817336019833	44.15056690260828	0.2863443032459626	2.622545231828659	0.29418001172233904	0.06709213157343658	0.08901999582533754	220.21922313970737	113.0	1.9488426826522776	-577.847689514546
4.0	588.0	210.0	3.419622245193536	0.09044391563914254	55.32292279649278	0.1304828296784303	3.617083930895282	0.14513658387917452	0.06709213157343658	0.08901999582533754	220.21922313970737	113.0	1.9488426826522776	-577.847689514546
4.0	588.0	210.0	1.0913452486224344	0.05116097773872067	68.18698710090057	0.6700034661436345	6.156977450517859	0.6253944961597715	0.06709213157343658	0.08901999582533754	220.21922313970737	113.0	1.9488426826522776	-577.847689514546
4.0	588.0	210.0	0.307042267996322	0.06283558214161879	98.58877247127188	0.8886977034979722	3.761008216745809	0.8888474578210246	0.06709213157343658	0.08901999582533754	220.21922313970737	113.0	1.9488426826522776	-577.847689514546
2.0	598.0	210.0	2.163484790231115	0.15018381973631695	55.96375095910591	0.17066976643392412	3.050739314370997	0.24393659056030767	0.06887574643798515	0.12003136722027179	434.79742278211575	119.0	3.653759855311897	-500.3301177709976
2.0	598.0	210.0	1.6312958124645511	0.13537929673379576	56.42950795112927	0.4398485446822003	11.431426056021829	0.6252052296578176	0.06887574643798515	0.12003136722027179	434.79742278211575	119.0	3.653759855311897	-500.3301177709976
3.0	608.0	210.0	3.361089673065636	0.06325076075165482	55.886469598295214	0.15538735053770977	6.9630156265157614	0.1616032818387066	0.07410811901422418	0.12148990025023793	341.9672252929034	116.0	2.9479933214905465	-505.19218335708763
3.0	608.0	210.0	0.539313768647556	0.05938278000593344	86.38993912063461	1.0320661402087548	7.966714713881917	1.084900885754086	0.07410811901422418	0.12148990025023793	341.9672252929034	116.0	2.9479933214905465	-505.19218335708763
3.0	608.0	210.0	0.4547054535837907	0.08476226746026685	120.10680120346244	0.8212081755042657	3.81511054561118	0.8215373203644141	0.07410811901422418	0.12148990025023793	341.9672252929034	116.0	2.9479933214905465	-505.19218335708763
5.0	618.0	210.0	1.3193231351785024	0.06557634318022862	44.70744089994857	0.31801689742307426	3.063529121282757	0.2920971321474322	0.08224725199704237	0.07794972045944733	118.4578358369244	110.0	1.0768894166993128	-596.8222373123425
5.0	618.0	210.0	2.7631122283247724	0.24403259915591946	53.888369078032284	0.22475788730820523	3.0306473409548653	0.2598594593256149	0.08224725199704237	0.07794972045944733	118.4578358369244	110.0	1.0768894166993128	-596.8222373123425
5.0	618.0	210.0	1.8435402524201163	0.08567287642435899	62.39490943948304	0.7183513425345281	4.769066080101757	0.5673796633569722	0.08224725199704237	0.07794972045944733	118.4578358369244	110.0	1.0768894166993128	-596.8222373123425
5.0	618.0	210.0	0.7228911237484102	0.04278077482065432	84.26891209592081	0.5588171694853071	7.188562196561641	0.6182196329660057	0.08224725199704237	0.07794972045944733	118.4578358369244	110.0	1.0768894166993128	-596.8222373123425
5.0	618.0	210.0	0.6326111999038739	0.06486845238652836	120.28437401402101	0.34694866941993774	2.9300989193982554	0.3469487182179459	0.08224725199704237	0.07794972045944733	118.4578358369244	110.0	1.0768894166993128	-596.8222373123425
5.0	628.0	210.0	1.2756518965903458	0.06103670522278893	44.98877089185893	0.36539370888534417	3.4861156589066793	0.340527315060587	0.06830495150356339	0.07945309454879783	169.42454175166296	110.0	1.5402231068332997	-598.527846311871
5.0	628.0	210.0	2.6230881329120357	0.12295795361644546	54.10294271355344	0.18278150402652213	2.798646890867027	0.21717906030667686	0.06830495150356339	0.07945309454879783	169.42454175166296	110.0	1.5402231068332997	-598.527846311871
5.0	628.0	210.0	1.6011007255409966	0.07457693713319022	63.20417499239638	0.4021235018109194	4.158268368008733	0.5044332148292046	0.06830495150356339	0.07945309454879783	169.42454175166296	110.0	1.5402231068332997	-598.527846311871
5.0	628.0	210.0	0.8452967107404917	0.041478424596084106	79.40576863893476	0.8221569263734234	7.657874558789661	0.7890462171306977	0.06830495150356339	0.07945309454879783	169.42454175166296	110.0	1.5402231068332997	-598.527846311871
5.0	628.0	210.0	0.5872188744844202	0.06619892789542468	120.8065991290915	0.3612883118320938	2.775440194976643	0.3612893921733713	0.06830495150356339	0.07945309454879783	169.42454175166296	110.0	1.5402231068332997	-598.527846311871
4.0	638.0	210.0	1.9840618970266986	0.06212872226963221	56.8879234026852	0.3468279750444082	8.208119716741566	0.3815731400987612	0.06471329766447755	0.12600017744448802	474.5546857419716	113.0	4.199598988867005	-490.90353793901403
4.0	638.0	210.0	0.4825471561100583	0.07375023991223328	79.89467476935636	1.1878894181489603	5.538294895111559	1.193190998855193	0.06471329766447755	0.12600017744448802	474.5546857419716	113.0	4.199598988867005	-490.90353793901403
4.0	638.0	210.0	0.6749403732587296	0.19755695914845234	110.68235081058594	0.3503683800316823	1.263878973251074	0.4660424659923451	0.06471329766447755	0.12600017744448802	474.5546857419716	113.0	4.199598988867005	-490.90353793901403
4.0	638.0	210.0	0.38948875500294816	0.11682935618749332	121.01898414565936	0.7558778121159128	2.1842670518577085	0.7575270482085895	0.06471329766447755	0.12600017744448802	474.5546857419716	113.0	4.199598988867005	-490.90353793901403
3.0	648.0	210.0	0.4897123272398631	0.09852632695953864	43.31319010820893	0.5022980598883694	2.1037467119167594	0.5090172909769014	0.09204336181143172	0.09536275281369352	164.5258830115699	116.0	1.4183265776859475	-542.4643843345522
3.0	648.0	210.0	2.097733698034522	0.06079491408387671	58.9729903275807	0.1911952756730851	5.67297278922958	0.20173049056161413	0.09204336181143172	0.09536275281369352	164.5258830115699	116.0	1.4183265776859475	-542.4643843345522
3.0	648.0	210.0	2.127238523557905	0.10338476448531018	110.2454097391091	0.10636754169882494	1.8805821798885058	0.10473071672464015	0.09204336181143172	0.09536275281369352	164.5258830115699	116.0	1.4183265776859475	-542.4643843345522
2.0	658.0	210.0	1.9324754845082346	0.07650715208778039	59.86489218326701	0.19463262086429164	4.257524904774641	0.19463261321927838	0.10997259738307863	0.101460318244109	144.87506054524385	119.0	1.2174374835734778	-520.7244025401266
2.0	658.0	210.0	2.516643641207483	0.1089106824072607	110.0574219896821	0.10486812811368065	2.094539577148102	0.10443382477938873	0.10997259738307863	0.101460318244109	144.87506054524385	119.0	1.2174374835734778	-520.7244025401266
2.0	8.0	220.0	2.792419199393429	0.17681857176911728	24.31596395828768	0.5216986956693465	5.406718648356476	0.48657009800820633	0.2714622898097618	0.2722690362126745	134.03225348514806	119.0	1.126321457858387	-304.55030542207055
2.0	8.0	220.0	1.9647688779331667	0.13141498851089314	45.076548188563926	0.9858523937551898	8.698075315657361	1.0328364416147557	0.2714622898097618	0.2722690362126745	134.03225348514806	119.0	1.126321457858387	-304.55030542207055
2.0	88.0	220.0	1.5386711579584451	0.15616655048273614	18.86935284269306	0.33905779429421135	2.8901217273349977	0.3432442977946873	0.07456718652972208	0.19847051664588952	885.5840248074352	119.0	7.441882561407018	-391.56011680386143
2.0	88.0	220.0	0.8384526172319618	0.16016896806067596	32.16795939630311	0.6068813048288615	2.7439824566755173	0.6139594580126185	0.07456718652972208	0.19847051664588952	885.5840248074352	119.0	7.441882561407018	-391.56011680386143
2.0	98.0	220.0	2.52492764292083	0.13075804891500384	18.684412124983247	0.18580782728167336	3.0140967090696114	0.19377475768251962	0.07990986322064128	0.16861549738161388	557.5307236040254	119.0	4.685132131126264	-432.1016486447896
2.0	98.0	220.0	1.3347247804682532	0.12334305493718616	31.68196567613372	0.37275094425974403	3.415485050510773	0.39272558842596483	0.07990986322064128	0.16861549738161388	557.5307236040254	119.0	4.685132131126264	-432.1016486447896
2.0	108.0	220.0	2.451646334158944	0.09397611238181088	19.158551455017882	0.13213797804767877	2.5458413985334953	0.13201157771864144	0.09242098479339439	0.10940157963277088	180.31434356946986	119.0	1.5152465846173937	-536.8399471284864
2.0	108.0	220.0	2.08953079277812	0.07229327840819008	30.88012850039039	0.2047230211626825	4.489738465316038	0.22707999365255865	0.09242098479339439	0.10940157963277088	180.31434356946986	119.0	1.5152465846173937	-536.8399471284864
4.0	118.0	220.0	1.6533832321666193	0.07831416316019126	19.25806255205805	0.1107751036269328	2.079298355011194	0.1222545814183141	0.06297345890209577	0.07040336704221696	163.3020060213567	113.0	1.4451504957642187	-631.0638245119866
4.0	118.0	220.0	2.197098359697393	0.04271571851088714	30.868421412156593	0.16674856785652634	5.9551544925007365	0.19325905693093634	0.06297345890209577	0.07040336704221696	163.3020060213567	113.0	1.4451504957642187	-631.0638245119866
4.0	118.0	220.0	0.8996457915578594	0.05677058438297475	50.9417911718341	0.22372713333772815	3.0144935864128684	0.22644406883263357	0.06297345890209577	0.07040336704221696	163.3020060213567	113.0	1.4451504957642187	-631.0638245119866
4.0	118.0	220.0	0.28992048154434336	0.03969358987922125	80.94487736654705	0.9731090122748216	6.159051614246629	0.9731378228216393	0.06297345890209577	0.07040336704221696	163.3020060213567	113.0	1.4451504957642187	-631.0638245119866
2.0	128.0	220.0	1.62701462509995	0.04575545424444053	29.709139774440047	0.37627688304514917	8.570612042568065	0.4026754292879365	0.07273630129328774	0.09065215423141458	223.436447158945	119.0	1.8776172030163445	-569.9151474070816
2.0	128.0	220.0	1.0461863362382826	0.05664015836058641	51.61518168848101	0.46995495723139064	5.656113796545524	0.44957136731286984	0.07273630129328774	0.09065215423141458	223.436447158945	119.0	1.8776172030163445	-569.9151474070816
3.0	138.0	220.0	2.15855484041908	0.06452335447990704	24.06028602649937	0.22094284716228724	4.732585320304876	0.20899071214708773	0.06641916516775728	0.09829986562525588	274.20498570133566	116.0	2.363836083632204	-560.1819140866988
3.0	138.0	220.0	1.7518229750179504	0.0557236992860716	44.156754136713666	0.41141356880682645	7.6079791213167205	0.6700531238979808	0.06641916516775728	0.09829986562525588	274.20498570133566	116.0	2.363836083632204	-560.1819140866988
3.0	138.0	220.0	0.8089209819206995	0.13117369915460725	57.06132447218286	0.35439670638852666	2.646707024642538	0.47064717995023453	0.06641916516775728	0.09829986562525588	274.20498570133566	116.0	2.363836083632204	-560.1819140866988
3.0	148.0	220.0	3.5755690569861245	0.06644059793317326	21.66250068295954	0.13099920805370058	5.273294771200803	0.13711692905029202	0.0755284494668617	0.10820769660534536	275.3558145593844	116.0	2.3737570220636584	-527.5274531070612
3.0	148.0	220.0	2.643271636707309	0.0653088415832699	43.504801699266054	0.2496398314198206	6.550840403345137	0.3427649048928198	0.0755284494668617	0.10820769660534536	275.3558145593844	116.0	2.3737570220636584	-527.5274531070612
3.0	148.0	220.0	1.5871321580608564	0.11713322783744014	56.475682724017005	0.2276345559922135	2.740412036627909	0.24219749207149727	0.0755284494668617	0.10820769660534536	275.3558145593844	116.0	2.3737570220636584	-527.5274531070612
3.0	158.0	220.0	4.026623677035154	0.059566598392243826	18.8169729947532	0.11456195188440763	5.274654959852559	0.1121166396603967	0.10267404100448059	0.08923373787231711	116.09260929317794	116.0	1.000798355975672	-558.7244610234201
3.0	158.0	220.0	2.074588770728672	0.05125864029914924	42.68612582736809	0.3792011179725809	8.738965254716598	0.55865349967608	0.10267404100448059	0.08923373787231711	116.09260929317794	116.0	1.000798355975672	-558.7244610234201
3.0	158.0	220.0	1.8202892530270858	0.12133193003210303	57.25541670228946	0.16539672775995973	2.9795949000695843	0.22069051462693626	0.10267404100448059	0.08923373787231711	116.09260929317794	116.0	1.000798355975672	-558.7244610234201
3.0	168.0	220.0	2.7413912113604297	0.09812384654619416	16.228254309513567	0.11575926040596042	4.1887074038851555	0.1691681936052309	0.08722197321777796	0.08695038181297364	142.69873406091375	116.0	1.2301615005251185	-573.7067914745735
3.0	168.0	220.0	0.9958001584344458	0.036058386514581015	37.490793856096616	1.2865320574917352	14.559130587860187	1.8670867727645535	0.08722197321777796	0.08695038181297364	142.69873406091375	116.0	1.2301615005251185	-573.7067914745735
3.0	168.0	220.0	1.4841987697740648	0.10804407386304953	60.09312046769729	0.2575653106408862	5.260225512702849	0.3775136060841208	0.08722197321777796	0.08695038181297364	142.69873406091375	116.0	1.2301615005251185	-573.7067914745735
3.0	178.0	220.0	1.1404662877829765	0.06835602314788004	14.096892543849346	0.29273696683024886	4.028690060858085	0.297767640070746	0.07366772142071439	0.09536235029917277	237.45321406909574	116.0	2.0470104661128943	-552.275310513711
3.0	178.0	220.0	0.5624817942768491	0.051663357381828166	37.3804686202404	0.8305503123664526	7.6678457532056985	0.9693614076852748	0.07366772142071439	0.09536235029917277	237.45321406909574	116.0	2.0470104661128943	-552.275310513711
3.0	178.0	220.0	2.787655853827742	0.06144581024831076	62.056848349514205	0.1356444164000669	5.007956016432558	0.1396017697306065	0.07366772142071439	0.09536235029917277	237.45321406909574	116.0	2.0470104661128943	-552.275310513711
1.0	188.0	220.0	3.057521076348587	0.08096719878771048	62.33112919315957	0.15092013165228432	4.93595885321196	0.15092031839452372	0.09781115497646632	0.12624714139653317	243.78344246233698	122.0	1.9982249382158768	-491.6833419691205
1.0	198.0	220.0	2.4761125743347376	0.10763245853410952	62.932986228136706	0.24273028581581038	4.835614064921989	0.24273000192941582	0.0742110397006179	0.1742797311705477	733.2206547101507	122.0	6.010005366476645	-423.068970599396
2.0	208.0	220.0	-0.6544936366006873	0.07535865883195983	19.775944908667725	0.7454968914182952	5.6057803430458115	0.7454943368364155	0.05944911849989866	0.13365229595040137	633.4131432280416	119.0	5.322799522924719	-490.0956131205118
2.0	208.0	220.0	2.557832680842709	0.08255096488353177	64.10156799403231	0.1741218786090501	4.672302680951955	0.17412185596905863	0.05944911849989866	0.13365229595040137	633.4131432280416	119.0	5.322799522924719	-490.0956131205118
3.0	218.0	220.0	0.3305000338555029	0.10107242675113125	29.719917883368495	0.6895632687473244	1.9413890166882295	0.6834922586499274	0.06945594684054365	0.10412115894367326	283.9014914427115	116.0	2.447426650368203	-544.6612316107646
3.0	218.0	220.0	0.7637931970690706	0.0699259618489267	49.34705912205145	0.46647103207120477	4.214708959500291	0.4971635415719093	0.06945594684054365	0.10412115894367326	283.9014914427115	116.0	2.447426650368203	-544.6612316107646
3.0	218.0	220.0	2.9244445711218567	0.07227100633869897	65.02571468768942	0.1178324567009482	3.9159349432783417	0.12443613715331467	0.06945594684054365	0.10412115894367326	283.9014914427115	116.0	2.447426650368203	-544.6612316107646
2.0	368.0	220.0	2.8304755771557333	0.1875370622849577	48.070154548362886	0.09976966214478498	1.9383021891662788	0.1428558713880731	0.09123115708454876	0.1223086499748114	234.01045086361924	119.0	1.9664743770052038	-507.49633212134097
2.0	368.0	220.0	1.9361937380240357	0.06980133081971326	56.43458417856976	0.5154383503632846	6.314374844960432	0.4307065115349135	0.09123115708454876	0.1223086499748114	234.01045086361924	119.0	1.9664743770052038	-507.49633212134097
2.0	378.0	220.0	4.172252777945132	0.1608799079735503	47.41085054441817	0.05926241680971645	1.8835983577245772	0.08557954825574142	0.08523247705935132	0.11108941320195229	213.99283671227323	119.0	1.7982591320359096	-535.6777180210055
2.0	378.0	220.0	2.187659406094443	0.0611064862185132	56.0513451930627	0.3900952494006105	6.377801717401798	0.33693862491579557	0.08523247705935132	0.11108941320195229	213.99283671227323	119.0	1.7982591320359096	-535.6777180210055
2.0	388.0	220.0	4.517690030907176	0.16557431457319421	47.5448645622169	0.06435092574585712	2.1691862110818225	0.09232231149960582	0.07916366517848618	0.11996862651493741	291.91269282068566	119.0	2.453047838829291	-515.3299723170229
2.0	388.0	220.0	1.9647826909705124	0.06702306505353332	56.19254969227995	0.5270409295881889	7.368252432375899	0.3950596025893614	0.07916366517848618	0.11996862651493741	291.91269282068566	119.0	2.453047838829291	-515.3299723170229
3.0	398.0	220.0	4.362208879172748	0.49619105773858024	48.548759211921556	0.12740711961511328	3.2192362593930017	0.23184557200687742	0.07164676059065578	0.12993137649093947	428.95088996050436	116.0	3.69785249965952	-485.3080295028946
3.0	398.0	220.0	1.392738084927076	0.1001705358774418	58.26519335797719	2.021935558573901	6.933072631962058	2.0357662186975873	0.07164676059065578	0.12993137649093947	428.95088996050436	116.0	3.69785249965952	-485.3080295028946
3.0	398.0	220.0	0.3801585075691112	0.13747193773643834	73.94393656581543	1.2639232586705726	3.0074283063205405	1.280044529060475	0.07164676059065578	0.12993137649093947	428.95088996050436	116.0	3.69785249965952	-485.3080295028946
5.0	408.0	220.0	4.967702194725425	0.07243106800864522	49.69498523031371	0.09097407147915934	3.672796804206782	0.08919738951653725	0.07504151170375672	0.09883447128052836	216.9341824225309	110.0	1.9721289311139174	-544.1147546426768
5.0	408.0	220.0	1.2524377067192185	0.07360314347500112	62.39326254071024	0.36216119877069536	4.213806660776429	0.551786972680758	0.07504151170375672	0.09883447128052836	216.9341824225309	110.0	1.9721289311139174	-544.1147546426768
5.0	408.0	220.0	0.46572060101820983	0.10028840587472213	72.58336624672503	0.636526743681672	2.149522767007272	0.6253339271951438	0.07504151170375672	0.09883447128052836	216.9341824225309	110.0	1.9721289311139174	-544.1147546426768
5.0	408.0	220.0	0.4291831020709399	0.08394652202750223	96.12663453494805	0.6023549577615788	2.6679946358581486	0.602356264422325	0.07504151170375672	0.09883447128052836	216.9341824225309	110.0	1.9721289311139174	-544.1147546426768
5.0	408.0	220.0	0.26112210339712966	0.10043066970871103	112.80328821836768	0.8314834463433812	1.88853045263237	0.845818419731479	0.07504151170375672	0.09883447128052836	216.9341824225309	110.0	1.9721289311139174	-544.1147546426768
3.0	418.0	220.0	4.907216908962565	0.10723844293748917	49.12065129287251	0.10625399568904334	3.9156542055982273	0.11393561013642335	0.0849527490611966	0.15174918163460813	413.54614759256464	116.0	3.5650529964876263	-447.2928785557325
3.0	418.0	220.0	1.4914524843269423	0.10988131304208373	63.290519620687235	0.3410203931067279	3.7014424683519254	0.36234267275548937	0.0849527490611966	0.15174918163460813	413.54614759256464	116.0	3.5650529964876263	-447.2928785557325
3.0	418.0	220.0	0.49994156953761126	0.12879529247622926	96.43841945207537	0.7809398403181418	2.6252110821019974	0.7809363021320908	0.0849527490611966	0.15174918163460813	413.54614759256464	116.0	3.5650529964876263	-447.2928785557325
3.0	428.0	220.0	4.360605147091336	0.09795099589796973	47.901694125416704	0.12987849070564877	4.9906984085501245	0.1347919086265637	0.07956499004858819	0.16025442277772733	507.8435016893051	116.0	4.377961221459527	-437.9976097977664
3.0	428.0	220.0	1.8612184704179608	0.13069446221795006	64.47374842219415	0.22782237780346523	2.753000131197814	0.23104885951363283	0.07956499004858819	0.16025442277772733	507.8435016893051	116.0	4.377961221459527	-437.9976097977664
3.0	428.0	220.0	0.3450695138376225	0.14197985803636265	96.28402506553876	1.1054976018254847	2.326510155950664	1.105134877511145	0.07956499004858819	0.16025442277772733	507.8435016893051	116.0	4.377961221459527	-437.9976097977664
4.0	438.0	220.0	3.1654555934509476	0.13067904988354678	43.11813088755473	0.2402092602740785	2.647826653592677	0.1814712929264161	0.07683728579823935	0.09509769060213426	269.0851422754052	113.0	2.38128444491509	-518.8913385517546
4.0	438.0	220.0	3.881451621252128	0.10841787558136383	50.30028477936188	0.2122107889955776	2.9166687491347516	0.16817600671910746	0.07683728579823935	0.09509769060213426	269.0851422754052	113.0	2.38128444491509	-518.8913385517546
4.0	438.0	220.0	2.706611227444777	0.09198770718366246	65.64924496287512	0.11054565854447049	2.816949362450058	0.11089659603026705	0.07683728579823935	0.09509769060213426	269.0851422754052	113.0	2.38128444491509	-518.8913385517546
4.0	438.0	220.0	0.25469323973835706	0.06110662724354739	182.6371688770413	1.7663229611468583	6.380385180434223	1.7689279951172172	0.07683728579823935	0.09509769060213426	269.0851422754052	113.0	2.38128444491509	-518.8913385517546
3.0	448.0	220.0	3.572969448685334	0.09305035754241672	48.07841426923128	0.1459394488948106	4.854733225008375	0.14785564882138585	0.07534963383048686	0.13392341693408186	503.7169666933005	116.0	4.342387643907763	-452.62623610882594
3.0	448.0	220.0	3.562959848803074	0.11761642792357552	66.76425427069381	0.11577490388146712	3.024346114754053	0.11665236199875034	0.07534963383048686	0.13392341693408186	503.7169666933005	116.0	4.342387643907763	-452.62623610882594
3.0	448.0	220.0	0.2628077595486058	0.07204320638176841	182.0464496272599	2.5621842521939655	8.107723800584745	2.5977847329915527	0.07534963383048686	0.13392341693408186	503.7169666933005	116.0	4.342387643907763	-452.62623610882594
4.0	458.0	220.0	3.911910738142799	0.07438810130737239	48.88756309231893	0.09395839953306032	4.266792051353378	0.09441393836500016	0.07024132605939036	0.11173342422502694	318.7147481190892	113.0	2.820484496629108	-520.1710535634725
4.0	458.0	220.0	3.30780854022945	0.1160414668093892	67.41349567255561	0.10275392206235456	2.957879034337456	0.12280512441171257	0.07024132605939036	0.11173342422502694	318.7147481190892	113.0	2.820484496629108	-520.1710535634725
4.0	458.0	220.0	0.4811391992287032	0.053935977683933156	82.59675674958348	1.7268844594542145	8.783078679487852	1.8120985614813148	0.07024132605939036	0.11173342422502694	318.7147481190892	113.0	2.820484496629108	-520.1710535634725
4.0	458.0	220.0	0.21970007545769926	0.05508198869008046	183.8882020800061	2.276329770663595	7.8680284205396696	2.3301854111202736	0.07024132605939036	0.11173342422502694	318.7147481190892	113.0	2.820484496629108	-520.1710535634725
5.0	468.0	220.0	4.027639039010517	0.09280715720491435	49.402365613811035	0.11318556293165168	4.251123292220701	0.11367438857562531	0.06479009899085748	0.1377806997310483	565.5112945055268	110.0	5.141011768232063	-461.0698841056177
5.0	468.0	220.0	2.4169546594583498	0.1262115844020204	67.41001719025158	0.16238569705795414	2.768765357979696	0.178947435442789	0.06479009899085748	0.1377806997310483	565.5112945055268	110.0	5.141011768232063	-461.0698841056177
5.0	468.0	220.0	0.533340427192248	0.06564908501917477	85.26630723348791	1.5417726576552326	9.208450873923976	1.7231498068460507	0.06479009899085748	0.1377806997310483	565.5112945055268	110.0	5.141011768232063	-461.0698841056177
5.0	468.0	220.0	0.12323512637614446	0.07564718187390068	152.27538788154342	4.5247916793504235	6.388150708020856	4.527883699783355	0.06479009899085748	0.1377806997310483	565.5112945055268	110.0	5.141011768232063	-461.0698841056177
5.0	468.0	220.0	0.26533692145180754	0.08805146553183604	183.5116194488618	1.8058758120823768	4.712444915708221	1.8068879216345992	0.06479009899085748	0.1377806997310483	565.5112945055268	110.0	5.141011768232063	-461.0698841056177
5.0	478.0	220.0	4.14004005481311	0.17737367390236705	47.2243908248295	0.06255328817417102	2.0239557802802284	0.07324180817183307	0.07490379978402367	0.07242103877830688	118.36960719704575	110.0	1.0760873381549614	-620.296712826365
5.0	478.0	220.0	2.7209584149996666	0.053584970937015565	54.29324880389941	0.26564697765943407	4.304096509885414	0.2574936871124528	0.07490379978402367	0.07242103877830688	118.36960719704575	110.0	1.0760873381549614	-620.296712826365
5.0	478.0	220.0	1.3745943110082255	0.06466884362803847	67.67358342510805	0.1484622194139073	2.4512521097207096	0.15229030692921453	0.07490379978402367	0.07242103877830688	118.36960719704575	110.0	1.0760873381549614	-620.296712826365
5.0	478.0	220.0	0.6285867071072728	0.04177981766102825	88.55509092164559	0.45084363697636526	5.87839001682762	0.45406698787376515	0.07490379978402367	0.07242103877830688	118.36960719704575	110.0	1.0760873381549614	-620.296712826365
5.0	478.0	220.0	0.3108809351744984	0.057170182324847385	182.76514621247458	0.6638888692450127	3.126699279405278	0.663890602515184	0.07490379978402367	0.07242103877830688	118.36960719704575	110.0	1.0760873381549614	-620.296712826365
5.0	488.0	220.0	4.988056839467277	0.07451679927107804	47.39549042255269	0.05109651957565758	2.3074657116494435	0.051015727846155316	0.0703598224834667	0.0807814201008362	165.69378921738962	110.0	1.506307174703542	-593.9010877560198
5.0	488.0	220.0	4.07984891879632	0.06668939027509714	56.37427391125101	0.07082729879132096	3.14458227426473	0.08468303316556142	0.0703598224834667	0.0807814201008362	165.69378921738962	110.0	1.506307174703542	-593.9010877560198
5.0	488.0	220.0	0.5453712197872027	0.07380727174801521	67.73690787590184	0.37984417618372496	2.3427418837821645	0.39315026582699136	0.0703598224834667	0.0807814201008362	165.69378921738962	110.0	1.506307174703542	-593.9010877560198
5.0	488.0	220.0	0.5979248809343334	0.05708284814236589	89.09700264969491	0.42699891017177116	3.873462495611345	0.42700025905448324	0.0703598224834667	0.0807814201008362	165.69378921738962	110.0	1.506307174703542	-593.9010877560198
5.0	488.0	220.0	0.23009320269342523	0.0412636614662895	183.9755342928574	1.5486690968180798	7.485738773218895	1.575317359897057	0.0703598224834667	0.0807814201008362	165.69378921738962	110.0	1.506307174703542	-593.9010877560198
3.0	498.0	220.0	3.972781713261701	0.12581802886772733	47.21840476320963	0.10505929314550856	2.3195580619985705	0.10076072219281715	0.10051029919255039	0.1204971514879112	210.3597192420931	116.0	1.8134458555352853	-489.74539231470857
3.0	498.0	220.0	4.876688145258035	0.09027001065193922	56.80635481364078	0.11981304048396121	4.099064963440568	0.12866381816157937	0.10051029919255039	0.1204971514879112	210.3597192420931	116.0	1.8134458555352853	-489.74539231470857
3.0	498.0	220.0	0.29419913043422163	0.0564709805581951	183.99706467173428	2.3019864949784385	10.180581299634177	2.4874524259032698	0.10051029919255039	0.1204971514879112	210.3597192420931	116.0	1.8134458555352853	-489.74539231470857
4.0	508.0	220.0	4.828673401470744	0.10158029155874478	54.76755393397749	0.1528354974164918	6.123875844831084	0.16597457286130268	0.07229769194239692	0.17846773113309997	769.1299414844783	113.0	6.806459659154675	-402.83678006258054
4.0	508.0	220.0	0.9473680157199762	0.16335271734286747	70.30642395085377	0.4766929716890114	2.2915890378559336	0.4847206478127695	0.07229769194239692	0.17846773113309997	769.1299414844783	113.0	6.806459659154675	-402.83678006258054
4.0	508.0	220.0	0.3521643126586631	0.1696803287182691	87.33906344850898	1.1647069575364024	2.0925535623084692	1.1669890209357972	0.07229769194239692	0.17846773113309997	769.1299414844783	113.0	6.806459659154675	-402.83678006258054
4.0	508.0	220.0	0.2755934529055587	0.10501689187355412	185.8866071341262	2.405014068287241	5.468209080347194	2.4108920987372415	0.07229769194239692	0.17846773113309997	769.1299414844783	113.0	6.806459659154675	-402.83678006258054
4.0	518.0	220.0	4.975083673798479	0.08296317235875539	53.81258656629576	0.09571959221159992	4.947068907656067	0.09946935203051706	0.07297857285984777	0.13133558367570602	417.99251961393196	113.0	3.699048846140991	-476.7179116359851
4.0	518.0	220.0	0.8898584821560878	0.10285266669553543	71.1633908021969	0.4331748597413142	3.1838670691950384	0.4456213942778098	0.07297857285984777	0.13133558367570602	417.99251961393196	113.0	3.699048846140991	-476.7179116359851
4.0	518.0	220.0	0.3878030670765622	0.10824555177191177	85.88319627733722	0.9219129058574835	2.8546089546475644	0.9289720804409735	0.07297857285984777	0.13133558367570602	417.99251961393196	113.0	3.699048846140991	-476.7179116359851
4.0	518.0	220.0	0.24704731437053887	0.07711942089491937	186.75258102070003	2.0266786362507903	5.630883761982905	2.0400546004187365	0.07297857285984777	0.13133558367570602	417.99251961393196	113.0	3.699048846140991	-476.7179116359851
3.0	528.0	220.0	5.203715758347543	0.08755318000573757	53.46801259137764	0.08707252514056057	4.447526171008663	0.08866224141479383	0.07621509496315701	0.13296094565789707	399.1864818457867	116.0	3.4412627745326443	-478.8443494971417
3.0	528.0	220.0	0.41017980509708457	0.07813459220995829	75.95299760704658	1.2381372406702944	5.610849370648739	1.2685007106563653	0.07621509496315701	0.13296094565789707	399.1864818457867	116.0	3.4412627745326443	-478.8443494971417
3.0	528.0	220.0	0.1796856730654113	0.07601303150636017	186.28567655550674	2.870366663938111	5.880997304221217	2.891738315772925	0.07621509496315701	0.13296094565789707	399.1864818457867	116.0	3.4412627745326443	-478.8443494971417
2.0	538.0	220.0	4.986878772372347	0.5481710592447084	53.22056694189494	0.14433093850247078	3.953943368155289	0.25863942040235177	0.0779317959417955	0.15210487955092744	485.99690790470544	119.0	4.084007629451306	-455.53238151684354
2.0	538.0	220.0	0.9972906225622231	0.1964470259825387	63.07244922537625	4.075278816791044	7.917463524172989	2.309077091836565	0.0779317959417955	0.15210487955092744	485.99690790470544	119.0	4.084007629451306	-455.53238151684354
2.0	548.0	220.0	5.033234115130752	0.1444442401444837	55.919845201162836	0.20041738170873785	6.048425766557059	0.20041754298292652	0.07565222885212773	0.26560892824686905	1550.173739392352	119.0	13.026670078927328	-317.96416018490106
2.0	548.0	220.0	0.2247276813419447	0.17460897322489252	189.4217852695363	3.7165625995983746	4.143802884828122	3.723891773956699	0.07565222885212773	0.26560892824686905	1550.173739392352	119.0	13.026670078927328	-317.96416018490106
3.0	558.0	220.0	3.955956194791033	0.24533852041948864	53.2569276209762	0.1670301482674171	3.2219398591520934	0.14424179748334862	0.08342170286219845	0.10391922060771859	194.0541442136833	116.0	1.6728805535662352	-546.4185423466139
3.0	558.0	220.0	3.5544109894717466	0.06793203267598297	63.88046219558369	0.3424743506822229	5.812344635251663	0.48934592145332245	0.08342170286219845	0.10391922060771859	194.0541442136833	116.0	1.6728805535662352	-546.4185423466139
3.0	558.0	220.0	0.5609088942497826	0.11515815108161469	77.02324254435536	0.6848953360888366	2.6978459347301533	0.6713690596928831	0.08342170286219845	0.10391922060771859	194.0541442136833	116.0	1.6728805535662352	-546.4185423466139
2.0	568.0	220.0	2.885030554782487	0.10266382221553044	53.85184720231159	0.15119051943688416	3.1610768062056875	0.14692293350396352	0.06831334562725125	0.11942170426948365	384.3036130376808	119.0	3.2294421263670654	-517.8107739430278
2.0	568.0	220.0	3.1367884849887373	0.06716815079637349	67.28440779846525	0.2134368819807196	6.11371185419323	0.2278498654895701	0.06831334562725125	0.11942170426948365	384.3036130376808	119.0	3.2294421263670654	-517.8107739430278
3.0	578.0	220.0	2.4753602136482336	0.08527733745625286	55.090011879136945	0.17328091322220168	3.5948758174755024	0.1749752507833086	0.07068472093800021	0.11774737091623659	355.26922150291085	116.0	3.0626657026113007	-512.2459758697236
3.0	578.0	220.0	1.9480972991130046	0.073016308458173	69.84668811271627	0.2597725605259075	5.159498378186282	0.2854274265121343	0.07068472093800021	0.11774737091623659	355.26922150291085	116.0	3.0626657026113007	-512.2459758697236
3.0	578.0	220.0	0.3510064756498461	0.12251552844784463	101.86408017302378	0.6821719420168595	1.5845192192173685	0.6110288413064751	0.07068472093800021	0.11774737091623659	355.26922150291085	116.0	3.0626657026113007	-512.2459758697236
3.0	588.0	220.0	0.7689658793540385	0.10714752973913252	44.449284436044145	0.424623552918701	2.389838568559722	0.4339830763667931	0.0854662086667204	0.11293562599649613	256.6805601730374	116.0	2.212763449767564	-505.4035057220723
3.0	588.0	220.0	2.4914565350675666	0.08760888281821172	56.1864123174052	0.17749934925524874	3.9132666754895613	0.2195023336493464	0.0854662086667204	0.11293562599649613	256.6805601730374	116.0	2.212763449767564	-505.4035057220723
3.0	588.0	220.0	1.032468798199836	0.08236018163140925	70.69248492743404	0.4383848697527281	4.189979632256756	0.4725739978150995	0.0854662086667204	0.11293562599649613	256.6805601730374	116.0	2.212763449767564	-505.4035057220723
3.0	598.0	220.0	1.1538330398556786	0.09585826756658776	44.57904637822941	0.2586458985416314	2.4597381245953	0.26548415401999576	0.08288354504859939	0.10643496050484093	224.57324581347032	116.0	1.9359762570126753	-529.7784423072401
3.0	598.0	220.0	3.0423644538018366	0.11312151427381145	56.70430717007154	0.21197420586758264	3.8827202167912276	0.20588482322654839	0.08288354504859939	0.10643496050484093	224.57324581347032	116.0	1.9359762570126753	-529.7784423072401
3.0	598.0	220.0	0.5933208126614732	0.06442917419532633	69.54976628180526	1.65358806237751	6.022108642094821	1.4743884360670443	0.08288354504859939	0.10643496050484093	224.57324581347032	116.0	1.9359762570126753	-529.7784423072401
2.0	608.0	220.0	2.645317021918454	0.08742514879193775	56.71733762576799	0.25212599407416947	6.120921164661637	0.26197169853791047	0.10973960455572021	0.15992875177871543	270.238632502483	119.0	2.2709128781721257	-443.32541636938805
2.0	608.0	220.0	0.48299313602350047	0.07664688305641475	83.7673934832765	1.5788692149061885	8.21685784832519	1.7075377733360297	0.10973960455572021	0.15992875177871543	270.238632502483	119.0	2.2709128781721257	-443.32541636938805
4.0	648.0	220.0	0.7003275649194874	0.08346583901733215	44.026033153199826	0.37731407312202847	2.615119237679191	0.3844059003813823	0.0638230386987788	0.09743748552080429	298.198494129583	113.0	2.6389247268104694	-552.4438452417232
4.0	648.0	220.0	1.7315558322892985	0.06339174027750984	58.49447083756302	0.2014783264812772	4.690993313448639	0.21468507596625105	0.0638230386987788	0.09743748552080429	298.198494129583	113.0	2.6389247268104694	-552.4438452417232
4.0	648.0	220.0	0.3425131961458958	0.0772832755518364	84.95942203490982	0.793661783269748	3.046195240218264	0.79366404325158	0.0638230386987788	0.09743748552080429	298.198494129583	113.0	2.6389247268104694	-552.4438452417232
4.0	648.0	220.0	2.0404645269731416	0.09306969382609472	111.15863464652996	0.11073078931393657	2.105762962086391	0.11110729607701834	0.0638230386987788	0.09743748552080429	298.198494129583	113.0	2.6389247268104694	-552.4438452417232
4.0	658.0	220.0	0.5451307809162959	0.0759355134460496	44.097713805019254	0.4120046262327482	2.5575253466618557	0.41419469249589014	0.07241802597762949	0.08864086509609902	187.31854373898832	113.0	1.6576862277786577	-578.977184862179
4.0	658.0	220.0	1.6383295049530788	0.06429583785948877	59.23036385889929	0.16191283639477175	3.5741645865891822	0.16312018186348778	0.07241802597762949	0.08864086509609902	187.31854373898832	113.0	1.6576862277786577	-578.977184862179
4.0	658.0	220.0	0.3580358907237696	0.05498316842473352	86.19968443314495	0.8630690824285951	4.867620176812194	0.8630963575322529	0.07241802597762949	0.08864086509609902	187.31854373898832	113.0	1.6576862277786577	-578.977184862179
4.0	658.0	220.0	3.2439279246636867	0.07827828295347847	111.01190040236187	0.06691614222288761	2.401806219271568	0.06693298750350697	0.07241802597762949	0.08864086509609902	187.31854373898832	113.0	1.6576862277786577	-578.977184862179
4.0	668.0	220.0	0.5000707719338506	0.13251162206542438	45.4604227429261	0.4392236907047224	1.4450520966328	0.452483567835845	0.07581375676766727	0.11338089560484117	279.57576333402386	113.0	2.47412179941614	-517.463216246261
4.0	668.0	220.0	1.3413357937754975	0.08469746510845007	60.21149991990722	0.24493478190158166	3.3567746456918357	0.24527437924072595	0.07581375676766727	0.11338089560484117	279.57576333402386	113.0	2.47412179941614	-517.463216246261
4.0	668.0	220.0	0.35778567800337974	0.057848952243599205	88.85672695013962	1.3764253921160303	7.35833480342033	1.4332003755213425	0.07581375676766727	0.11338089560484117	279.57576333402386	113.0	2.47412179941614	-517.463216246261
4.0	668.0	220.0	2.5698757367874108	0.08629729199223365	111.40279253625994	0.12802620277285706	3.2329197888514978	0.1292409936817658	0.07581375676766727	0.11338089560484117	279.57576333402386	113.0	2.47412179941614	-517.463216246261
3.0	678.0	220.0	0.7987599240818433	0.08962611054432688	60.7890261940878	0.3838627450026871	2.9480093278719655	0.3849409172655718	0.0771815879556875	0.11391838289381798	272.4829635214187	116.0	2.3489910648398165	-523.4255752462775
3.0	678.0	220.0	0.36020312753488126	0.05338535782544013	90.05880832203567	1.6605794836281835	8.962705059215757	1.872595989748152	0.0771815879556875	0.11391838289381798	272.4829635214187	116.0	2.3489910648398165	-523.4255752462775
3.0	678.0	220.0	1.9002763075279756	0.07867552882614996	112.01711286067818	0.20819540064742398	3.9810413217910856	0.21100598588248762	0.0771815879556875	0.11391838289381798	272.4829635214187	116.0	2.3489910648398165	-523.4255752462775
3.0	8.0	230.0	3.6577873875168554	0.143359926476967	21.649739518414385	0.21737148218973612	4.8015695618141665	0.2192696730757155	0.221089823066415	0.21898657357763832	137.7280727550629	116.0	1.1873109720264043	-345.6103982385956
3.0	8.0	230.0	1.6052483265519586	0.15652890363210858	45.259999109612046	1.1304034443155668	4.582685475833273	0.9882208291221046	0.221089823066415	0.21898657357763832	137.7280727550629	116.0	1.1873109720264043	-345.6103982385956
3.0	8.0	230.0	1.1797396017761135	0.22237633230970513	56.07843202998043	1.2753319864501198	3.596026516912999	1.0075900577579104	0.221089823066415	0.21898657357763832	137.7280727550629	116.0	1.1873109720264043	-345.6103982385956
3.0	98.0	230.0	1.2933604254314202	0.20528992274129956	19.938954320867662	0.3804386061178517	2.146495293749082	0.3810840370657795	0.08410872537349225	0.1527440226200945	412.24844398537095	116.0	3.5538658964256116	-450.1819682486425
3.0	98.0	230.0	1.0149432762721247	0.10163514926673971	28.424855692536052	0.9341798116990185	4.443841441567018	0.9177811288143934	0.08410872537349225	0.1527440226200945	412.24844398537095	116.0	3.5538658964256116	-450.1819682486425
3.0	98.0	230.0	0.2814689157377733	0.11210978623357581	74.99312847411211	1.5571596170968602	3.385550407485698	1.557157630608838	0.08410872537349225	0.1527440226200945	412.24844398537095	116.0	3.5538658964256116	-450.1819682486425
2.0	108.0	230.0	1.5103823893380108	0.13471614589030262	20.367598072229846	0.3004511216089393	2.360764463842275	0.2891616017858003	0.09435076295554655	0.13883274370032234	291.6753838975633	119.0	2.4510536461980106	-471.55614733479666
2.0	108.0	230.0	1.5501425284793278	0.0976150352946942	30.222559066690504	0.40710883433970385	4.176901340808801	0.4394904193228353	0.09435076295554655	0.13883274370032234	291.6753838975633	119.0	2.4510536461980106	-471.55614733479666
5.0	118.0	230.0	1.5993620694999666	0.09781326566253248	20.045132257500732	0.1670272054248282	2.1992995766101693	0.16931134084295146	0.07090084532703561	0.08981778583336608	203.6714567806628	110.0	1.8515586980060255	-566.1902544139527
5.0	118.0	230.0	2.0305142669349516	0.059410895778371144	30.20730520209922	0.22325546520312586	4.854930768306983	0.24206809506603497	0.07090084532703561	0.08981778583336608	203.6714567806628	110.0	1.8515586980060255	-566.1902544139527
5.0	118.0	230.0	0.8690934095419883	0.06769050435874611	53.35808299513267	0.30942642162512035	3.440875801274453	0.3098387418221945	0.07090084532703561	0.08981778583336608	203.6714567806628	110.0	1.8515586980060255	-566.1902544139527
5.0	118.0	230.0	0.35309682790918745	0.0954734316117375	72.73212794930767	1.985578180372175	3.0281904884546575	1.5063947730086085	0.07090084532703561	0.08981778583336608	203.6714567806628	110.0	1.8515586980060255	-566.1902544139527
5.0	118.0	230.0	0.3197511715727754	0.09504259248635992	80.50525272280099	2.197076856717509	3.0355711553893325	1.6682430907897687	0.07090084532703561	0.08981778583336608	203.6714567806628	110.0	1.8515586980060255	-566.1902544139527
4.0	138.0	230.0	3.114231135647111	0.05203555791774304	22.666785437981137	0.09983578631593222	4.292875553585678	0.100048204329115	0.06633980915168698	0.07811544337628532	173.33514548819923	113.0	1.533939340603533	-610.5914112501547
4.0	138.0	230.0	1.4234752855115453	0.04359583661311213	44.27653595214667	0.6862461790268317	7.45532173559355	0.7449848304333503	0.06633980915168698	0.07811544337628532	173.33514548819923	113.0	1.533939340603533	-610.5914112501547
4.0	138.0	230.0	1.1403715281000735	0.14106716127729252	57.040388867888936	0.35152625966603057	3.66688470950515	0.3870837823678274	0.06633980915168698	0.07811544337628532	173.33514548819923	113.0	1.533939340603533	-610.5914112501547
4.0	138.0	230.0	0.2895093759931311	0.050279878881761476	73.97404734455091	0.9526601026002292	4.667779101061283	1.0084612004080364	0.06633980915168698	0.07811544337628532	173.33514548819923	113.0	1.533939340603533	-610.5914112501547
3.0	148.0	230.0	4.191712454578539	0.07053034150525335	21.113402543598276	0.08749577785093086	4.357074392531977	0.09046419810065266	0.0748541310786279	0.10779371677599023	262.1328522541634	116.0	2.2597659677083053	-535.9210637089108
3.0	148.0	230.0	2.5638432575445003	0.06361560912293478	43.03404336006155	0.25475806245104377	5.985184075442145	0.29046696911686687	0.0748541310786279	0.10779371677599023	262.1328522541634	116.0	2.2597659677083053	-535.9210637089108
3.0	148.0	230.0	1.3253169592255043	0.1029584511734364	55.75259384190195	0.3129920048840049	3.080474191506722	0.30143650584158915	0.0748541310786279	0.10779371677599023	262.1328522541634	116.0	2.2597659677083053	-535.9210637089108
4.0	158.0	230.0	4.076194911187515	0.06787145307281664	19.018473837876265	0.09610059452887616	4.681109416076119	0.09934593815602362	0.07134241052802695	0.10674142644889531	280.72231704015894	113.0	2.4842682923907873	-532.1488323148633
4.0	158.0	230.0	2.7735198603582156	0.05972387403189535	42.538072938895795	0.2448456687143082	7.021597141262996	0.29920128198849294	0.07134241052802695	0.10674142644889531	280.72231704015894	113.0	2.4842682923907873	-532.1488323148633
4.0	158.0	230.0	1.6205487439751054	0.10829906846319318	56.322310869244674	0.2242412491208895	2.967288550176765	0.23779636113984784	0.07134241052802695	0.10674142644889531	280.72231704015894	113.0	2.4842682923907873	-532.1488323148633
4.0	158.0	230.0	0.36047828434243706	0.08550838329756791	75.76725851676161	0.8017347591086645	2.927031941516628	0.8017556175651793	0.07134241052802695	0.10674142644889531	280.72231704015894	113.0	2.4842682923907873	-532.1488323148633
4.0	168.0	230.0	2.309379773947763	0.0469819908352925	16.905855105703537	0.12356527518518208	4.670103509533632	0.1253256561105715	0.060003307645350924	0.07379715675460759	189.89114803654473	113.0	1.6804526374915463	-624.2860252267121
4.0	168.0	230.0	1.6757512822843004	0.037303763704884425	42.62540418898128	0.46155697298605897	8.788083944729728	0.5236289836195542	0.060003307645350924	0.07379715675460759	189.89114803654473	113.0	1.6804526374915463	-624.2860252267121
4.0	168.0	230.0	1.2833484863748905	0.10015848563751004	57.46576679917521	0.2351693986222166	3.686381786339436	0.28899399046387964	0.060003307645350924	0.07379715675460759	189.89114803654473	113.0	1.6804526374915463	-624.2860252267121
4.0	168.0	230.0	0.2461106060798926	0.05010374918078329	73.72741004815883	1.0053049993256813	4.204735982774561	1.0524150476868386	0.060003307645350924	0.07379715675460759	189.89114803654473	113.0	1.6804526374915463	-624.2860252267121
3.0	178.0	230.0	0.6294539525677062	0.060973674404373054	13.671773779421875	0.3378411639652151	3.001592432199108	0.33913763894235444	0.07684988366316414	0.06858865260485691	129.50745041862132	116.0	1.1164435380915632	-617.4820290160502
3.0	178.0	230.0	0.7148057015973721	0.03951472686046101	39.807597324138186	0.6265199827992901	7.670578590195937	0.6880142032378752	0.07684988366316414	0.06858865260485691	129.50745041862132	116.0	1.1164435380915632	-617.4820290160502
3.0	178.0	230.0	1.93786091413813	0.046312401488374386	60.56714060385442	0.19506562023348775	5.375608043746888	0.19069805141188448	0.07684988366316414	0.06858865260485691	129.50745041862132	116.0	1.1164435380915632	-617.4820290160502
2.0	188.0	230.0	0.34397774332883985	0.08926384157328204	41.23913621086358	1.5855602743580453	5.175667560412151	1.6624391475332227	0.074592881079573	0.13976761192820436	509.5263851685228	119.0	4.28173432914725	-460.56969909475634
2.0	188.0	230.0	2.7709320278393528	0.0913760441465799	61.83008175305747	0.19225448208845797	4.9252018783260025	0.20081374787850287	0.074592881079573	0.13976761192820436	509.5263851685228	119.0	4.28173432914725	-460.56969909475634
1.0	198.0	230.0	2.516132818953748	0.13935804579822894	62.38830026383189	0.2955753785016035	4.621191099243089	0.2955748109280443	0.07568881094034888	0.21920188946735705	1129.2735325003503	122.0	9.25634043033074	-364.1542248376965
1.0	208.0	230.0	2.113492399207424	0.12128899973905068	62.64618798083953	0.3482899508588803	5.255348447943308	0.3482893702876391	0.07535567444617434	0.2005903189967266	981.4288407654119	122.0	8.044498694798458	-382.79704056332815
2.0	218.0	230.0	0.6725412919496812	0.08784205920338263	51.14910508478873	1.1109544352960257	4.425966877192166	1.036843324657892	0.06942426574974499	0.13405492284292464	470.84544143658815	119.0	3.9566843818200685	-488.39082196514244
2.0	218.0	230.0	2.3366957508384343	0.08489907625015039	64.54872485427217	0.3294435306560612	4.672458558959718	0.3143761652196029	0.06942426574974499	0.13405492284292464	470.84544143658815	119.0	3.9566843818200685	-488.39082196514244
2.0	368.0	230.0	3.0142557470888915	0.2705635097724623	47.67847790575789	0.11661820158786747	2.2212865464949267	0.189443683409134	0.07235280239940294	0.13607874810124207	442.19052451429457	119.0	3.715886760624324	-485.91002092129224
2.0	368.0	230.0	1.7092967009089368	0.08848383426966794	55.466141549154045	0.8617976871670701	5.892382234200635	0.6449964415546214	0.07235280239940294	0.13607874810124207	442.19052451429457	119.0	3.715886760624324	-485.91002092129224
2.0	378.0	230.0	4.944517099544553	0.23735564887655244	47.16645249275592	0.06816452415334008	2.1346894391473175	0.1077206021046032	0.07886153805757505	0.13533345941211603	382.8798824536109	119.0	3.217478003811856	-482.37759988078284
2.0	378.0	230.0	1.9356715678627785	0.08861121660005611	54.77212098812768	0.6952682656687359	6.257748808985586	0.5003371388596977	0.07886153805757505	0.13533345941211603	382.8798824536109	119.0	3.217478003811856	-482.37759988078284
2.0	388.0	230.0	5.376914136066083	0.24517082109808874	47.547388040799014	0.06913647916752838	2.3816430453430995	0.1104667948937038	0.07662668445403903	0.13675583228625673	432.7884111302848	119.0	3.636877404456175	-474.2487093920391
2.0	388.0	230.0	1.9055383093072575	0.09223830224889958	55.661457331731356	0.7968344241814553	6.77325722970845	0.5553351484927036	0.07662668445403903	0.13675583228625673	432.7884111302848	119.0	3.636877404456175	-474.2487093920391
2.0	398.0	230.0	4.850744675585787	0.4190835114956351	49.18547761524643	0.11339626068402014	3.037198581830906	0.1975910602374085	0.07558524675524321	0.16065814450576976	564.7307511450389	119.0	4.745636564244024	-444.4072597867044
2.0	398.0	230.0	1.6204206589140093	0.13307603888643835	58.06510379420228	1.6790621844384528	6.862475451804817	1.0987957650080615	0.07558524675524321	0.16065814450576976	564.7307511450389	119.0	4.745636564244024	-444.4072597867044
3.0	408.0	230.0	6.197702666272093	0.2116093706067537	50.30789788072659	0.07821183681547957	2.945202861806808	0.09470502314201992	0.07268766439050829	0.13367785490943243	423.06388648208537	116.0	3.6471024696731495	-483.42949660702794
3.0	408.0	230.0	1.5739682279774765	0.073792469958845	61.19877458257502	0.8750775034673511	6.719101031395026	0.7626784897829262	0.07268766439050829	0.13367785490943243	423.06388648208537	116.0	3.6471024696731495	-483.42949660702794
3.0	408.0	230.0	0.761796064171888	0.10238775491657487	94.75610614190991	0.4827491842412541	3.1123019622232464	0.48276336835136036	0.07268766439050829	0.13367785490943243	423.06388648208537	116.0	3.6471024696731495	-483.42949660702794
3.0	418.0	230.0	6.709435065052765	0.0952282226750839	50.28510407521968	0.05138393283599779	2.727135479514523	0.051591679536319504	0.07462058682604185	0.11252358772206185	298.466990421501	116.0	2.5729912967370776	-520.4762937952402
3.0	418.0	230.0	2.050655371569115	0.07242523900481324	63.295713235533334	0.22440737686303652	4.941224902938729	0.24901740039221218	0.07462058682604185	0.11252358772206185	298.466990421501	116.0	2.5729912967370776	-520.4762937952402
3.0	418.0	230.0	1.0307717860955623	0.08427725373929407	94.74799787067825	0.3223044964267261	3.4146437928783255	0.32230651218215434	0.07462058682604185	0.11252358772206185	298.466990421501	116.0	2.5729912967370776	-520.4762937952402
3.0	428.0	230.0	4.965125371340236	0.10876416620458292	50.48028827877192	0.08112237054840288	3.1978824750846595	0.08261525375569834	0.07029142837719843	0.13308094245457636	519.9374733781475	116.0	4.482219598087479	-466.03678386624273
3.0	428.0	230.0	2.8364314968477387	0.1100570138201873	64.87626354618519	0.14034245884754523	3.1215164015718386	0.14285365152531762	0.07029142837719843	0.13308094245457636	519.9374733781475	116.0	4.482219598087479	-466.03678386624273
3.0	428.0	230.0	0.7518288794129965	0.09230864300601478	93.38154623965714	0.6236216562301613	4.3996849931750575	0.6236242573940208	0.07029142837719843	0.13308094245457636	519.9374733781475	116.0	4.482219598087479	-466.03678386624273
