ncomps	x	y	amplitude	err amplitude	shift	err shift	width	err width	rms	residual	chisq	dof	redchisq	aic
5.0	668.0	260.0	0.9265410860211963	0.06614427416157427	50.994143795462804	0.3707097737295803	3.180196520308778	0.3842073079924806	0.09072710441067211	0.08116789439319406	105.42250957766461	110.0	0.9583864507060419	-586.8633080212929
5.0	668.0	260.0	1.3609328119854542	0.07142818606936885	60.1409167042828	0.23269380381564975	2.685868818233747	0.22743797931181478	0.09072710441067211	0.08116789439319406	105.42250957766461	110.0	0.9583864507060419	-586.8633080212929
5.0	668.0	260.0	0.3347468055472577	0.0917425679724908	86.30643140167163	0.5514883195885278	1.7687972996365322	0.5838075578598725	0.09072710441067211	0.08116789439319406	105.42250957766461	110.0	0.9583864507060419	-586.8633080212929
5.0	668.0	260.0	0.514967898521765	0.04779109742295878	101.89966448325012	1.2847470202765439	7.220070622964625	1.6427013762911638	0.09072710441067211	0.08116789439319406	105.42250957766461	110.0	0.9583864507060419	-586.8633080212929
5.0	668.0	260.0	3.8710605078175857	0.10907565431174153	114.61681261522504	0.07326916629845283	2.877295786206159	0.08718435485933206	0.09072710441067211	0.08116789439319406	105.42250957766461	110.0	0.9583864507060419	-586.8633080212929
5.0	678.0	260.0	0.9503767186115547	0.06406463143302973	52.29983680755054	0.32692501944074487	2.871359680463571	0.339208257144117	0.06451714107624208	0.07620177006274546	174.4463835102481	110.0	1.5858762137295281	-609.139452203613
5.0	678.0	260.0	1.2710169470360024	0.07534620418786961	59.85637123066056	0.20836115858894805	2.122235892774607	0.1951226473620576	0.06451714107624208	0.07620177006274546	174.4463835102481	110.0	1.5858762137295281	-609.139452203613
5.0	678.0	260.0	0.22003103071527025	0.07039238208158262	86.6560384462326	0.914450229139498	2.3443499575818074	0.9383811160622765	0.06451714107624208	0.07620177006274546	174.4463835102481	110.0	1.5858762137295281	-609.139452203613
5.0	678.0	260.0	0.7663680930863406	0.0444671499917571	103.7513702179552	1.058373924461445	6.608944129683601	1.0873780458859077	0.06451714107624208	0.07620177006274546	174.4463835102481	110.0	1.5858762137295281	-609.139452203613
5.0	678.0	260.0	2.4540162718415637	0.13913483401307516	114.08702883599635	0.1027086692948739	2.674559742993742	0.1419573379280669	0.06451714107624208	0.07620177006274546	174.4463835102481	110.0	1.5858762137295281	-609.139452203613
5.0	688.0	260.0	0.8504157586682021	0.07401922531033579	52.40003293208732	0.2649080549021904	2.203380053996167	0.2833334780861208	0.07342554402917167	0.07432209627618637	140.31780397013	110.0	1.2756163997284546	-604.0176607965573
5.0	688.0	260.0	1.305171384405252	0.07629779907588492	59.61474131863482	0.166851727134477	2.0383597301750993	0.1743986053070946	0.07342554402917167	0.07432209627618637	140.31780397013	110.0	1.2756163997284546	-604.0176607965573
5.0	688.0	260.0	0.4713261972970073	0.0809465355185839	71.29879755891544	0.3544418405047301	1.8074703210512952	0.36221454150788224	0.07342554402917167	0.07432209627618637	140.31780397013	110.0	1.2756163997284546	-604.0176607965573
5.0	688.0	260.0	0.7476154499977694	0.06550249336606617	104.37543344344103	1.3681132315713378	4.776174969429743	1.011947653996551	0.07342554402917167	0.07432209627618637	140.31780397013	110.0	1.2756163997284546	-604.0176607965573
5.0	688.0	260.0	1.0057157433011217	0.19634293867514022	112.47793265400699	0.4483486342958328	2.762391517683239	0.3863677936232359	0.07342554402917167	0.07432209627618637	140.31780397013	110.0	1.2756163997284546	-604.0176607965573
3.0	8.0	270.0	7.679068314830459	0.19366615305576876	18.579899489656672	0.17829457594978682	6.083866745239052	0.18286190517797496	0.30658263283431175	0.35090831361155883	164.34546317666695	116.0	1.4167712342816117	-241.7946525171009
3.0	8.0	270.0	3.2611261817294688	0.19401530654774501	45.32803740992867	0.41905416644158344	6.062155429121043	0.4297387696384326	0.30658263283431175	0.35090831361155883	164.34546317666695	116.0	1.4167712342816117	-241.7946525171009
3.0	8.0	270.0	1.471168833943811	0.33637065786801185	94.0187460801231	0.5245674356681828	1.97503185134841	0.5189231531134748	0.30658263283431175	0.35090831361155883	164.34546317666695	116.0	1.4167712342816117	-241.7946525171009
3.0	18.0	270.0	6.537391339694991	0.11945731962831856	19.722468187720274	0.17964882488042114	6.990548613613355	0.18898899276580874	0.22234773570170516	0.2304730924360734	134.90882473042882	116.0	1.163007109745076	-346.777288924437
3.0	18.0	270.0	2.6392930380605764	0.1173405389630551	43.97731334266584	0.4536705504913219	7.310842999267008	0.48317196376272487	0.22234773570170516	0.2304730924360734	134.90882473042882	116.0	1.163007109745076	-346.777288924437
3.0	18.0	270.0	0.9123903035442383	0.21494735548455424	93.71510404424797	0.5725328478899446	2.1030502854490347	0.5711330296711181	0.22234773570170516	0.2304730924360734	134.90882473042882	116.0	1.163007109745076	-346.777288924437
2.0	28.0	270.0	3.817357746557992	0.6749924603501039	21.405964343448815	0.4236948922494804	6.967574610488429	0.7013925547317346	0.18548978505959587	0.21906323589932353	191.32104918130577	119.0	1.6077399090866031	-355.2721062966245
2.0	28.0	270.0	2.8954501331855234	0.45617289776511655	32.53274469450517	2.52135286776227	12.952145855012267	0.9125291496057101	0.18548978505959587	0.21906323589932353	191.32104918130577	119.0	1.6077399090866031	-355.2721062966245
2.0	38.0	270.0	5.189277322865263	0.12561539134715374	24.98507739886563	0.27225782843748836	8.689575881666816	0.3045404248673463	0.16922765301065684	0.23786667128454977	312.11784376854087	119.0	2.6228390232650494	-317.0323529692582
2.0	38.0	270.0	1.6780917231526207	0.20566424134751254	44.291134210551284	0.49283225266426856	3.3058149234778673	0.5103262343825136	0.16922765301065684	0.23786667128454977	312.11784376854087	119.0	2.6228390232650494	-317.0323529692582
3.0	48.0	270.0	4.1485398251973455	0.10286069976047514	23.976254633175213	0.21242549545933892	7.406798834204652	0.22059419827480126	0.0908273727365544	0.18658251116924698	637.2258880710978	116.0	5.493326621302566	-376.53211837517625
3.0	48.0	270.0	1.5501147329669216	0.18832397655302632	44.31606342499649	0.3215699257844686	2.2286352559268283	0.33284108904291165	0.0908273727365544	0.18658251116924698	637.2258880710978	116.0	5.493326621302566	-376.53211837517625
3.0	48.0	270.0	0.5197929600977944	0.09931933308587099	63.42827971384872	1.83272104819832	8.13764090729671	1.9808685022131396	0.0908273727365544	0.18658251116924698	637.2258880710978	116.0	5.493326621302566	-376.53211837517625
3.0	58.0	270.0	3.535347003598435	0.11937647614614395	18.926436769906413	0.46667083793012937	5.002512208014225	0.3926071753614578	0.11166105543549319	0.15266050520587876	327.47883781970194	116.0	2.8230934294801893	-408.1178920458838
3.0	58.0	270.0	2.655276246150418	0.22946449280559375	29.400872720705035	0.4278437648022922	3.403979908267038	0.33087120934579206	0.11166105543549319	0.15266050520587876	327.47883781970194	116.0	2.8230934294801893	-408.1178920458838
3.0	58.0	270.0	0.6834262706682034	0.11517142590878225	63.741240472113695	0.8739926648703608	4.49144329087919	0.8739926894200301	0.11166105543549319	0.15266050520587876	327.47883781970194	116.0	2.8230934294801893	-408.1178920458838
3.0	68.0	270.0	2.8539080878672936	0.1251013446971561	16.610702910805102	0.19059655572423648	3.330639607477126	0.19980225948095443	0.120659403860227	0.1498003835112485	241.40936122571216	116.0	2.081115182980277	-426.8581255803144
3.0	68.0	270.0	3.679787638656105	0.115999312175487	29.72840101405494	0.15989109949613856	3.983751767985062	0.17369259636718326	0.120659403860227	0.1498003835112485	241.40936122571216	116.0	2.081115182980277	-426.8581255803144
3.0	68.0	270.0	0.7512178180667046	0.11299639570942584	65.8771849319926	0.6974632610326604	4.018362166038926	0.6974746147551559	0.120659403860227	0.1498003835112485	241.40936122571216	116.0	2.081115182980277	-426.8581255803144
3.0	78.0	270.0	1.3356747435664824	0.1245061652803567	17.048207726734177	0.324701802614417	2.890315415305587	0.3342361900562838	0.1242159471643879	0.1386626964996839	197.53782217533185	116.0	1.7029122601321711	-444.66617059903524
3.0	78.0	270.0	4.6623328621581885	0.104148186247498	31.275958604940886	0.11134547842793813	4.237190091933312	0.11833054182053683	0.1242159471643879	0.1386626964996839	197.53782217533185	116.0	1.7029122601321711	-444.66617059903524
3.0	78.0	270.0	0.8093093543916777	0.11201881068109693	66.02520157127164	0.5663360859382178	3.5454984611817695	0.5663446745859322	0.1242159471643879	0.1386626964996839	197.53782217533185	116.0	1.7029122601321711	-444.66617059903524
2.0	88.0	270.0	4.578301053765476	0.0848020990647683	31.29475556553596	0.09436298081669584	4.411944312419625	0.09436298136810257	0.08551466761031187	0.13355566117893106	305.04411657816485	119.0	2.5633959376316375	-490.53714311146416
2.0	88.0	270.0	0.6125816272526309	0.10017696567317842	66.37291499299485	0.5971289986817538	3.1603340928265284	0.5971178190475919	0.08551466761031187	0.13355566117893106	305.04411657816485	119.0	2.5633959376316375	-490.53714311146416
2.0	98.0	270.0	3.6551085899329068	0.08281469573701573	30.60676990020709	0.12158961546163659	4.6475062687175965	0.12158961545751204	0.09394480909603109	0.12106850740899494	253.91588679688775	119.0	2.1337469478730062	-489.9639221322712
2.0	98.0	270.0	0.4786636461540554	0.10318942723471244	66.78775288943571	0.7453061012676439	2.9920767411672893	0.7452897331285097	0.09394480909603109	0.12106850740899494	253.91588679688775	119.0	2.1337469478730062	-489.9639221322712
2.0	108.0	270.0	3.0845093282915377	0.08658057695767639	30.293937321517582	0.17731677236993676	5.47072943032686	0.17731676754133177	0.09034102094151898	0.14470270366040305	353.2786525601753	119.0	2.9687281727745827	-458.4611234908965
2.0	108.0	270.0	0.46336601790091503	0.11782631108007477	65.8373792486685	0.8670146005730736	2.956166901643611	0.8670475952784996	0.09034102094151898	0.14470270366040305	353.2786525601753	119.0	2.9687281727745827	-458.4611234908965
1.0	118.0	270.0	3.878882942862118	0.06509670423497646	29.664428770382667	0.11772756110352396	6.075415593470836	0.11772762377825874	0.08479521007338318	0.12148939026377358	258.07850331939125	122.0	2.1153975681917316	-520.2602959697789
1.0	128.0	270.0	4.911538246035324	0.06245574816226788	29.38138700634582	0.1054711719493212	7.183144194507909	0.10547118288136761	0.07858426189500235	0.1263328214887735	327.03813071859497	122.0	2.6806404157261885	-509.6755781724413
1.0	138.0	270.0	4.5268305128698	0.055879446603234774	29.60020467859021	0.12795217803172165	8.976747586035426	0.12795217642119494	0.06470315770880868	0.1223724865466531	482.59913677062303	122.0	3.9557306292674017	-509.62723992109954
2.0	148.0	270.0	2.2684272120960465	0.49740771998862204	20.994740890898836	1.290398528080734	6.5594292541377754	0.6143796256540038	0.07413993359477541	0.11765661403670347	326.26848338058187	119.0	2.74175196118136	-517.8125206053139
2.0	148.0	270.0	2.4581826352363985	0.28142340600599386	34.831526300596785	1.9124736702684733	8.266052491824867	0.969900216494898	0.07413993359477541	0.11765661403670347	326.26848338058187	119.0	2.74175196118136	-517.8125206053139
3.0	158.0	270.0	2.349948151878296	0.04773730650592241	21.352215000457374	0.2457265946441764	5.9070919530792985	0.24227587220742222	0.07288649781200121	0.0775350369421874	160.24076230988868	116.0	1.381385881981799	-604.1022867708117
3.0	158.0	270.0	1.0029409230030593	0.19835491100700794	33.890846351381704	0.45332597785293954	3.3424016436854167	0.5491540422158151	0.07288649781200121	0.0775350369421874	160.24076230988868	116.0	1.381385881981799	-604.1022867708117
3.0	158.0	270.0	1.198721574731714	0.0562305241675787	44.280727576975345	1.032050338843996	6.661676240167134	0.7697968611674835	0.07288649781200121	0.0775350369421874	160.24076230988868	116.0	1.381385881981799	-604.1022867708117
3.0	168.0	270.0	0.796676226479968	0.045114712535024915	20.735385782785713	0.9654895123626818	7.110313126477452	0.8171634818309046	0.07712150533010513	0.07324241515428898	138.22932737454158	116.0	1.1916321325391517	-608.453014848984
3.0	168.0	270.0	1.2450712805083923	0.04754809416850657	41.731141910507795	0.879248425812483	6.926633719375454	1.271534606544487	0.07712150533010513	0.07324241515428898	138.22932737454158	116.0	1.1916321325391517	-608.453014848984
3.0	168.0	270.0	1.0967307029266369	0.21909001703858252	52.20421346743146	0.28252895290062763	3.0404818121058854	0.44719922733482426	0.07712150533010513	0.07324241515428898	138.22932737454158	116.0	1.1916321325391517	-608.453014848984
3.0	178.0	270.0	0.314681736006749	0.04052793318751552	28.903093336455058	4.587532056951333	11.448294313209006	3.577348137234305	0.0698153613654117	0.07920478303925466	182.92071159453474	116.0	1.5769026861597821	-598.3177052889799
3.0	178.0	270.0	1.4218400184736355	0.15213194022722637	42.21649540573398	0.4521303581350315	3.505031850328236	0.45185136546535903	0.0698153613654117	0.07920478303925466	182.92071159453474	116.0	1.5769026861597821	-598.3177052889799
3.0	178.0	270.0	2.204580816571287	0.09337927740612925	51.59932813552787	0.3176788608704186	3.7142193562721513	0.24511469495737134	0.0698153613654117	0.07920478303925466	182.92071159453474	116.0	1.5769026861597821	-598.3177052889799
3.0	188.0	270.0	0.4741950473043055	0.05763753906342042	25.2376495769309	0.6407788782158018	4.560803875555716	0.6583963258440796	0.07893486633413682	0.08634149643387372	164.14122319469217	116.0	1.415010544781829	-581.166163823456
3.0	188.0	270.0	1.3771314683925004	0.16805456295436066	42.32240927895839	0.35222076541808317	3.0451713569034453	0.31570506089230604	0.07893486633413682	0.08634149643387372	164.14122319469217	116.0	1.415010544781829	-581.166163823456
3.0	188.0	270.0	2.1990607346782025	0.06100082080785587	51.85419883325261	0.4610197716227946	5.359337361938824	0.3681261916469559	0.07893486633413682	0.08634149643387372	164.14122319469217	116.0	1.415010544781829	-581.166163823456
3.0	368.0	270.0	3.2678582187579734	0.2563477179206655	48.27276012726563	0.12196045800027043	3.4856396120826627	0.2204186538473188	0.08554101170838996	0.09599111795751358	223.35178286876442	116.0	1.9254464040410726	-522.5703332358281
3.0	368.0	270.0	0.7633714634855794	0.0730016445286544	59.29020825510166	2.5461574375305944	8.412406237205401	2.029185819952841	0.08554101170838996	0.09599111795751358	223.35178286876442	116.0	1.9254464040410726	-522.5703332358281
3.0	368.0	270.0	0.9422654283832019	0.07904856504977965	82.83880356533838	0.41302603737122323	3.890445232953346	0.4172386184402751	0.08554101170838996	0.09599111795751358	223.35178286876442	116.0	1.9254464040410726	-522.5703332358281
6.0	378.0	270.0	5.797187875737104	0.09833567252873715	48.158474077283216	0.05882384008222691	3.1217884388706736	0.06525848719052711	0.03811231094115576	0.11574599622652298	1185.1288322520072	107.0	11.075970394878572	-493.19002292338695
6.0	378.0	270.0	0.4046125257309018	0.042878775990158144	71.22214709216044	3.290359154441856	24.41854397171939	2.7611534243388056	0.03811231094115576	0.11574599622652298	1185.1288322520072	107.0	11.075970394878572	-493.19002292338695
6.0	378.0	270.0	0.8012490674482106	0.09697889318114662	84.21581390773812	0.4360340958912233	3.2433150992204833	0.48557207405752983	0.03811231094115576	0.11574599622652298	1185.1288322520072	107.0	11.075970394878572	-493.19002292338695
6.0	378.0	270.0	0.1730343701098624	0.13288040774520896	133.56500934906373	1.4097875387334213	1.5989534490353985	1.4676573332421836	0.03811231094115576	0.11574599622652298	1185.1288322520072	107.0	11.075970394878572	-493.19002292338695
6.0	378.0	270.0	0.14931650409148503	0.03996804400097727	165.27789360554763	10.677666291027743	22.542869864644885	10.176358102155826	0.03811231094115576	0.11574599622652298	1185.1288322520072	107.0	11.075970394878572	-493.19002292338695
6.0	378.0	270.0	0.10409724205807792	0.09749309192379856	185.14559897562424	3.8314108771473436	3.9729859305817365	4.847714000404937	0.03811231094115576	0.11574599622652298	1185.1288322520072	107.0	11.075970394878572	-493.19002292338695
2.0	388.0	270.0	7.754179712728529	0.10319553661595582	48.318846341642825	0.0463135584107284	3.012702043421192	0.046325858277623685	0.07612235675722033	0.12871749016634854	389.273166656685	119.0	3.2712030811486135	-489.14550610987123
2.0	388.0	270.0	0.6267416301647001	0.054077563146138666	88.33269977687121	1.0934279181956301	10.979688268374623	1.0945420528052627	0.07612235675722033	0.12871749016634854	389.273166656685	119.0	3.2712030811486135	-489.14550610987123
2.0	398.0	270.0	7.77252022505128	0.10447308444413247	49.251102318087206	0.05067406641325183	3.2649460044114793	0.05067407415495841	0.09133971295235398	0.14148494656729615	300.3065122897246	119.0	2.523584136888442	-476.01929863299875
2.0	398.0	270.0	0.6260656471926145	0.10024760438872053	93.63332293377032	0.6556406631823926	3.5458586498521054	0.655639831931964	0.09133971295235398	0.14148494656729615	300.3065122897246	119.0	2.523584136888442	-476.01929863299875
4.0	408.0	270.0	7.699331456003143	0.07195817933722566	51.107880699080795	0.03836020227378239	3.5419570566979823	0.039470480090940153	0.06533221260838326	0.09803966873520117	282.56623914141187	113.0	2.5005861870921406	-553.3318937648148
4.0	408.0	270.0	2.299677622870333	0.08159810439437787	64.91533581154738	0.11324788656931249	2.7353924540787946	0.11556278904823983	0.06533221260838326	0.09803966873520117	282.56623914141187	113.0	2.5005861870921406	-553.3318937648148
4.0	408.0	270.0	0.26709187838889487	0.10124115790609994	95.40580544083416	0.7744734742121447	1.7800548275359316	0.7840290783978744	0.06533221260838326	0.09803966873520117	282.56623914141187	113.0	2.5005861870921406	-553.3318937648148
4.0	408.0	270.0	0.38119718439020067	0.07120098600414858	185.08667975735372	0.7685578446390567	3.5634516109359184	0.7685578680621897	0.06533221260838326	0.09803966873520117	282.56623914141187	113.0	2.5005861870921406	-553.3318937648148
3.0	418.0	270.0	7.332780131224359	0.0934577012031987	52.58619883461835	0.05374087216433099	3.6337796414893573	0.05567037284907103	0.06630299085867022	0.12838541915760493	485.53882685335975	116.0	4.185679541839308	-489.1966605439109
3.0	418.0	270.0	3.3523619546102164	0.10988451788764934	65.998566684985	0.09995742210588263	2.5986265134341333	0.10213522870882134	0.06630299085867022	0.12838541915760493	485.53882685335975	116.0	4.185679541839308	-489.1966605439109
3.0	418.0	270.0	0.38453668895717624	0.08817777576242958	186.123278534281	1.0606020281448536	4.005557406889149	1.0606119649742132	0.06630299085867022	0.12838541915760493	485.53882685335975	116.0	4.185679541839308	-489.1966605439109
5.0	428.0	270.0	0.22741823123544558	0.09803687675215121	0.9045574635392973	1.06491255786237	2.142052123585339	1.0678035571944617	0.06238646511472355	0.10149262707491732	343.08283617537836	110.0	3.1189348743216216	-532.9907901631293
5.0	428.0	270.0	5.9963794678704625	0.074790007689742	53.637224135387484	0.05375886476777303	3.7272668254434755	0.0552092272568202	0.06238646511472355	0.10149262707491732	343.08283617537836	110.0	3.1189348743216216	-532.9907901631293
5.0	428.0	270.0	2.7525414195870126	0.09361778167126043	67.15297944592179	0.09354519101216921	2.354955923813765	0.09490694708325235	0.06238646511472355	0.10149262707491732	343.08283617537836	110.0	3.1189348743216216	-532.9907901631293
5.0	428.0	270.0	0.38349084854809556	0.09472108429526599	85.23026170545835	0.6530547492413965	2.2922101794398846	0.6534406773718293	0.06238646511472355	0.10149262707491732	343.08283617537836	110.0	3.1189348743216216	-532.9907901631293
5.0	428.0	270.0	0.24497560510387664	0.05670471115212534	185.7118722272134	1.7180716624971006	6.4339542855550675	1.738708570571753	0.06238646511472355	0.10149262707491732	343.08283617537836	110.0	3.1189348743216216	-532.9907901631293
3.0	438.0	270.0	4.951615692439734	0.09698243684056186	54.8146993973878	0.08617410862860356	3.7979066843166676	0.08925510770964891	0.06564787364410342	0.1379493842831542	557.2090465034636	116.0	4.803526262960893	-474.4689571018539
3.0	438.0	270.0	1.9988069659874166	0.1238121253149899	67.94384702031368	0.1670922295305421	2.2933620838080055	0.16967461376718618	0.06564787364410342	0.1379493842831542	557.2090465034636	116.0	4.803526262960893	-474.4689571018539
3.0	438.0	270.0	0.4788592649880822	0.1202779240550878	83.99287631869456	0.7025783838486003	2.4198056659723073	0.7024021441293271	0.06564787364410342	0.1379493842831542	557.2090465034636	116.0	4.803526262960893	-474.4689571018539
3.0	448.0	270.0	0.6673001729315235	0.2538710715245622	43.11625901925258	0.3042665460099966	1.2346134507687645	0.6041622233725004	0.07904515591903816	0.12621974039217188	318.79131946147555	116.0	2.7482010298403066	-497.8409090273756
3.0	448.0	270.0	4.935142769526851	0.08719994605716395	56.45550166410987	0.07879396186903069	3.869026604284941	0.08046903332063801	0.07904515591903816	0.12621974039217188	318.79131946147555	116.0	2.7482010298403066	-497.8409090273756
3.0	448.0	270.0	2.3094886590528785	0.29889564458160156	68.98445379450791	0.08105655369607724	1.2039752942815292	0.19809635395398675	0.07904515591903816	0.12621974039217188	318.79131946147555	116.0	2.7482010298403066	-497.8409090273756
2.0	458.0	270.0	5.693630329662096	0.1154158610450657	57.573389476774445	0.0825346901386295	3.5280818362924355	0.0829735560054815	0.05987879843167066	0.15995039552032325	918.7165071580561	119.0	7.720306782840807	-441.81334984828396
2.0	458.0	270.0	2.100496921338746	1.713405446409491	69.18941472468617	0.2940064764719937	0.9374095617107105	0.6976768012999246	0.05987879843167066	0.15995039552032325	918.7165071580561	119.0	7.720306782840807	-441.81334984828396
3.0	468.0	270.0	5.685007909849167	0.09649831521816271	58.58875854519645	0.06448144783624797	3.2921852158766454	0.0650595947180926	0.05940909310889975	0.12929801991690057	592.2458059678627	116.0	5.105567292826402	-491.81077500718027
3.0	468.0	270.0	1.1238304161282588	0.2587425273169989	69.34795340066653	0.24270279506021897	1.1476261585557568	0.3271296344622007	0.05940909310889975	0.12929801991690057	592.2458059678627	116.0	5.105567292826402	-491.81077500718027
3.0	468.0	270.0	0.2053505314686308	0.08108191781044188	190.59237151134568	2.137286220028183	4.692418148131562	2.179994261597406	0.05940909310889975	0.12929801991690057	592.2458059678627	116.0	5.105567292826402	-491.81077500718027
2.0	478.0	270.0	5.667119535499382	0.10067409865886187	59.2365391955289	0.06503666639288268	3.170409947664516	0.06503658263646353	0.058591102315710304	0.13443261011263222	658.1127386643925	119.0	5.530359148440273	-488.94842914122734
2.0	478.0	270.0	0.28022266945952196	0.10813240095469455	191.66942947012092	1.22473031374131	2.7475610568477444	1.2247718498301619	0.058591102315710304	0.13443261011263222	658.1127386643925	119.0	5.530359148440273	-488.94842914122734
1.0	488.0	270.0	5.6240296905873	0.11486125205094602	59.28426937547345	0.07862402365513411	3.333764218542429	0.07862389381041283	0.08150010748510327	0.15911083721242833	477.30484137277733	122.0	3.912334765350634	-453.30753123674555
2.0	498.0	270.0	4.786678345420633	0.13740820375292168	59.49142642910818	0.14460033710826173	4.361949368448812	0.1446008936096558	0.11337831277965664	0.21416405137030978	450.4770841487493	119.0	3.7855217155357086	-371.2952395628545
2.0	498.0	270.0	0.749451138547581	0.16649903282627618	84.04750945530742	0.7621679849874212	2.971002311383072	0.762170808154798	0.11337831277965664	0.21416405137030978	450.4770841487493	119.0	3.7855217155357086	-371.2952395628545
3.0	508.0	270.0	3.7779888871245437	0.1041946715442822	60.62713585466199	0.24449290349030192	7.593723871110736	0.258654806295563	0.07702443994706955	0.20919146778216563	922.9496018517208	116.0	7.956462084928628	-371.43529735794334
3.0	508.0	270.0	2.186877815928131	0.13966096175826684	84.24286752011687	0.31433524935605955	4.102482059580091	0.3196561441781131	0.07702443994706955	0.20919146778216563	922.9496018517208	116.0	7.956462084928628	-371.43529735794334
3.0	508.0	270.0	0.4265272190995134	0.13335076249657202	116.26399904675408	1.6227118146866737	4.489035587350391	1.6226721105502293	0.07702443994706955	0.20919146778216563	922.9496018517208	116.0	7.956462084928628	-371.43529735794334
4.0	518.0	270.0	1.02484402415131	0.11805180037860087	48.40549701582588	0.6709373093257192	4.042517370717356	0.628521161626371	0.07779550619824169	0.14630062347044478	459.37777080082714	113.0	4.065290007086966	-448.9372927775682
4.0	518.0	270.0	4.081603538223788	0.08581835623041187	65.2786976021509	0.22279004803106517	7.266086162539054	0.34546922844655686	0.07779550619824169	0.14630062347044478	459.37777080082714	113.0	4.065290007086966	-448.9372927775682
4.0	518.0	270.0	3.68298637412581	0.09960379957612041	84.91168091853562	0.1732649468916434	4.388767552074359	0.16993588966158013	0.07779550619824169	0.14630062347044478	459.37777080082714	113.0	4.065290007086966	-448.9372927775682
4.0	518.0	270.0	0.4925620558726124	0.08308383423117041	117.4858868407905	1.1748006086678628	6.0352461677949	1.1748763070732748	0.07779550619824169	0.14630062347044478	459.37777080082714	113.0	4.065290007086966	-448.9372927775682
4.0	528.0	270.0	0.7720790466627577	0.08396416751894199	48.86405265050884	0.6719121474234434	4.52152918864514	0.7015033957997837	0.06739417333496987	0.12726754033083765	460.90610583585266	113.0	4.078815095892502	-484.4033879268363
4.0	528.0	270.0	4.622602561343257	0.0811067147917651	66.34187557341674	0.12344191109667432	5.370288650502494	0.1613042802968684	0.06739417333496987	0.12726754033083765	460.90610583585266	113.0	4.078815095892502	-484.4033879268363
4.0	528.0	270.0	4.352751510468202	0.08330806795975834	84.33403607798671	0.11738582086060982	4.607402387670988	0.12369322070092098	0.06739417333496987	0.12726754033083765	460.90610583585266	113.0	4.078815095892502	-484.4033879268363
4.0	528.0	270.0	0.35400733155590947	0.06102544708892699	119.26861542572408	1.6776354381357175	8.434282318158184	1.6817939074631572	0.06739417333496987	0.12726754033083765	460.90610583585266	113.0	4.078815095892502	-484.4033879268363
3.0	538.0	270.0	4.584627387908998	0.0740103298239573	65.85559316762829	0.09866446959952418	5.123938739843596	0.10575332825049662	0.0718319581485889	0.12177715937923088	359.28930934854185	116.0	3.097321632315016	-506.8144579237562
3.0	538.0	270.0	3.529269745106573	0.08427768192507079	83.27580196212051	0.11239803160513831	3.852573476678839	0.11673472926291847	0.0718319581485889	0.12177715937923088	359.28930934854185	116.0	3.097321632315016	-506.8144579237562
3.0	538.0	270.0	0.2831467501074201	0.0677043453602397	118.3120040177727	1.628874630139387	5.904440143052573	1.628892159562797	0.0718319581485889	0.12177715937923088	359.28930934854185	116.0	3.097321632315016	-506.8144579237562
3.0	548.0	270.0	1.4292090441124687	0.1512782529551996	54.760655885098515	0.22203868875824528	1.8601219396502748	0.24818662390911544	0.09911956147280225	0.12509981338676385	236.0659817563909	116.0	2.0350515668654388	-478.81719753262695
3.0	548.0	270.0	3.319124734828104	0.08414335398820098	65.78850528798934	0.18823916908946675	5.526028471277865	0.23436520295824956	0.09911956147280225	0.12509981338676385	236.0659817563909	116.0	2.0350515668654388	-478.81719753262695
3.0	548.0	270.0	1.47655136340786	0.11382817360749127	82.25054618844975	0.2444504487054145	2.6146026891703182	0.2481108687485422	0.09911956147280225	0.12509981338676385	236.0659817563909	116.0	2.0350515668654388	-478.81719753262695
3.0	558.0	270.0	3.876048723917828	0.23397976417933325	55.88363367061715	0.15345643900543715	2.643088936891225	0.14932938639739232	0.0685845319656798	0.13549492605856114	541.3516547786428	116.0	4.666824610160714	-467.13742801331585
3.0	558.0	270.0	1.7634259912980474	0.09093779802018649	65.0050504509781	0.7281696518482135	5.106843879061462	0.6335583218764467	0.0685845319656798	0.13549492605856114	541.3516547786428	116.0	4.666824610160714	-467.13742801331585
3.0	558.0	270.0	0.19003152311344604	0.10576285719259625	192.41649643695152	2.1392668457789568	3.331006286487245	2.149479520149309	0.0685845319656798	0.13549492605856114	541.3516547786428	116.0	4.666824610160714	-467.13742801331585
1.0	568.0	270.0	5.982598356842496	0.1405472455281914	57.23597579358085	0.12273193457385806	4.524165478159659	0.12273184532401571	0.07616560360650218	0.22520935368189698	1110.4279539977076	122.0	9.101868475391045	-364.6879502545152
1.0	578.0	270.0	6.139373918364371	0.1266315119917835	58.06703607120287	0.12374329224969183	5.195471859822759	0.12374325139729443	0.06655084037746933	0.21397525602757672	1355.880453966498	122.0	11.113774212840147	-373.4607058000336
1.0	588.0	270.0	4.521466412734914	0.11880816777895083	58.56948987068823	0.1628094375180001	5.366463983218792	0.16280968101401613	0.07261678003400612	0.20054922030927722	1035.3570193206867	122.0	8.48653294525153	-385.366331588144
2.0	598.0	270.0	2.6330583221380772	0.11212193253908026	57.33982733640654	0.3084624977316811	6.273531228480106	0.30849739676382265	0.08552564935846897	0.1934742997519018	758.0040581403925	119.0	6.369782001179769	-376.72599921696576
2.0	598.0	270.0	0.5031718826718989	0.14269946870964859	88.29266658174589	1.268935490807296	3.8703063174852597	1.269012514971784	0.08552564935846897	0.1934742997519018	758.0040581403925	119.0	6.369782001179769	-376.72599921696576
2.0	608.0	270.0	1.9227480177889353	0.08663328188205757	54.76355508562287	0.36815502530797334	7.076206238348439	0.37041014673478145	0.066885046188168	0.16595673902934677	831.9290099258951	119.0	6.991000083410883	-426.55392910291147
2.0	608.0	270.0	0.9555381119910407	0.09161510388529809	88.09078359188238	0.700452076590881	6.3256253707274155	0.7043351836179382	0.066885046188168	0.16595673902934677	831.9290099258951	119.0	6.991000083410883	-426.55392910291147
5.0	618.0	270.0	1.5117051105502373	0.08764795537395188	51.64383567934629	0.9298045154584046	5.919000225844437	0.6817575714663232	0.06386559880843334	0.11013354937107661	372.34082137383916	110.0	3.3849165579439924	-516.9029503660416
5.0	618.0	270.0	0.7890711974505051	0.09399835566869778	66.10933079541836	1.456574967715168	5.358756297575117	1.5548683206368732	0.06386559880843334	0.11013354937107661	372.34082137383916	110.0	3.3849165579439924	-516.9029503660416
5.0	618.0	270.0	0.7037732043662331	0.09406402189390373	80.28905442011052	0.6513218511934972	3.101850246696274	0.7285719218413019	0.06386559880843334	0.11013354937107661	372.34082137383916	110.0	3.3849165579439924	-516.9029503660416
5.0	618.0	270.0	1.5482843539247053	0.071343732518386	92.88710566819114	0.3444617321916406	4.9202851873823965	0.37216899233189776	0.06386559880843334	0.11013354937107661	372.34082137383916	110.0	3.3849165579439924	-516.9029503660416
5.0	618.0	270.0	0.2785934329416205	0.09804732890089848	124.51794699712305	0.9878529334060658	2.4308601673087895	0.9878632035745901	0.06386559880843334	0.11013354937107661	372.34082137383916	110.0	3.3849165579439924	-516.9029503660416
4.0	628.0	270.0	1.2460429696252675	0.07310302337513576	48.63993966659246	0.23128209386661788	3.2523764338084424	0.2380984124692113	0.06939520423107551	0.09575743322784397	239.28846805397987	113.0	2.1175970624246006	-559.0291567381443
4.0	628.0	270.0	1.1627850486765015	0.06092355254967948	64.59926900303174	0.2984353037225633	4.829280607912291	0.32009240249086934	0.06939520423107551	0.09575743322784397	239.28846805397987	113.0	2.1175970624246006	-559.0291567381443
4.0	628.0	270.0	1.4686162804634189	0.09001482261015636	92.8050751592373	0.6779143139279242	5.9751458390051	0.49065188712482216	0.06939520423107551	0.09575743322784397	239.28846805397987	113.0	2.1175970624246006	-559.0291567381443
4.0	628.0	270.0	0.5004918948305084	0.05879052142493283	109.44483713246147	2.410550502632086	7.326946506916737	1.8824740297036557	0.06939520423107551	0.09575743322784397	239.28846805397987	113.0	2.1175970624246006	-559.0291567381443
4.0	638.0	270.0	1.2586301296972364	0.1027593017231569	48.61490510452136	0.2035027280376977	2.1593767987831263	0.20368583411499555	0.09631785499227856	0.1049464015317714	163.98988286396101	113.0	1.4512379014509824	-524.3033026856563
4.0	638.0	270.0	1.5246678219480765	0.09112045164089609	63.8822282731582	0.19110828485727605	2.7498909890269543	0.1922723021695875	0.09631785499227856	0.1049464015317714	163.98988286396101	113.0	1.4512379014509824	-524.3033026856563
4.0	638.0	270.0	0.9653899533985063	0.04820313319082868	95.9100920770332	0.9692451640420966	10.818860584275145	1.0369544652966416	0.09631785499227856	0.1049464015317714	163.98988286396101	113.0	1.4512379014509824	-524.3033026856563
4.0	638.0	270.0	2.066771944585012	0.09718150635379742	115.78068856676926	0.21000788789262095	4.274213151660134	0.23496921285398983	0.09631785499227856	0.1049464015317714	163.98988286396101	113.0	1.4512379014509824	-524.3033026856563
5.0	648.0	270.0	0.825994941214794	0.10404287391345761	48.52796599960976	0.3472907396883609	2.3877996684368648	0.34732517395049733	0.09581920047058876	0.10919465545815328	182.95209505385878	110.0	1.663200864125989	-504.3055524838607
5.0	648.0	270.0	1.9058607164257169	0.1036599027896343	63.169984598220466	0.1511896556944909	2.4058397732026866	0.1513222578059473	0.09581920047058876	0.10919465545815328	182.95209505385878	110.0	1.663200864125989	-504.3055524838607
5.0	648.0	270.0	0.45487979955454727	0.21581957989292774	84.8975833426296	1.0194083574512318	3.5787990700164976	1.4832920467200519	0.09581920047058876	0.10919465545815328	182.95209505385878	110.0	1.663200864125989	-504.3055524838607
5.0	648.0	270.0	0.7090589522895828	0.06757455079547758	100.67384848228474	1.8115541915003763	9.136786625170748	4.5148024710208	0.09581920047058876	0.10919465545815328	182.95209505385878	110.0	1.663200864125989	-504.3055524838607
5.0	648.0	270.0	4.524767095672045	0.2453171405048937	116.03756956747735	0.114149329639649	3.811919934476049	0.16509723634106543	0.09581920047058876	0.10919465545815328	182.95209505385878	110.0	1.663200864125989	-504.3055524838607
4.0	658.0	270.0	0.6099349829964599	0.0782291259203325	49.22972983150377	0.41854643776700934	2.8280455088150616	0.42025443461702033	0.08912369043282385	0.0921885258061657	145.09244739344808	113.0	1.2840039592340537	-559.0146379298224
4.0	658.0	270.0	1.5126639460113922	0.0833682170611126	62.80625650846761	0.15900434019439463	2.490050035269458	0.16004429718842217	0.08912369043282385	0.0921885258061657	145.09244739344808	113.0	1.2840039592340537	-559.0146379298224
4.0	658.0	270.0	0.5864993640072246	0.04257469038344878	95.09170699902097	1.0592502614244783	10.448323922548685	1.195359880470429	0.08912369043282385	0.0921885258061657	145.09244739344808	113.0	1.2840039592340537	-559.0146379298224
4.0	658.0	270.0	5.57364837489184	0.07764179011112393	115.80346150976823	0.05638888664653715	3.549086449971785	0.06137173523338663	0.08912369043282385	0.0921885258061657	145.09244739344808	113.0	1.2840039592340537	-559.0146379298224
4.0	668.0	270.0	0.8001608680255562	0.07753812890319121	50.86861008070578	0.40361693894494893	3.480382670403353	0.43367676691462553	0.07087490136759857	0.10133013731819916	267.60174614065943	113.0	2.3681570454925613	-539.775748342814
4.0	668.0	270.0	0.8962661363827392	0.08824677837573719	62.60790287870981	0.31616512581579914	2.614738172427216	0.3285368938479936	0.07087490136759857	0.10133013731819916	267.60174614065943	113.0	2.3681570454925613	-539.775748342814
4.0	668.0	270.0	0.7672986697477746	0.0538546963038668	94.6759705572592	0.5933801573133175	7.206704886116656	0.6339298091212755	0.07087490136759857	0.10133013731819916	267.60174614065943	113.0	2.3681570454925613	-539.775748342814
4.0	668.0	270.0	5.08530680919842	0.07585543259700463	115.65184743346487	0.06324560844843714	3.503063771832961	0.0641501408389439	0.07087490136759857	0.10133013731819916	267.60174614065943	113.0	2.3681570454925613	-539.775748342814
6.0	678.0	270.0	1.0477279081884112	0.08270940278498261	52.50381589399125	0.29785715081450276	3.00674725095716	0.32818720608890656	0.06195981275742892	0.08756179005943666	319.6482687540042	107.0	2.987366997700974	-535.5010544400888
6.0	678.0	270.0	1.1033456077201302	0.10285578648415199	61.20571430505435	0.23065673145942034	1.890645467388048	0.25474476956824077	0.06195981275742892	0.08756179005943666	319.6482687540042	107.0	2.987366997700974	-535.5010544400888
6.0	678.0	270.0	0.4440629576379071	0.08841989958203972	70.22724300212782	0.6006456095537311	2.5626820259090253	0.6374112051382232	0.06195981275742892	0.08756179005943666	319.6482687540042	107.0	2.987366997700974	-535.5010544400888
6.0	678.0	270.0	0.3040032936512773	0.0902010529380626	85.62342368543946	0.971302596779859	2.4745851193179327	0.9735463967204309	0.06195981275742892	0.08756179005943666	319.6482687540042	107.0	2.987366997700974	-535.5010544400888
6.0	678.0	270.0	0.7886296259689533	0.06746017460615006	97.8643022391702	0.5179946236564242	4.7996320472099105	0.6357662031485519	0.06195981275742892	0.08756179005943666	319.6482687540042	107.0	2.987366997700974	-535.5010544400888
6.0	678.0	270.0	3.4041720215367444	0.07354558272614162	115.0281667032797	0.09455017012982984	3.6345750723509704	0.09816053543759647	0.06195981275742892	0.08756179005943666	319.6482687540042	107.0	2.987366997700974	-535.5010544400888
5.0	688.0	270.0	1.1284913284913953	0.07066344093387106	52.6398835155427	0.18060019998704607	2.2098160526104738	0.19416680700502598	0.06968938343428807	0.07005048122105988	142.49225181844727	110.0	1.2953841074404298	-615.1514170179929
5.0	688.0	270.0	1.5060853805486918	0.07248805173134587	60.35379653261209	0.13326441541892925	2.117011063601036	0.14954953283345043	0.06968938343428807	0.07005048122105988	142.49225181844727	110.0	1.2953841074404298	-615.1514170179929
5.0	688.0	270.0	0.5746467306999977	0.06502986968522409	70.21858002552125	0.3411259949910911	2.5777197282714397	0.3569796536457749	0.06968938343428807	0.07005048122105988	142.49225181844727	110.0	1.2953841074404298	-615.1514170179929
5.0	688.0	270.0	0.4898467082810728	0.04538675547647967	102.60470819176825	1.3669148453820779	5.740573120229267	1.2235685858720433	0.06968938343428807	0.07005048122105988	142.49225181844727	110.0	1.2953841074404298	-615.1514170179929
5.0	688.0	270.0	1.6039717899036354	0.10007978861946552	113.6309104800515	0.2303746328123547	3.210966582538364	0.20623974439031803	0.06968938343428807	0.07005048122105988	142.49225181844727	110.0	1.2953841074404298	-615.1514170179929
2.0	8.0	280.0	7.387772895186601	0.22437498910570672	19.627027372679535	0.17715078256181088	5.05171884809726	0.17751250621099024	0.37136305378064555	0.36667118744581256	129.51253586482895	119.0	1.088340637519571	-230.4989212572001
2.0	8.0	280.0	2.5311338189724193	0.2244764033922334	46.365547109103005	0.5167959339506942	5.048184880247722	0.5178529681317008	0.37136305378064555	0.36667118744581256	129.51253586482895	119.0	1.088340637519571	-230.4989212572001
3.0	18.0	280.0	6.642547697263876	0.13914553747901526	18.564881525194497	0.1516009966021569	6.207405114151371	0.15561629123991624	0.23460016803589903	0.24838169347636085	147.88622820075992	116.0	1.2748812775927578	-321.88675017488646
3.0	18.0	280.0	2.0164507921889485	0.13255284342360266	46.991664856957314	0.5242654283591319	6.8615294027397695	0.540169603693868	0.23460016803589903	0.24838169347636085	147.88622820075992	116.0	1.2748812775927578	-321.88675017488646
3.0	18.0	280.0	1.0155468559432939	0.21196039601430638	93.36704638526149	0.6371288477065908	2.64294524508202	0.6371268346274706	0.23460016803589903	0.24838169347636085	147.88622820075992	116.0	1.2748812775927578	-321.88675017488646
4.0	28.0	280.0	5.399414753043062	0.10325261339335032	18.999419749975168	0.22541810569361884	8.041923080426074	0.23396692464413	0.16952034556611703	0.1872972217286965	161.61302393733928	113.0	1.4302037516578696	-384.79849244481625
4.0	28.0	280.0	1.1506919073720845	0.7446038752552421	43.59345371814153	1.5991103969577927	7.209950956795591	2.434808001868275	0.16952034556611703	0.1872972217286965	161.61302393733928	113.0	1.4302037516578696	-384.79849244481625
4.0	28.0	280.0	0.5198408104648532	0.20922026442316471	61.93669370474053	17.672745918356945	13.655120910032831	11.94896197517132	0.16952034556611703	0.1872972217286965	161.61302393733928	113.0	1.4302037516578696	-384.79849244481625
4.0	28.0	280.0	0.47947381346340395	0.16393543219438975	93.34287573518792	1.144764788943808	3.0145789074959763	1.282335518107102	0.16952034556611703	0.1872972217286965	161.61302393733928	113.0	1.4302037516578696	-384.79849244481625
3.0	38.0	280.0	5.122601677753251	0.08771008804613085	22.077021153552295	0.16969705078223332	8.039051990584994	0.18112685988164462	0.14701209580042832	0.17547024514237658	183.9431957762872	116.0	1.5857172049679933	-411.4557286621562
3.0	38.0	280.0	1.4132097718684935	0.17874149553825858	43.74355069559485	0.4474162128855076	3.775414792060224	0.5550331499556233	0.14701209580042832	0.17547024514237658	183.9431957762872	116.0	1.5857172049679933	-411.4557286621562
3.0	38.0	280.0	0.6147590479007238	0.07172446407172671	62.543045680278496	2.914671563014679	12.253001891017881	2.900049689039425	0.14701209580042832	0.17547024514237658	183.9431957762872	116.0	1.5857172049679933	-411.4557286621562
4.0	48.0	280.0	4.738612445314236	0.07401551858122901	22.387453736424558	0.1367838267302078	7.471272883752137	0.14362572392617656	0.12373111911306997	0.14465792083404855	173.2691516639726	113.0	1.5333553244599345	-454.8088464419911
4.0	48.0	280.0	2.0781038331934987	0.13515723246137207	43.767051287536546	0.21341169277212654	3.0643323087129772	0.24691768494325328	0.12373111911306997	0.14465792083404855	173.2691516639726	113.0	1.5333553244599345	-454.8088464419911
4.0	48.0	280.0	0.5722903999055806	0.06393801515696078	62.1952860518294	1.8301250956804866	10.60290001051443	1.9940263741677062	0.12373111911306997	0.14465792083404855	173.2691516639726	113.0	1.5333553244599345	-454.8088464419911
4.0	48.0	280.0	0.35197128781687836	0.11186384819912451	162.96158131958643	1.1652507003761077	3.175173889522452	1.1652507172608617	0.12373111911306997	0.14465792083404855	173.2691516639726	113.0	1.5333553244599345	-454.8088464419911
4.0	58.0	280.0	4.107867856279604	0.1128039771360629	17.956638257914655	0.342393302290977	4.670631937194807	0.276984361338773	0.1343772763050938	0.13089695628346554	166.03861506681238	113.0	1.4693682749275432	-439.50194017816057
4.0	58.0	280.0	3.2363576689434916	0.13428204626361626	29.530076421272113	0.35139212718926904	4.028994806856134	0.383454267286767	0.1343772763050938	0.13089695628346554	166.03861506681238	113.0	1.4693682749275432	-439.50194017816057
4.0	58.0	280.0	1.1993123143208888	0.1064529726155852	43.50869164778897	0.5536197697399066	4.157928550531512	0.6195369973439412	0.1343772763050938	0.13089695628346554	166.03861506681238	113.0	1.4693682749275432	-439.50194017816057
4.0	58.0	280.0	0.6788955238989844	0.08923680129790884	64.24504584211631	0.8922002409741003	5.80213577242357	0.9404841172951024	0.1343772763050938	0.13089695628346554	166.03861506681238	113.0	1.4693682749275432	-439.50194017816057
3.0	68.0	280.0	2.6541183297179405	0.07998050543933839	16.67499356716815	0.13242593044491302	3.3926220057870475	0.13790734492869824	0.1037035780024083	0.10103470796126854	136.66433063673847	116.0	1.1781407813511937	-535.8376927595876
3.0	68.0	280.0	4.246275691520288	0.07191547771587052	30.66507468856821	0.09239002097010647	4.3470033281797384	0.10069304106515722	0.1037035780024083	0.10103470796126854	136.66433063673847	116.0	1.1781407813511937	-535.8376927595876
3.0	68.0	280.0	0.7611751843223438	0.07386902433545757	65.79917727753427	0.44032654640405156	3.931547540040384	0.4403320024191419	0.1037035780024083	0.10103470796126854	136.66433063673847	116.0	1.1781407813511937	-535.8376927595876
3.0	78.0	280.0	0.8278033586615225	0.10010935421657209	16.679796631288486	0.37482121908454036	2.65640795106721	0.37997828431241965	0.09908040377810688	0.11799345331864847	185.08301566475086	116.0	1.5955432384892316	-509.3293423265807
3.0	78.0	280.0	5.0647657807808475	0.08082793732937472	31.845160572988195	0.07588113669232846	4.112997978894912	0.07776781371866474	0.09908040377810688	0.11799345331864847	185.08301566475086	116.0	1.5955432384892316	-509.3293423265807
3.0	78.0	280.0	0.7327622390255496	0.08831213188630592	66.01907808103778	0.4730601309788032	3.3993015362381254	0.47306013473207226	0.09908040377810688	0.11799345331864847	185.08301566475086	116.0	1.5955432384892316	-509.3293423265807
2.0	88.0	280.0	4.902758981485769	0.07793179974332816	31.858913686701754	0.07590485527371736	4.135480954677411	0.07590485625528953	0.09040336942383691	0.11844756608023096	216.06620634813513	119.0	1.8156824062868497	-519.7476787799775
2.0	88.0	280.0	0.6922645261568418	0.08806074734191957	66.12161401382276	0.47567959885200106	3.2396834051659544	0.47568511441018596	0.09040336942383691	0.11844756608023096	216.06620634813513	119.0	1.8156824062868497	-519.7476787799775
2.0	98.0	280.0	3.4931966732431063	0.07016669808695804	31.100325452306603	0.10894068665528563	4.696915363340037	0.1089406867705483	0.07766267260743932	0.11192983828291589	269.5571138336639	119.0	2.265185830534991	-530.0749513881301
2.0	98.0	280.0	0.5201091096334858	0.08947049403585759	66.20468463572386	0.5737033332273911	2.8898806995092072	0.5737143755120494	0.07766267260743932	0.11192983828291589	269.5571138336639	119.0	2.265185830534991	-530.0749513881301
2.0	108.0	280.0	2.7533436443692527	0.07093208121343968	29.969940166266085	0.17995737698518222	6.049479408015596	0.17995737742406723	0.07734904655617053	0.130095752879388	357.6795592429665	119.0	3.005710581873668	-495.72942239806423
2.0	108.0	280.0	0.40554843708243865	0.11065498771070365	65.59686645680067	0.783348991710023	2.4845745793395726	0.7833016669337024	0.07734904655617053	0.130095752879388	357.6795592429665	119.0	3.005710581873668	-495.72942239806423
1.0	118.0	280.0	3.7635099723636705	0.06954415853920322	28.654364296962708	0.14074958978101118	6.596561360627014	0.14074961516066237	0.07585077922824794	0.12947305508402182	399.69378571060327	122.0	3.2761785713983875	-493.4487023764628
1.0	128.0	280.0	4.677931611314952	0.0628320036778721	28.381905677248152	0.11762546062011342	7.584170833672863	0.11762546720733678	0.0751003177835881	0.11519350398843285	382.646519734709	122.0	3.136446883071385	-501.3828845938374
1.0	138.0	280.0	4.9377655500330775	0.058039931003925016	29.39372310260815	0.11630241665931806	8.568817426651986	0.11630241379682862	0.08974629081112213	0.12532185421030687	258.31911092664285	122.0	2.117369761693794	-505.9569016956551
2.0	148.0	280.0	3.726434628023465	0.26873041038335554	26.190649541107824	1.013505620617534	6.4031443561005705	0.5598047024193692	0.09290227758652944	0.14269550569029335	295.5505563603919	119.0	2.4836181206755623	-473.7741432710275
2.0	148.0	280.0	2.9074545251914534	0.44264593334753166	38.048625813483355	0.9479023300145476	5.308286039752764	0.4824234942307173	0.09290227758652944	0.14269550569029335	295.5505563603919	119.0	2.4836181206755623	-473.7741432710275
2.0	158.0	280.0	1.5245778663549074	0.4907033843301591	23.095942403459578	2.640258150307741	7.281477309628665	1.0955586113198805	0.06563334330557356	0.10056948388700183	294.35395120955684	119.0	2.47356261520636	-561.1473404111272
2.0	158.0	280.0	2.3271490013219855	0.39592251088308483	37.0149698426383	2.0618996555551488	7.909637042682123	0.9113602118118885	0.06563334330557356	0.10056948388700183	294.35395120955684	119.0	2.47356261520636	-561.1473404111272
4.0	168.0	280.0	0.617306787435808	0.06432445085319335	13.59646519457171	1.1549948068882239	3.9379886948100795	0.8908395413807826	0.06662992343459205	0.07579561209851948	162.05325052104985	113.0	1.4340995621331845	-617.9132547399239
4.0	168.0	280.0	0.5875378049334449	0.1597864833335401	22.842564817144737	0.9861046144640886	3.3385094895786773	1.042277144709942	0.06662992343459205	0.07579561209851948	162.05325052104985	113.0	1.4340995621331845	-617.9132547399239
4.0	168.0	280.0	1.4493839110445508	0.04400223232238531	37.737302580060756	0.5040919782138349	8.856568768712107	1.096403762533504	0.06662992343459205	0.07579561209851948	162.05325052104985	113.0	1.4340995621331845	-617.9132547399239
4.0	168.0	280.0	1.2663947004412808	0.1148110380281689	52.755787207696194	0.1867934263273072	2.986734970564109	0.27947556346676733	0.06662992343459205	0.07579561209851948	162.05325052104985	113.0	1.4340995621331845	-617.9132547399239
3.0	178.0	280.0	0.3008768960893228	0.061385246234121275	20.43438993429789	2.696335452399173	7.036580719502309	2.454752484669099	0.09955917930497474	0.0960838364575155	164.21270527636318	116.0	1.4156267696238205	-523.0794395982397
3.0	178.0	280.0	1.2646084238337645	0.08153710272438477	43.88108714139084	1.1785075950027772	8.68956440931738	0.8226282315565345	0.09955917930497474	0.0960838364575155	164.21270527636318	116.0	1.4156267696238205	-523.0794395982397
3.0	178.0	280.0	1.7459621304345085	0.15355830579412877	52.42134398639942	0.209935037517379	2.8536414712147686	0.2783088840133349	0.09955917930497474	0.0960838364575155	164.21270527636318	116.0	1.4156267696238205	-523.0794395982397
2.0	188.0	280.0	0.4542970790910642	0.0680106050227769	32.926709440452086	5.369506329289709	10.813308369136228	3.8153449467240597	0.10365650493940673	0.10452942496520894	153.05373031479036	119.0	1.2861658009646249	-528.646893814074
2.0	188.0	280.0	2.3983919744596385	0.21691353357715712	50.28533084292147	0.3841986910131005	6.040410685509164	0.3611326673828044	0.10365650493940673	0.10452942496520894	153.05373031479036	119.0	1.2861658009646249	-528.646893814074
2.0	198.0	280.0	0.33167628420778034	0.04596804286169352	23.159411836472533	1.539858245264216	8.542025760074626	1.6851943543456795	0.09324039581806005	0.0908171034903892	138.54797253249967	119.0	1.1642686767436947	-567.5688279573906
2.0	198.0	280.0	2.2060679875495266	0.05154604270545277	49.42135279792215	0.20519648948471045	6.507489533880897	0.2116058228671127	0.09324039581806005	0.0908171034903892	138.54797253249967	119.0	1.1642686767436947	-567.5688279573906
2.0	358.0	280.0	1.9338394274360025	0.06830389429134757	50.632173077832874	0.11538812852402257	3.059732818541036	0.13587249115624278	0.07258851084835881	0.07983982904548906	153.27568914044807	119.0	1.2880310011802358	-617.5347346511161
2.0	358.0	280.0	0.30499184831972853	0.03008359810608003	65.20477042845089	2.258971179078296	16.23519249267287	1.7497815775178038	0.07258851084835881	0.07983982904548906	153.27568914044807	119.0	1.2880310011802358	-617.5347346511161
2.0	368.0	280.0	2.8309008275761314	0.07254507212372394	50.831550173932904	0.11256265569961144	3.70273917318361	0.11474763197512657	0.0706981751508152	0.09643647476850231	269.7078733007667	119.0	2.266452716813166	-553.493804333644
2.0	368.0	280.0	0.38408106638840195	0.041743942638189445	79.48523424416156	1.4656952192374548	11.48033313612896	1.5766967399174905	0.0706981751508152	0.09643647476850231	269.7078733007667	119.0	2.266452716813166	-553.493804333644
1.0	378.0	280.0	4.284715968907605	0.15402388406487913	49.96218133478078	0.1625460097007163	3.9157355700448537	0.16254577488637445	0.36105376468786626	0.14729032679054543	51.36622074154866	122.0	0.42103459624220213	-359.84872038354064
3.0	388.0	280.0	6.083292632662843	0.10557040213584801	49.4821941366901	0.0683891902704817	3.4128297330239663	0.0683891898547588	0.10367591003281298	0.13031584179584788	242.524119064693	116.0	2.090725164350802	-464.207727870508
3.0	388.0	280.0	0.411492549641552	0.07518685202660456	94.409119127057	1.4193091180075477	6.731165099949866	1.4193175999930998	0.10367591003281298	0.13031584179584788	242.524119064693	116.0	2.090725164350802	-464.207727870508
3.0	388.0	280.0	0.25600027557991395	0.08590908401703247	184.64078904371488	1.9972498617182683	5.1549384437916554	1.9978638984954458	0.10367591003281298	0.13031584179584788	242.524119064693	116.0	2.090725164350802	-464.207727870508
2.0	398.0	280.0	7.116573856525295	0.09756654850589759	50.08240417668733	0.05172426618779606	3.2687695824289094	0.05196201236132907	0.10860490093520528	0.12694701764871383	184.98935213468033	119.0	1.5545323708796666	-493.29975537779984
2.0	398.0	280.0	0.8575952475217911	0.12633323003608113	63.42940184475668	0.33167286618767156	1.951805405805255	0.3335958791807417	0.10860490093520528	0.12694701764871383	184.98935213468033	119.0	1.5545323708796666	-493.29975537779984
3.0	408.0	280.0	7.695280876735774	0.0917050773078385	51.743753494474475	0.04766608124052998	3.4476028488599404	0.049316554920153306	0.08632563067295966	0.11874258745922768	261.84594576879874	116.0	2.25729263593792	-500.41164005827625
3.0	408.0	280.0	2.27996445834263	0.10681851689799898	64.62358670193933	0.13809339722824815	2.5150630140679078	0.14111783285479834	0.08632563067295966	0.11874258745922768	261.84594576879874	116.0	2.25729263593792	-500.41164005827625
3.0	408.0	280.0	0.28225208323277773	0.10040930603144305	185.02113589672746	1.1605064137241679	2.8217364409385097	1.160458104851158	0.08632563067295966	0.11874258745922768	261.84594576879874	116.0	2.25729263593792	-500.41164005827625
3.0	418.0	280.0	7.600177048123922	0.08681028212087756	53.47585570099846	0.04871949257585606	3.633539551073845	0.05154679393249924	0.07427301048179392	0.12059057001862361	330.08713082538856	116.0	2.84557871401197	-509.05632917755895
3.0	418.0	280.0	3.3124351643966836	0.10167869272868298	66.05113563009485	0.0953547385733308	2.5934599149689053	0.0982946866079088	0.07427301048179392	0.12059057001862361	330.08713082538856	116.0	2.84557871401197	-509.05632917755895
3.0	418.0	280.0	0.34521326956300313	0.08060853330683991	186.37414279510304	1.102513411261644	4.089059062420212	1.1025397499017588	0.07427301048179392	0.12059057001862361	330.08713082538856	116.0	2.84557871401197	-509.05632917755895
3.0	428.0	280.0	6.350796027871803	0.10047803563150404	54.73039851850753	0.07012655734374268	3.7154980371729165	0.07527338901794842	0.08348373672247283	0.13618476300769203	355.11040211696087	116.0	3.0612965699738006	-470.69626711724743
3.0	428.0	280.0	2.619920430839751	0.11584300105799314	67.1810176746019	0.14720640800283713	2.718422307453567	0.1526031580391554	0.08348373672247283	0.13618476300769203	355.11040211696087	116.0	3.0612965699738006	-470.69626711724743
3.0	428.0	280.0	0.246507433923547	0.08628081437228954	186.68909105391052	1.960919646063935	4.85608826274901	1.9628692887222663	0.08348373672247283	0.13618476300769203	355.11040211696087	116.0	3.0612965699738006	-470.69626711724743
2.0	438.0	280.0	5.105142888171875	0.16545246322987084	55.25416286289145	0.22344729469632466	3.4793050899975215	0.18256468764604702	0.09755278902346942	0.17980002165044423	471.0704230980851	119.0	3.9585749840175217	-403.2918080228554
2.0	438.0	280.0	1.7273544676618946	0.12922665553557322	65.71543767005758	0.7620116919903966	4.242706842966473	0.673847081980981	0.09755278902346942	0.17980002165044423	471.0704230980851	119.0	3.9585749840175217	-403.2918080228554
3.0	448.0	280.0	0.6360903159052824	0.18430116578563674	43.43066843274203	0.4827174777440176	1.4628569260565478	0.5096983973688457	0.0744607242557638	0.15937256139228492	574.1981539458747	116.0	4.949984085740299	-439.2230516386449
3.0	448.0	280.0	4.8745425113086345	0.10465136827134502	57.45431046665451	0.1084865283037266	4.375695597528805	0.1145692328037399	0.0744607242557638	0.15937256139228492	574.1981539458747	116.0	4.949984085740299	-439.2230516386449
3.0	448.0	280.0	2.206241610573717	0.4187770973525964	69.15752318998273	0.1221199802420076	1.1571584943131272	0.2750489604664604	0.0744607242557638	0.15937256139228492	574.1981539458747	116.0	4.949984085740299	-439.2230516386449
2.0	458.0	280.0	5.241868165432531	0.14279693079572078	58.30936341220509	0.12552886396929233	3.990342300989675	0.1255286620872798	0.07895989483068083	0.21328709396212933	917.606051538061	119.0	7.710975223008917	-372.8101366088041
2.0	458.0	280.0	0.24227959250453196	0.12265464260828485	190.40469366496686	3.260861613737273	5.564203145281547	3.4210316944172585	0.07895989483068083	0.21328709396212933	917.606051538061	119.0	7.710975223008917	-372.8101366088041
1.0	468.0	280.0	5.29985081347301	0.1210137710956275	59.12208340233479	0.09465425341473854	3.5899229658548535	0.09465417138794087	0.07482481167329515	0.17339704058250494	676.8409301502887	122.0	5.547876476641711	-431.0111173915708
1.0	478.0	280.0	5.875139338816498	0.10551497307046641	60.19794886952391	0.07644881946473248	3.6862373926705407	0.07644872123996199	0.0863178316175379	0.1500645148352141	397.0440979036235	122.0	3.2544598188821596	-461.9630677742477
1.0	488.0	280.0	6.059562968710095	0.13280821745801072	60.88984612697579	0.1181330966455236	4.667626598787971	0.1181329868065665	0.10345333605723299	0.2168016293440362	554.4795050158467	122.0	4.544913975539727	-374.9441433727781
1.0	498.0	280.0	5.22096278306212	0.1367195697775186	62.230431308297035	0.21591628994652304	7.140172282369274	0.21591617097050622	0.10893189871137163	0.27639066510648114	810.7586634426555	122.0	6.645562815103733	-314.5510069260839
5.0	508.0	280.0	2.132268171936535	0.1731333283546059	50.82976049282187	0.5534076761420034	3.8226799252300667	0.3543538369798191	0.08292987105392667	0.11114542859229265	248.25269740630415	110.0	2.2568427036936742	-502.2696402187906
5.0	508.0	280.0	3.240771505820059	0.9061854912705507	60.73344941132478	0.1265914547856483	2.2842367805713697	0.3177958253323006	0.08292987105392667	0.11114542859229265	248.25269740630415	110.0	2.2568427036936742	-502.2696402187906
5.0	508.0	280.0	3.665016362653871	0.26932906804346546	67.13529054907875	0.851479743721583	5.626728088858056	1.4216935671781714	0.08292987105392667	0.11114542859229265	248.25269740630415	110.0	2.2568427036936742	-502.2696402187906
5.0	508.0	280.0	1.8692927662936143	0.23558416440003313	81.59061589965113	1.610646639821679	6.037764261853318	0.8868244458396555	0.08292987105392667	0.11114542859229265	248.25269740630415	110.0	2.2568427036936742	-502.2696402187906
5.0	508.0	280.0	0.36796924301127965	0.0778730089726692	116.50265360234971	1.058629562988415	4.332113715381123	1.0586479111295102	0.08292987105392667	0.11114542859229265	248.25269740630415	110.0	2.2568427036936742	-502.2696402187906
4.0	518.0	280.0	1.9505667717728539	0.10956944772829376	49.900984532331236	0.2325090624277999	3.2461951661565376	0.23646355968428254	0.0754272994963525	0.14180874885004624	455.7365523891113	113.0	4.03306683530187	-457.6606413583712
4.0	518.0	280.0	4.977642052727264	0.0853107643162318	67.35738320944108	0.20316527170839185	5.902141267562182	0.2257763278042925	0.0754272994963525	0.14180874885004624	455.7365523891113	113.0	4.03306683530187	-457.6606413583712
4.0	518.0	280.0	3.1767880220813076	0.08776942394750288	84.03078278725951	0.32650095124314216	5.611249770162951	0.29112817685217723	0.0754272994963525	0.14180874885004624	455.7365523891113	113.0	4.03306683530187	-457.6606413583712
4.0	518.0	280.0	0.5028385748629437	0.0819572324393932	117.87367689219371	1.088292120061808	5.782713601518197	1.0885854705584388	0.0754272994963525	0.14180874885004624	455.7365523891113	113.0	4.03306683530187	-457.6606413583712
4.0	528.0	280.0	1.3065805204185128	0.09916185089537571	50.01628899572441	0.3759719621964799	4.048164647372756	0.39437820626909137	0.08513046930074901	0.1317783499123369	360.14620526050345	113.0	3.1871345598274643	-456.8323101230313
4.0	528.0	280.0	5.190954418653593	0.09261290323359025	67.63359680566114	0.12530181865379422	4.890428649996299	0.14858164569176632	0.08513046930074901	0.1317783499123369	360.14620526050345	113.0	3.1871345598274643	-456.8323101230313
4.0	528.0	280.0	4.038570553131587	0.08925123983100236	84.1501456086134	0.1665827780485762	5.065702326835151	0.17503978493608813	0.08513046930074901	0.1317783499123369	360.14620526050345	113.0	3.1871345598274643	-456.8323101230313
4.0	528.0	280.0	0.41087812756999054	0.07214961784520764	120.01390412734679	1.5232582989172194	7.513252040444456	1.524330143407239	0.08513046930074901	0.1317783499123369	360.14620526050345	113.0	3.1871345598274643	-456.8323101230313
4.0	538.0	280.0	1.2132211753666395	0.08305480540724836	53.13944968324449	0.20718833586275492	2.40009519073544	0.2099471083404987	0.06162429499531404	0.08957348128631147	284.8096637292337	113.0	2.520439502028617	-566.9506357833693
4.0	538.0	280.0	4.238405983966891	0.05926058853268079	66.9699938558628	0.09201417436123427	5.323803729961079	0.11997229866856106	0.06162429499531404	0.08957348128631147	284.8096637292337	113.0	2.520439502028617	-566.9506357833693
4.0	538.0	280.0	3.135270291001724	0.06489411306410922	83.49183837863372	0.10709795742439777	3.8773045078168336	0.11044634736893272	0.06162429499531404	0.08957348128631147	284.8096637292337	113.0	2.520439502028617	-566.9506357833693
4.0	538.0	280.0	0.27707690172759364	0.052142432102975596	121.6245213887588	1.294798325901539	5.9586553272274	1.2947985866815892	0.06162429499531404	0.08957348128631147	284.8096637292337	113.0	2.520439502028617	-566.9506357833693
3.0	548.0	280.0	1.966036855177831	0.11375076754941293	54.56676318133073	0.14920973277440977	2.2436142442909954	0.1607113456682166	0.08470450650023699	0.10331997684118292	204.22141556525844	116.0	1.76052944452809	-536.2200211387311
3.0	548.0	280.0	2.551373655086867	0.06584760604526199	66.45724245885599	0.2130572024074335	5.904878313280075	0.2786703540090564	0.08470450650023699	0.10331997684118292	204.22141556525844	116.0	1.76052944452809	-536.2200211387311
3.0	548.0	280.0	0.8561389975418999	0.09370397981760967	82.35984174395327	0.3331968276469654	2.466158885638816	0.3383390813152598	0.08470450650023699	0.10331997684118292	204.22141556525844	116.0	1.76052944452809	-536.2200211387311
1.0	558.0	280.0	4.447078153088071	0.1451867779309877	55.55568306001322	0.11238620426985757	2.981265044365272	0.1123862801469483	0.07587883704281743	0.18985805437935835	786.7209293783895	122.0	6.448532208019587	-408.70938411336493
2.0	568.0	280.0	6.213822630211538	0.14831673291939143	56.29404469175126	0.10499991733924462	3.8097006010711327	0.10499993133395541	0.07635875422193754	0.2144981095633595	1010.5374660819365	119.0	8.49191147968014	-369.125799838215
2.0	568.0	280.0	0.21451682082977214	0.14370111908568134	191.49750226427292	3.160514482196018	4.090446938457051	3.203797423459997	0.07635875422193754	0.2144981095633595	1010.5374660819365	119.0	8.49191147968014	-369.125799838215
1.0	578.0	280.0	6.334519122430428	0.12665849703397628	57.519075740722656	0.10931450727611823	4.734715985732943	0.10931453528127985	0.2229982022523934	0.2090738729062946	110.09542380515788	122.0	0.9024215065996547	-385.01867460365884
2.0	588.0	280.0	5.02370702092611	0.11877341676235922	57.73498482510102	0.1321403180540234	4.840286078389698	0.13214031795838257	0.07523661921866309	0.19386733289818453	848.1089283407083	119.0	7.1269657843757	-394.73051987339466
2.0	588.0	280.0	0.2453098209238345	0.1522338971316837	189.87144765682143	2.1129467314748163	2.9418543824700603	2.1127886071933246	0.07523661921866309	0.19386733289818453	848.1089283407083	119.0	7.1269657843757	-394.73051987339466
2.0	598.0	280.0	3.308136929317958	0.13449241730770456	56.77671600341563	0.25152445509005156	5.357925574588362	0.25152484001063374	0.07517273091271434	0.218056254016722	1205.790503645971	119.0	10.132693307949337	-350.95770510604916
2.0	598.0	280.0	0.5504926637438866	0.16765267161110828	87.44791817570744	1.212549514388006	3.4480313701431653	1.2125510505292993	0.07517273091271434	0.218056254016722	1205.790503645971	119.0	10.132693307949337	-350.95770510604916
2.0	608.0	280.0	2.4174265338661893	0.1345630217708461	55.65389111456285	0.367215973667245	5.713412312064089	0.3672848260955692	0.0736733733413095	0.22669102080449308	1339.9122434506066	119.0	11.25976675168577	-342.81088501228857
2.0	608.0	280.0	1.216990780690026	0.14603381393841536	86.91973100268699	0.6721255089020761	4.851237915086094	0.6722410609223173	0.0736733733413095	0.22669102080449308	1339.9122434506066	119.0	11.25976675168577	-342.81088501228857
2.0	618.0	280.0	1.488588490940941	0.07736439116039426	55.52108517975932	0.49035080251659313	8.084486700581122	0.5092052526818035	0.0670357702056532	0.16190415940477526	742.8612341794983	119.0	6.24253137965965	-440.14592447243393
2.0	618.0	280.0	1.3448001170898212	0.08159079259954838	87.94416011239932	0.5146492566388042	7.233544748601755	0.5314118179301038	0.0670357702056532	0.16190415940477526	742.8612341794983	119.0	6.24253137965965	-440.14592447243393
3.0	628.0	280.0	1.0743040839404994	0.06186568509902394	48.50211770574445	0.336793638177983	4.603260311908013	0.3595308262981356	0.06588710121902239	0.09496786967506837	270.16001654039184	116.0	2.3289656598309643	-564.0503424267241
3.0	628.0	280.0	1.0650250872674545	0.06141249727522401	65.58337887305235	0.3500842055505478	4.705680390816605	0.39330207144279244	0.06588710121902239	0.09496786967506837	270.16001654039184	116.0	2.3289656598309643	-564.0503424267241
3.0	628.0	280.0	1.1983499916844191	0.046160864662340616	91.40000725655034	0.3779003764003765	8.338380270522013	0.4041503132163198	0.06588710121902239	0.09496786967506837	270.16001654039184	116.0	2.3289656598309643	-564.0503424267241
5.0	638.0	280.0	1.3103370059942094	0.11690698325021287	48.74135405431364	0.22942817150518566	2.227807061277168	0.2297338021854868	0.09436744613942444	0.11848853053826394	222.01420693548332	110.0	2.0183109721407573	-483.9326544401112
5.0	638.0	280.0	1.2971111340485748	0.09285124808948372	65.19654023483135	0.3008013172308726	3.543901955448278	0.3056120186782864	0.09436744613942444	0.11848853053826394	222.01420693548332	110.0	2.0183109721407573	-483.9326544401112
5.0	638.0	280.0	0.3186965002113729	0.13640280801817575	87.03003378448594	0.9374195523438331	2.0286848827232657	1.107126054958324	0.09436744613942444	0.11848853053826394	222.01420693548332	110.0	2.0183109721407573	-483.9326544401112
5.0	638.0	280.0	0.9341439200036368	0.06162558720367569	96.94470490340997	1.1117483818479224	11.293403125255859	1.040610453545581	0.09436744613942444	0.11848853053826394	222.01420693548332	110.0	2.0183109721407573	-483.9326544401112
5.0	638.0	280.0	1.1269486245066251	0.10844172723591568	119.28882030071796	0.320590823349918	2.956587779555975	0.3516744223342689	0.09436744613942444	0.11848853053826394	222.01420693548332	110.0	2.0183109721407573	-483.9326544401112
4.0	648.0	280.0	1.0482271746406202	0.11097639975611558	48.64230830541486	0.2968499355080488	2.4290134014821705	0.2969091246149836	0.09595631160820901	0.11746442932488951	216.84217671912253	113.0	1.9189573160984295	-490.3228484168207
4.0	648.0	280.0	1.6696524753073059	0.10606605947808566	64.01914975438942	0.1970957432389858	2.6692370117355715	0.19878346125841354	0.09595631160820901	0.11746442932488951	216.84217671912253	113.0	1.9189573160984295	-490.3228484168207
4.0	648.0	280.0	0.9933526113330443	0.05379770989581749	96.50263269328244	1.0814551798449619	11.460243086253314	1.176305631593427	0.09595631160820901	0.11746442932488951	216.84217671912253	113.0	1.9189573160984295	-490.3228484168207
4.0	648.0	280.0	3.1194667361012525	0.10934811180765001	117.2885383343105	0.15503828016078133	4.292678313222598	0.17733906566811997	0.09595631160820901	0.11746442932488951	216.84217671912253	113.0	1.9189573160984295	-490.3228484168207
4.0	658.0	280.0	0.8131023857562588	0.08745143499007531	48.32456521924813	0.3546285482523133	2.8567247093224024	0.35478493777397235	0.07049207218546921	0.10798465324454957	293.3834424670909	113.0	2.596313650151247	-529.6322057154043
4.0	658.0	280.0	1.4766237447577968	0.09167482321470205	63.912630610234	0.1864417266176507	2.598818254550634	0.18661693930259649	0.07049207218546921	0.10798465324454957	293.3834424670909	113.0	2.596313650151247	-529.6322057154043
4.0	658.0	280.0	0.9919559054856742	0.05324582272265604	93.45480227321342	0.5162258710378181	8.077148848785727	0.5608360458785026	0.07049207218546921	0.10798465324454957	293.3834424670909	113.0	2.596313650151247	-529.6322057154043
4.0	658.0	280.0	4.932566594110255	0.07150257112990446	116.71942779530977	0.07677060532353129	4.27963764485804	0.07802999146331409	0.07049207218546921	0.10798465324454957	293.3834424670909	113.0	2.596313650151247	-529.6322057154043
4.0	668.0	280.0	0.7572973706612405	0.10470962980291616	48.90764359330859	0.5912288114904131	3.6995005463671093	0.6026992012969368	0.08180736711333968	0.1328498936317651	400.4206090352991	113.0	3.543545212701762	-453.53605745251167
4.0	668.0	280.0	1.077160239691991	0.12030964898529561	63.74851202438937	0.36173572661978265	2.78849375096071	0.36675186704510815	0.08180736711333968	0.1328498936317651	400.4206090352991	113.0	3.543545212701762	-453.53605745251167
4.0	668.0	280.0	1.0578260550381875	0.0791259765409116	93.19247898099947	0.5651198744645806	6.520676667807612	0.5831801290719539	0.08180736711333968	0.1328498936317651	400.4206090352991	113.0	3.543545212701762	-453.53605745251167
4.0	668.0	280.0	5.222265193158232	0.09401463178754592	117.38899029977412	0.09632063413960099	4.571565502853591	0.09816950449004973	0.08180736711333968	0.1328498936317651	400.4206090352991	113.0	3.543545212701762	-453.53605745251167
4.0	678.0	280.0	0.7295461301991315	0.09521729356309379	49.7836925335093	1.0227826102833475	4.4911533188861075	0.9951474564051705	0.09039486111208957	0.13426477285195412	323.02302600137034	113.0	2.858610849569649	-455.4300166268597
4.0	678.0	280.0	0.7336459547211299	0.09174801449760522	64.08972640081997	1.056312182069751	4.850520230320918	1.0586182476227646	0.09039486111208957	0.13426477285195412	323.02302600137034	113.0	2.858610849569649	-455.4300166268597
4.0	678.0	280.0	0.7925752248137219	0.0830079510098181	95.39739727170205	0.7262739893067672	5.892338570039135	0.7651830472396268	0.09039486111208957	0.13426477285195412	323.02302600137034	113.0	2.858610849569649	-455.4300166268597
4.0	678.0	280.0	3.7400604109504685	0.08989193965698614	117.46818117836496	0.14205788304183012	4.968718124093032	0.14764527410699277	0.09039486111208957	0.13426477285195412	323.02302600137034	113.0	2.858610849569649	-455.4300166268597
5.0	688.0	280.0	0.9151713332735503	0.0630222890463341	52.203409949984554	0.2950281417029821	3.357116049794292	0.3285810087493223	0.07267613159077298	0.08018173486298269	153.0609456403864	110.0	1.3914631421853307	-595.7165905120066
5.0	688.0	280.0	1.5098097082752913	0.10395623994394887	60.934628191132504	0.14877001849594623	1.702566167240878	0.18126274815279128	0.07267613159077298	0.08018173486298269	153.0609456403864	110.0	1.3914631421853307	-595.7165905120066
5.0	688.0	280.0	0.5801796341304012	0.061618969429600254	68.37553965356176	0.65100158482124	3.569010611646659	0.7005632025771897	0.07267613159077298	0.08018173486298269	153.0609456403864	110.0	1.3914631421853307	-595.7165905120066
5.0	688.0	280.0	0.3484951324552088	0.0630667646107308	112.64778048327784	1.7378113248822515	16.754871858235614	2.2055156018688415	0.07267613159077298	0.08018173486298269	153.0609456403864	110.0	1.3914631421853307	-595.7165905120066
5.0	688.0	280.0	1.3087429989542512	0.07593433697456244	115.87471576656388	0.21004973908929062	4.052492297659112	0.28351616158112264	0.07267613159077298	0.08018173486298269	153.0609456403864	110.0	1.3914631421853307	-595.7165905120066
5.0	698.0	280.0	1.075613855193208	0.054355857571540746	53.66651379946504	0.5769215463642129	3.7957006577554537	0.4757242363387215	0.08038597828431475	0.06843647191889439	90.8650191535233	110.0	0.8260456286683937	-635.6925393863404
5.0	698.0	280.0	2.0011556695381008	0.15801916712019554	60.13523092864355	0.13274141025849154	1.9367291979735541	0.14510524009332906	0.08038597828431475	0.06843647191889439	90.8650191535233	110.0	0.8260456286683937	-635.6925393863404
5.0	698.0	280.0	0.7323168127564804	0.05461711072950618	68.62168556510822	0.3341839470298806	3.2574073900864953	0.3695072676638951	0.08038597828431475	0.06843647191889439	90.8650191535233	110.0	0.8260456286683937	-635.6925393863404
5.0	698.0	280.0	0.3895928190954024	0.05394498643747841	111.96115208850607	0.5754477635404235	3.140609117335675	0.5974414522612935	0.08038597828431475	0.06843647191889439	90.8650191535233	110.0	0.8260456286683937	-635.6925393863404
5.0	698.0	280.0	0.41550934100009945	0.04860028756441433	124.65190308480877	0.6017922635281626	4.018493055474783	0.6571809205842111	0.08038597828431475	0.06843647191889439	90.8650191535233	110.0	0.8260456286683937	-635.6925393863404
1.0	8.0	290.0	6.343517463602802	0.4034224175506308	17.992409999570278	0.38064040544563443	5.181805344497651	0.3806386339930301	0.5672893176938317	0.6501014915775444	188.92748141599446	122.0	1.5485859132458564	-84.09027273808161
2.0	18.0	290.0	6.494165044401134	0.2610615185159941	15.933106490350802	0.2903390303309771	6.254906374563119	0.29034089631944837	0.27846255627861505	0.4809173984361253	386.5177232681956	119.0	3.248048094690719	-165.79805653009268
2.0	18.0	290.0	1.590086903629121	0.3321476184562465	49.890752578300656	0.9322634756295142	3.861941344135425	0.9322503874926559	0.27846255627861505	0.4809173984361253	386.5177232681956	119.0	3.248048094690719	-165.79805653009268
3.0	28.0	290.0	5.68968479005485	0.18465513119058374	15.435430206948727	0.2728043818236287	7.278618171715728	0.2728080605999078	0.16941320057072523	0.36807072199180996	592.6875505944687	116.0	5.109375436159213	-229.7442228587269
3.0	28.0	290.0	1.5594361038901972	0.31621697971241874	49.09843046752734	0.7011360143767161	2.6616040238784495	0.705131233045386	0.16941320057072523	0.36807072199180996	592.6875505944687	116.0	5.109375436159213	-229.7442228587269
3.0	28.0	290.0	1.0222987759034798	0.2182611580775521	62.49019198447725	1.5901934941887135	5.615692545374156	1.7718520367075354	0.16941320057072523	0.36807072199180996	592.6875505944687	116.0	5.109375436159213	-229.7442228587269
3.0	38.0	290.0	4.789351950070343	0.11681529748127813	19.227499211042463	0.20968500920025615	7.447608606193574	0.2102238648820891	0.12911941913752187	0.23271159558970117	417.1491793393894	116.0	3.596113614994736	-341.5479052900783
3.0	38.0	290.0	0.8867026716357618	0.22701848061769042	47.91807375988635	0.9174290336411923	3.2754229546802964	0.9950369686490919	0.12911941913752187	0.23271159558970117	417.1491793393894	116.0	3.596113614994736	-341.5479052900783
3.0	38.0	290.0	0.7933795353267196	0.11755063969057819	62.98077075220058	2.085711150222799	7.97300886391475	2.185959001818347	0.12911941913752187	0.23271159558970117	417.1491793393894	116.0	3.596113614994736	-341.5479052900783
3.0	48.0	290.0	4.88472023443964	0.07107399779712457	21.707271620185608	0.1252192913754126	7.417579362597223	0.13102641658147654	0.1218254929285569	0.1408848874761281	168.64337020714697	116.0	1.4538221569581635	-469.29212956389637
3.0	48.0	290.0	1.3623779872212605	0.11943511043806557	44.22338987719206	0.34789219342177513	3.4047919767235735	0.37933957960305087	0.1218254929285569	0.1408848874761281	168.64337020714697	116.0	1.4538221569581635	-469.29212956389637
3.0	48.0	290.0	0.6410971276000422	0.06613991980874483	62.16003024403457	1.4096752741978362	9.105693055861336	1.5480403050773537	0.1218254929285569	0.1408848874761281	168.64337020714697	116.0	1.4538221569581635	-469.29212956389637
4.0	58.0	290.0	3.664754805892301	0.1869219278141548	18.36836923803372	0.775380173388185	5.5218775135710985	0.5000985822783027	0.13733738051457642	0.1375303493129866	168.9072266814729	113.0	1.4947542184201141	-431.91348891361855
4.0	58.0	290.0	3.44561399677525	0.3130706774335639	29.768712349245263	0.5144572490487188	4.339892133466346	0.5970466619341238	0.13733738051457642	0.1375303493129866	168.9072266814729	113.0	1.4947542184201141	-431.91348891361855
4.0	58.0	290.0	1.9343338164187558	0.11534353119141412	42.72824501204119	0.6062435377248647	4.518757052208384	0.662004212286126	0.13733738051457642	0.1375303493129866	168.9072266814729	113.0	1.4947542184201141	-431.91348891361855
4.0	58.0	290.0	0.6845661097403	0.0797711740634118	62.85050707630212	1.403076289493833	8.09900283234652	1.5309092819412637	0.13733738051457642	0.1375303493129866	168.9072266814729	113.0	1.4947542184201141	-431.91348891361855
2.0	68.0	290.0	3.7969562832173684	0.1017634792659692	30.306118492182414	0.2746375927281918	8.834496144927192	0.28351106680419624	0.015255012851782806	0.20811928351431358	27178.064837623402	119.0	228.38709947582691	-360.26844645064625
2.0	68.0	290.0	0.6749097708989945	0.1157534233000068	64.23852541665029	1.358249634508208	6.771495420683218	1.3884678136198918	0.015255012851782806	0.20811928351431358	27178.064837623402	119.0	228.38709947582691	-360.26844645064625
3.0	78.0	290.0	4.6039389702470075	0.06303697718571141	32.02972180584236	0.0737941835708286	4.667536058639359	0.07379517036802127	0.09960762371244675	0.09869913341471533	128.11548543597385	116.0	1.1044438399652918	-553.9866323868683
3.0	78.0	290.0	0.6208805574294567	0.05872483368500108	64.48930476940835	0.5873643688507111	5.378416801104321	0.5873733077575821	0.09960762371244675	0.09869913341471533	128.11548543597385	116.0	1.1044438399652918	-553.9866323868683
3.0	78.0	290.0	0.24743192409450554	0.08415793614739231	166.974685333062	1.0287338336168672	2.617462679255202	1.0287285534117516	0.09960762371244675	0.09869913341471533	128.11548543597385	116.0	1.1044438399652918	-553.9866323868683
2.0	88.0	290.0	4.327834585608899	0.0865627448535261	32.02842384246819	0.0948882898725312	4.108531142384432	0.0948883108851678	0.0795495412834508	0.12980286012884187	342.0356947077066	119.0	2.8742495353588793	-494.3067876446115
2.0	88.0	290.0	0.6696539842389508	0.07997223524774766	65.19253376458629	0.6637144177978248	4.81456388754427	0.6637178998440058	0.0795495412834508	0.12980286012884187	342.0356947077066	119.0	2.8742495353588793	-494.3067876446115
2.0	98.0	290.0	2.9915777195969997	0.07708330755966128	31.534170027401405	0.13226079748310676	4.445305861314476	0.13226079910304106	0.07852156850535574	0.11946154548421734	301.19314924170925	119.0	2.5310348675773886	-513.4538673835145
2.0	98.0	290.0	0.5066967101474341	0.07624600844574189	65.8917342232519	0.7893135574726633	4.5450898112280695	0.7893213060804602	0.07852156850535574	0.11946154548421734	301.19314924170925	119.0	2.5310348675773886	-513.4538673835145
1.0	108.0	290.0	2.3152278080223074	0.08162001684154738	29.39826736354532	0.24197570309701597	5.943941775064575	0.2419755345962426	0.15692323937594643	0.13385621656645325	115.91068869704817	122.0	0.9500876122708867	-466.4363495625029
1.0	118.0	290.0	2.9860587995777763	0.0641254999448506	28.253538727566237	0.17104381782988765	6.897018376616884	0.1710436525525164	0.08838375712081054	0.12499358276407303	261.7103939960856	122.0	2.145167163902341	-508.15116871670034
1.0	128.0	290.0	3.177609912330835	0.0604292343655215	28.216553906391855	0.1752475486416227	7.981356784031398	0.1752476716472143	0.07112906260666899	0.1243518948615779	415.20553532150063	122.0	3.4033240600123005	-504.75732645921454
1.0	138.0	290.0	3.8610427222453776	0.0668401667595686	29.170184828180982	0.16128084471387452	8.068561081304543	0.1612808849967472	0.07450405243470364	0.144008271880286	468.07394012794674	122.0	3.836671640393006	-478.18637276202884
1.0	148.0	290.0	4.897618952999214	0.08172000971268452	30.84238345016923	0.16089520847455274	8.350717947555918	0.16089518963468735	0.08696075443155214	0.17626309718894168	531.559509081561	122.0	4.357045156406238	-423.63691282053196
1.0	158.0	290.0	3.8525305473310656	0.060942734444323014	32.869802078191974	0.17282272846599392	9.461644484033227	0.17282275383040488	0.0911080860728219	0.14161731114311954	305.1425188047479	122.0	2.501168186924163	-481.3690289457613
4.0	168.0	290.0	0.47643135392347735	0.060583078276536556	16.817156416419987	4.094281555257158	9.67871189380255	2.725871778299563	0.06853167289082898	0.07542474283722793	161.36738074058067	113.0	1.428029918058236	-611.4078643504947
4.0	168.0	290.0	0.8300460827608509	0.14271578810093094	24.481940452565183	0.2951799502607679	2.365855941298596	0.4019424936697798	0.06853167289082898	0.07542474283722793	161.36738074058067	113.0	1.428029918058236	-611.4078643504947
4.0	168.0	290.0	2.1360416007496843	0.12205616039717508	37.268057707526076	0.39447990791906956	6.092067720046584	0.45105414264917165	0.06853167289082898	0.07542474283722793	161.36738074058067	113.0	1.428029918058236	-611.4078643504947
4.0	168.0	290.0	1.8366495903828726	0.06690084404798562	51.96880965993207	0.23340052770699465	3.9364347682148386	0.20149809588858472	0.06853167289082898	0.07542474283722793	161.36738074058067	113.0	1.428029918058236	-611.4078643504947
3.0	178.0	290.0	0.35185719775053514	0.0873659724333119	13.011070754907518	0.5408639137105974	1.9033456864027158	0.559091355904702	0.07694571863852502	0.08770592319264219	164.3470154038403	116.0	1.4167846155503474	-587.390246896165
3.0	178.0	290.0	1.3114458322889213	0.049445891497411576	42.27890127272002	0.6370082728517248	11.743284629588072	0.42757005769619094	0.07694571863852502	0.08770592319264219	164.3470154038403	116.0	1.4167846155503474	-587.390246896165
3.0	178.0	290.0	1.8898426253670462	0.0878946651435748	52.429201161856255	0.14581045467041198	3.2815418112111763	0.18597382672261253	0.07694571863852502	0.08770592319264219	164.3470154038403	116.0	1.4167846155503474	-587.390246896165
2.0	188.0	290.0	0.6554406808098173	0.11994284112899448	36.95847743576159	5.25367031901761	11.483822596449516	2.8580999150538604	0.0857213665392985	0.08790820359971488	144.1938374419073	119.0	1.2117129196798933	-583.5958334391514
2.0	188.0	290.0	2.288699031367473	0.3220143160425841	51.27281044807933	0.26779380017772464	6.031758488546677	0.45426738479070383	0.0857213665392985	0.08790820359971488	144.1938374419073	119.0	1.2117129196798933	-583.5958334391514
3.0	198.0	290.0	0.37776516456882475	0.03914415943524992	19.53430540912692	2.0577479196076824	7.665537217898285	1.7880463468338732	0.06991948948662863	0.07564636915353963	148.28509306122555	116.0	1.2783197677691858	-624.1846213741916
3.0	198.0	290.0	0.3500845416321618	0.11539304651530943	30.125422203980428	0.5903094622775661	2.507789602902989	0.8712002894449844	0.06991948948662863	0.07564636915353963	148.28509306122555	116.0	1.2783197677691858	-624.1846213741916
3.0	198.0	290.0	2.641938337012422	0.040543034786541345	50.25575021916274	0.12105824663831173	6.563224522673518	0.12571684610286354	0.06991948948662863	0.07564636915353963	148.28509306122555	116.0	1.2783197677691858	-624.1846213741916
4.0	208.0	290.0	0.43767714477210856	0.04370457537138422	15.206537344554345	0.8515816021024694	6.889332207425916	0.9474474153142262	0.07216819202050333	0.07968779173940121	157.70825400971242	113.0	1.3956482655726763	-601.3491197808054
4.0	208.0	290.0	0.43412511083140787	0.07701409777731924	30.432931717531723	0.46882934835942824	2.222077586324414	0.49044829835768383	0.07216819202050333	0.07968779173940121	157.70825400971242	113.0	1.3956482655726763	-601.3491197808054
4.0	208.0	290.0	2.334552817051768	0.047610861522035884	50.596757210641094	0.16111327742540954	5.862874182564653	0.18048322764946217	0.07216819202050333	0.07968779173940121	157.70825400971242	113.0	1.3956482655726763	-601.3491197808054
4.0	208.0	290.0	0.633153474006338	0.06087662100348824	65.83965970020046	0.45689159501586574	3.430639740707739	0.4536159676790911	0.07216819202050333	0.07968779173940121	157.70825400971242	113.0	1.3956482655726763	-601.3491197808054
2.0	358.0	290.0	2.3088531533176306	0.08258050178663652	49.52224603012855	0.1458578336983412	3.531221109363557	0.14595789923132266	0.07845090531829586	0.11374072434067185	275.01178896028335	119.0	2.3110234366410367	-525.0461719947756
2.0	358.0	290.0	0.32207182436463483	0.06630973879500612	74.59366072801834	1.3019943488321328	5.475899625443701	1.3032238939542429	0.07845090531829586	0.11374072434067185	275.01178896028335	119.0	2.3110234366410367	-525.0461719947756
1.0	368.0	290.0	2.5392820978388846	0.08878637294643914	50.530669413634726	0.1343249906192232	3.326635291587089	0.1343245720262279	0.06724119935112535	0.12148118282539028	418.0918412823511	122.0	3.4269823055930417	-517.9438600483844
1.0	378.0	290.0	3.370922269349228	0.09184844911121881	50.87850480805687	0.12689316424010375	4.032766853128021	0.12689289133624948	0.36105376468786626	0.10138603159370212	18.812427054627385	122.0	0.15420022175924086	-485.4066088082652
3.0	388.0	290.0	4.223698806071113	0.7777102394590861	49.50558380152159	0.1393967190311819	2.8065408690997793	0.2697556374067335	0.08701954460793615	0.12844209373072732	310.83264476386506	116.0	2.6795917652057333	-476.97280254312
3.0	388.0	290.0	1.429964699399708	0.33015397818542236	55.6511138639962	2.6364532286641578	5.304888197377608	1.3035899061974798	0.08701954460793615	0.12844209373072732	310.83264476386506	116.0	2.6795917652057333	-476.97280254312
3.0	388.0	290.0	0.3399583909315689	0.10194291299160477	96.28772823641818	1.1442868179604766	3.3047221516150502	1.1442868777607942	0.08701954460793615	0.12844209373072732	310.83264476386506	116.0	2.6795917652057333	-476.97280254312
2.0	398.0	290.0	6.607686123959067	0.11193721896046191	50.47079960444386	0.08365555866940737	3.1764230846913852	0.08472519468364771	0.07452716820980888	0.14756517115416712	494.8346097023522	119.0	4.158274031112204	-464.44729116970245
2.0	398.0	290.0	1.382838926685621	0.10708209336590449	61.28268239587052	0.41961155703089514	3.538131765753519	0.4402505700808724	0.07452716820980888	0.14756517115416712	494.8346097023522	119.0	4.158274031112204	-464.44729116970245
3.0	408.0	290.0	7.825848251974583	0.0949861744954354	52.12728679678975	0.06658227838591851	3.5843877085427165	0.06947684453736136	0.07701091406189702	0.13008636581957253	361.9606146522727	116.0	3.1203501263126956	-488.4841054733281
3.0	408.0	290.0	2.3957106850887304	0.09734835817935401	63.374635518264064	0.2116856652158869	3.3748487754695065	0.21654728725488992	0.07701091406189702	0.13008636581957253	361.9606146522727	116.0	3.1203501263126956	-488.4841054733281
3.0	408.0	290.0	0.3205468468285763	0.13882168963616542	187.50677289722765	0.8164175482115391	1.6274679731425592	0.8145536392746611	0.07701091406189702	0.13008636581957253	361.9606146522727	116.0	3.1203501263126956	-488.4841054733281
2.0	418.0	290.0	8.319289774834797	0.09204677419580672	54.5798252330444	0.05338169149088505	3.8922293950425892	0.058630024996930555	0.07632617558860656	0.13251420173794434	376.796571448016	119.0	3.1663577432606385	-492.5490068331459
2.0	418.0	290.0	3.3606801848148304	0.11220506638626662	66.03994192253396	0.10764785830790512	2.489594130018222	0.10995466570406906	0.07632617558860656	0.13251420173794434	376.796571448016	119.0	3.1663577432606385	-492.5490068331459
2.0	428.0	290.0	7.501934827137261	0.1312830355377869	56.142743707267755	0.100175802581903	3.80010752932487	0.10733309530875315	0.08234990339535911	0.17939757254489905	642.66665834008	119.0	5.400560154118319	-406.8185799271052
2.0	428.0	290.0	2.960463391305369	0.14889561092789383	66.7649292783121	0.22182462389101906	2.861442612496452	0.21831288900571733	0.08234990339535911	0.17939757254489905	642.66665834008	119.0	5.400560154118319	-406.8185799271052
2.0	438.0	290.0	3.36425403449628	1.2271349909051086	55.062447938557625	0.38034196558806765	2.87396233771612	0.497802142501923	0.0999395509476711	0.18919120846809015	548.2145730820516	119.0	4.606845151950013	-378.29144845126115
2.0	438.0	290.0	4.1420033417323205	0.4542121302219823	61.77494665875947	1.4229846166123339	5.1149751475442145	0.7773712795442566	0.0999395509476711	0.18919120846809015	548.2145730820516	119.0	4.606845151950013	-378.29144845126115
1.0	448.0	290.0	5.079992404318709	0.11889939138432325	60.165083459572045	0.15386017378905378	5.693184782698322	0.1538602431722283	0.0831748471197556	0.21025296777807367	838.5597819222571	122.0	6.873440835428337	-377.7810565724634
1.0	458.0	290.0	4.749348159185614	0.0996487468935563	59.810070530901605	0.13476945684950914	5.56308208654359	0.13476958735036376	0.07746379533679085	0.1748055236159861	663.5204102273132	122.0	5.438691887109124	-424.8304174979761
1.0	468.0	290.0	4.0606500061921755	0.08735074671593109	59.40342908185381	0.14592029549311758	5.874366822190074	0.14592023682168867	0.0731176226552791	0.157513222354034	604.3286030625895	122.0	4.953513139857291	-450.94592163381003
1.0	478.0	290.0	4.309862702020169	0.09756841520763533	60.432446105745896	0.1642019014093726	6.280889764440472	0.16420172774291403	0.09048969584201287	0.1768766195494056	526.3599067787216	122.0	4.314425465399357	-414.92088885521304
3.0	488.0	290.0	2.6439471085374104	0.14696513457542926	49.51465378064224	0.14892650694165255	2.0915286622017657	0.15093566446329235	0.10258490963755339	0.13952498445026054	292.29620495274077	116.0	2.519794870282248	-443.51914784681315
3.0	488.0	290.0	6.131141029750363	0.14451539712416187	61.23693362446633	0.23207439514014852	4.028140584020804	0.20300882104632842	0.10258490963755339	0.13952498445026054	292.29620495274077	116.0	2.519794870282248	-443.51914784681315
3.0	488.0	290.0	2.005868808000284	0.14438457286195425	71.72871925175721	0.7638953717324952	4.172183025280886	0.563881112208204	0.10258490963755339	0.13952498445026054	292.29620495274077	116.0	2.519794870282248	-443.51914784681315
3.0	498.0	290.0	3.5216427608939798	0.13330461699593177	49.57495656406817	0.11702523648526747	2.404265069286388	0.11927640334662798	0.11314361233660848	0.1471716283275378	227.92245403257414	116.0	1.964848741660122	-450.12265800844983
3.0	498.0	290.0	6.770478040787426	0.15372258073818432	62.16498059806583	0.21274173189364626	4.13685838322554	0.1797043510834972	0.11314361233660848	0.1471716283275378	227.92245403257414	116.0	1.964848741660122	-450.12265800844983
3.0	498.0	290.0	3.986017895083754	0.1355469038517452	73.08181291538311	0.407541811533219	4.5132245291026205	0.2992153404919028	0.11314361233660848	0.1471716283275378	227.92245403257414	116.0	1.964848741660122	-450.12265800844983
3.0	508.0	290.0	3.874801660302775	0.11457527016867443	49.70517132589755	0.10469555572299655	2.8951506995385095	0.10913049291735748	0.1089471362946952	0.1424764403985945	216.46830627825403	116.0	1.8661060886056382	-466.0166072262134
3.0	508.0	290.0	5.081272019355806	0.29131183793075094	63.15923342035799	0.21773407959425453	3.8200094227534658	0.18123329108836878	0.1089471362946952	0.1424764403985945	216.46830627825403	116.0	1.8661060886056382	-466.0166072262134
3.0	508.0	290.0	4.682347949554148	0.11148382826797137	74.01256562467249	0.4546244153693324	6.017406316036405	0.32824824570537403	0.1089471362946952	0.1424764403985945	216.46830627825403	116.0	1.8661060886056382	-466.0166072262134
4.0	518.0	290.0	3.2487758596631577	0.09438659566137099	49.608342878838116	0.1120120594940271	3.1569416674810036	0.11259903542127386	0.07039050234281292	0.1216179225748251	375.79321896835955	113.0	3.3256037076845977	-499.0478562627124
4.0	518.0	290.0	3.444412289363963	0.25845524940619347	65.0823584103381	0.11511545579433359	3.126611486567236	0.20160361909429178	0.07039050234281292	0.1216179225748251	375.79321896835955	113.0	3.3256037076845977	-499.0478562627124
4.0	518.0	290.0	3.9779322659152925	0.07342287939000822	75.65504832675093	0.4832067400278505	8.027987487897846	0.3598500959941374	0.07039050234281292	0.1216179225748251	375.79321896835955	113.0	3.3256037076845977	-499.0478562627124
4.0	518.0	290.0	0.4766837076571885	0.07386470259878015	118.1568157711972	0.9146622610474563	5.111846137708592	0.9147088018372626	0.07039050234281292	0.1216179225748251	375.79321896835955	113.0	3.3256037076845977	-499.0478562627124
4.0	528.0	290.0	2.052178547004803	0.08777541666116269	50.66139252267773	0.2174971321700484	4.2445599850158455	0.23250873139267308	0.08564048975636647	0.12325239700556108	287.63824205147966	113.0	2.545471168597165	-483.4398286776666
4.0	528.0	290.0	4.239812783186463	0.13783019123830273	66.21114168980183	0.1395351903649342	3.6563432827974323	0.1469773618239223	0.08564048975636647	0.12325239700556108	287.63824205147966	113.0	2.545471168597165	-483.4398286776666
4.0	528.0	290.0	2.9569221451539938	0.06941573274732622	80.04578409585086	0.3683856184170684	7.09760054903963	0.3530417229970556	0.08564048975636647	0.12325239700556108	287.63824205147966	113.0	2.545471168597165	-483.4398286776666
4.0	528.0	290.0	0.45350047738362703	0.07989269552270946	118.33722104694735	1.00708666853314	4.950812561722479	1.0071430948862423	0.08564048975636647	0.12325239700556108	287.63824205147966	113.0	2.545471168597165	-483.4398286776666
4.0	538.0	290.0	1.8995190914019524	0.06143513342813	54.11536152482962	0.43356828171111267	5.050398762528545	0.3473253766857432	0.06730524959175435	0.08464715659286048	205.43455782441657	113.0	1.8180049364992616	-585.7418222818825
4.0	538.0	290.0	3.048626905123684	0.06903455426654702	66.85314479942623	0.21883817047992862	4.476357931376928	0.2550288250708925	0.06730524959175435	0.08464715659286048	205.43455782441657	113.0	1.8180049364992616	-585.7418222818825
4.0	538.0	290.0	1.682550893755711	0.056446259025268494	81.64800482122604	0.2505732717502401	4.504251099002349	0.2540359621814017	0.06730524959175435	0.08464715659286048	205.43455782441657	113.0	1.8180049364992616	-585.7418222818825
4.0	538.0	290.0	0.27639120380349147	0.05491914116169644	118.64072487980636	1.0603360385296803	4.621963869056804	1.0603383337015335	0.06730524959175435	0.08464715659286048	205.43455782441657	113.0	1.8180049364992616	-585.7418222818825
2.0	548.0	290.0	1.6407568977633524	0.14690313675639782	53.99856303056837	0.17413541562514157	2.380889281217284	0.24247503511902135	0.08859284052551704	0.10773172541976757	185.01958830145082	119.0	1.554786456314713	-544.1956978195166
2.0	548.0	290.0	1.7733654120303928	0.0735360438936371	61.43902796628665	0.547372312770977	7.523934771953307	0.3458269164374578	0.08859284052551704	0.10773172541976757	185.01958830145082	119.0	1.554786456314713	-544.1956978195166
2.0	558.0	290.0	4.296684198201689	0.1198455689111225	54.85061511166953	0.09475573422571469	2.9420337793994635	0.09475577280292345	0.06719337058170859	0.14819397310294494	658.020288486978	119.0	5.529582256193092	-454.7180542982508
2.0	558.0	290.0	0.2823176034113504	0.1135394429123695	189.57302306390696	1.5231293208676144	3.2741776394943845	1.5231048739042952	0.06719337058170859	0.14819397310294494	658.020288486978	119.0	5.529582256193092	-454.7180542982508
1.0	568.0	290.0	6.003007239759369	0.14668581727282295	55.37951084294062	0.08849419831503565	3.1366991151642774	0.08849451170992284	0.08513646695305903	0.19421090921386855	671.1176689861746	122.0	5.500964499886678	-399.79611059951475
1.0	578.0	290.0	6.03465850978213	0.14544506737711901	56.29104951188607	0.10685457735197687	3.8395218607960526	0.10685457489055404	0.2537869078817758	0.21640567087540744	90.89718545972379	122.0	0.7450588972108507	-376.6381648103309
1.0	588.0	290.0	4.734220748690283	0.14442357038028553	56.80245764759596	0.15177744108331373	4.309070202133609	0.15177768950843848	0.2571992898871176	0.2276481457978708	97.92874056930648	122.0	0.802694594830381	-363.98521941125875
