ncomps	x	y	amplitude	err amplitude	shift	err shift	width	err width	rms	residual	chisq	dof	redchisq	aic
2.0	598.0	290.0	3.170998991139229	0.1256573522861966	56.72348837079899	0.2424110648045137	5.2977477018209935	0.2424110735143907	0.0766527858388699	0.21445305081121777	1000.9487269263997	119.0	8.411333839717644	-369.3567405858007
2.0	598.0	290.0	0.3825658434800325	0.1551741063201638	90.0818518073381	1.6270878417094738	3.4739900517075206	1.6270879092452561	0.0766527858388699	0.21445305081121777	1000.9487269263997	119.0	8.411333839717644	-369.3567405858007
2.0	608.0	290.0	1.9535949728422692	0.12489469277617574	56.48422657683283	0.5046773809974503	6.837587048404254	0.5067744087862095	0.0660169806194553	0.23283749253000124	1716.7498146015405	119.0	14.426469030265046	-339.2646573011729
2.0	608.0	290.0	0.904751087422853	0.14519324380515472	86.9375799293877	0.937255159379313	5.056494363607376	0.9402558524118889	0.0660169806194553	0.23283749253000124	1716.7498146015405	119.0	14.426469030265046	-339.2646573011729
4.0	648.0	290.0	1.1995732693455756	0.08105265281372713	48.6320564980435	0.19985645376006453	2.554915452552354	0.20070555724484365	0.07253010183639012	0.09198378896310727	212.73192432500474	113.0	1.8825834011062366	-562.6878040393835
4.0	648.0	290.0	1.4197944422906073	0.060625235556489035	66.28974780157331	0.23285429882106698	4.58618907068346	0.2383224922070554	0.07253010183639012	0.09198378896310727	212.73192432500474	113.0	1.8825834011062366	-562.6878040393835
4.0	648.0	290.0	0.7992683727410066	0.04516236260446593	96.00416305566267	0.8343922214372951	9.207841753371238	0.9531235359900248	0.07253010183639012	0.09198378896310727	212.73192432500474	113.0	1.8825834011062366	-562.6878040393835
4.0	648.0	290.0	1.6590720581941305	0.06412892699843306	117.12678466201993	0.2857965646757735	5.170864907911688	0.2709782454807234	0.07253010183639012	0.09198378896310727	212.73192432500474	113.0	1.8825834011062366	-562.6878040393835
4.0	658.0	290.0	1.0441420350808088	0.08074238598704525	48.656283672435734	0.2365042250779667	2.6471266534969784	0.23691381817439908	0.06836970202716167	0.09595476060989686	246.33363852890574	113.0	2.179943703795626	-559.124020299328
4.0	658.0	290.0	1.2597817729816359	0.06851929106760907	65.45848667004046	0.23234070249295682	3.680963555145185	0.23393263950626647	0.06836970202716167	0.09595476060989686	246.33363852890574	113.0	2.179943703795626	-559.124020299328
4.0	658.0	290.0	0.8196525742666461	0.047485814881089286	93.9057785436486	0.5601949004034011	8.091984133086852	0.6181049666290798	0.06836970202716167	0.09595476060989686	246.33363852890574	113.0	2.179943703795626	-559.124020299328
4.0	658.0	290.0	4.266193554442531	0.061230022756099	117.64688072810681	0.08266489991159347	4.610326450633727	0.08424118607995755	0.06836970202716167	0.09595476060989686	246.33363852890574	113.0	2.179943703795626	-559.124020299328
4.0	668.0	290.0	0.8142716434494198	0.08288972259853875	48.59771043169002	0.3620409217835866	3.080013618276668	0.3627726917528532	0.06905570743338146	0.10241253768955796	295.9586308721424	113.0	2.619102928072057	-533.6864788816079
4.0	668.0	290.0	1.0377867599220034	0.08215988762382682	65.06077848142438	0.2871219945082753	3.136684310646743	0.2882097174559684	0.06905570743338146	0.10241253768955796	295.9586308721424	113.0	2.619102928072057	-533.6864788816079
4.0	668.0	290.0	0.6762264631249949	0.05392586905026076	92.32595469461566	0.6823080381826423	7.404708095864933	0.7052366109957234	0.06905570743338146	0.10241253768955796	295.9586308721424	113.0	2.619102928072057	-533.6864788816079
4.0	668.0	290.0	5.852316091391313	0.06976430456946402	118.29842729588843	0.06079871906984123	4.357664124489399	0.06160457360253377	0.06905570743338146	0.10241253768955796	295.9586308721424	113.0	2.619102928072057	-533.6864788816079
4.0	678.0	290.0	0.6715100716388587	0.07970127884262339	48.84667225125944	0.569056799536572	4.107033819201538	0.5946742893273881	0.07227704366099338	0.10924956956279624	325.7715695136643	113.0	2.882934243483755	-510.2911281087174
4.0	678.0	290.0	0.9596860816459499	0.08876046874058358	64.36124484536239	0.36973455867077915	3.319626470732886	0.3897710736204471	0.07227704366099338	0.10924956956279624	325.7715695136643	113.0	2.882934243483755	-510.2911281087174
4.0	678.0	290.0	0.4025580546002022	0.05139505042792884	92.00284547714372	1.6509871147795019	10.82016422409876	2.007684474112188	0.07227704366099338	0.10924956956279624	325.7715695136643	113.0	2.882934243483755	-510.2911281087174
4.0	678.0	290.0	4.682973688171416	0.07964480454062492	118.28424147659769	0.08693914456633973	4.172984670641516	0.08887783971679084	0.07227704366099338	0.10924956956279624	325.7715695136643	113.0	2.882934243483755	-510.2911281087174
2.0	688.0	290.0	1.0719607926444241	0.0633094711534375	60.36764922444064	0.5440559100388905	7.97907268850429	0.544056541962346	0.07244762176399208	0.12945681609880938	428.34805901170347	119.0	3.599563521106752	-489.55820103228257
2.0	688.0	290.0	2.4095689486544947	0.08860952757590931	117.74452675127587	0.17293942764866005	4.0727109373452315	0.17293942577286886	0.07244762176399208	0.12945681609880938	428.34805901170347	119.0	3.599563521106752	-489.55820103228257
2.0	698.0	290.0	2.2051716835524364	0.07203323253051207	59.605046957110424	0.19083336705618517	5.058802810599153	0.19083304841891705	0.06840515368302658	0.11964771894668925	394.4279536521787	119.0	3.3145206189258714	-514.2245684161285
2.0	698.0	290.0	0.903587859447641	0.06993198791617736	120.19967505076973	0.47969784493234296	5.367758767862765	0.47969784171495317	0.06840515368302658	0.11964771894668925	394.4279536521787	119.0	3.3145206189258714	-514.2245684161285
2.0	708.0	290.0	2.3716602504547186	0.07175043320033649	58.968060318877946	0.18974785986091278	5.431696257925406	0.1897478588289169	0.060998971517147546	0.12375269721909657	528.3724332600542	119.0	4.440104481176926	-506.3267464529815
2.0	708.0	290.0	0.3786004326006501	0.08618490498294391	124.07214762933478	0.9896774248552013	3.7642498940648554	0.9896737936132717	0.060998971517147546	0.12375269721909657	528.3724332600542	119.0	4.440104481176926	-506.3267464529815
1.0	8.0	300.0	5.609550534668606	0.3726387631819913	15.885738482130954	0.4253225408037809	5.545915946321341	0.4253240807747805	0.40622934925154225	0.6189606523092115	336.31216817039314	122.0	2.7566571161507634	-95.49358690090013
1.0	18.0	300.0	6.684443034008093	0.4291767987858706	14.737970861625268	0.4235374880617056	5.711916911929559	0.42353638004546573	0.4305924019463792	0.7050207642989647	409.06680911873474	122.0	3.3530066321207768	-56.45274075968144
3.0	28.0	300.0	5.800946763563568	0.31299154948180635	15.349653384903423	0.37111508054067077	5.956706461414141	0.37111508589159153	0.241465385377424	0.5253687432964101	685.9190285298017	116.0	5.913095073532774	-122.88633843645809
3.0	28.0	300.0	1.4480618168361603	0.4984877164653002	49.805815016533636	0.9636064335667258	2.357386308849467	0.9834057393513098	0.241465385377424	0.5253687432964101	685.9190285298017	116.0	5.913095073532774	-122.88633843645809
3.0	28.0	300.0	1.0905867441849295	0.3993599267932813	62.55268051400134	1.5978466802484648	3.751313848722768	1.6723132347976868	0.241465385377424	0.5253687432964101	685.9190285298017	116.0	5.913095073532774	-122.88633843645809
3.0	38.0	300.0	4.773719976423272	0.16567881443984353	18.62842372571325	0.2388609197986042	5.960266711740323	0.2388610335711746	0.15411892771463623	0.2992270157365479	472.0622488702206	116.0	4.069502145432937	-281.842821440052
3.0	38.0	300.0	0.92477908458633	0.25355470789660167	50.324513102170286	0.9581819515880252	2.6205841299975843	0.9591466003665423	0.15411892771463623	0.2992270157365479	472.0622488702206	116.0	4.069502145432937	-281.842821440052
3.0	38.0	300.0	1.2469508924145178	0.1905780793384842	62.770110889711674	0.9617964705253275	4.825110949441931	1.0682888458210467	0.15411892771463623	0.2992270157365479	472.0622488702206	116.0	4.069502145432937	-281.842821440052
2.0	48.0	300.0	4.466230033613007	0.059803163591163395	22.33929583272821	0.1031617865607737	6.570985939164799	0.10500003515132778	0.1139210375909493	0.11463308513843073	126.62395133067605	119.0	1.0640668179048407	-528.7370734740947
2.0	48.0	300.0	0.7802060313097039	0.048744009327213574	58.37290754461986	0.7247490768756637	10.014413384847439	0.7488669137595426	0.1139210375909493	0.11463308513843073	126.62395133067605	119.0	1.0640668179048407	-528.7370734740947
1.0	58.0	300.0	4.024685255079261	0.095026534033715	28.33520594601105	0.27225996225801125	9.985438560914519	0.2722598506434988	0.1440420183989861	0.22368856796927258	313.26718243171496	122.0	2.5677637904238932	-363.56971849487337
1.0	68.0	300.0	4.567611204146595	0.08748217782773161	31.981875687323612	0.19645681478257157	8.882923857152528	0.19645678373511608	0.09897546489181899	0.1847869985955468	500.2200340067492	122.0	4.100164213170076	-398.87903069298943
1.0	78.0	300.0	4.485182361801256	0.11525185946698191	32.973664369388466	0.18750673798428022	6.320196932260591	0.18750697859100782	0.09565662124370519	0.21011251711653123	661.2656434755343	122.0	5.420210192422412	-372.5173525787571
2.0	88.0	300.0	4.06400619234333	0.11113089019411647	32.35346922796918	0.15947752941484042	5.05072116789841	0.1594882561702549	0.0887663620166133	0.18654816195503873	556.5573744849186	119.0	4.676952726764021	-406.04294644733557
2.0	88.0	300.0	0.5555664139238617	0.10775416679460384	64.28834535501151	1.2031847626696182	5.3714277001885735	1.2032644066024079	0.0887663620166133	0.18654816195503873	556.5573744849186	119.0	4.676952726764021	-406.04294644733557
1.0	98.0	300.0	2.9221381999421525	0.10284408127156318	31.00394455989269	0.1924812892074354	4.7372658895711295	0.19248195581272076	0.08038162423893154	0.1695803826486602	558.8922685403031	122.0	4.58108416836314	-437.03704634959234
1.0	108.0	300.0	1.8496922549252526	0.10731445484813897	28.911021293543392	0.3682820626103612	5.4957932927971775	0.36828064905223845	0.14779998151111826	0.17930131696203036	208.87812189302113	122.0	1.7121157532214846	-407.79419942450704
1.0	118.0	300.0	1.9175400477070768	0.06848068140542171	26.337373517069842	0.3023889165732131	7.3338413663433855	0.30238926330731447	0.08972000894894669	0.13726459876347202	307.9381217989238	122.0	2.5240829655649493	-484.0672271171124
1.0	128.0	300.0	2.0619628326789194	0.05364366483986158	26.674537578601246	0.25697999261216814	8.553294412682373	0.2569797610823226	0.0683261647246878	0.11703068669837637	380.0572172438112	122.0	3.115223092162387	-525.8646156485237
1.0	138.0	300.0	3.0631858827539302	0.053824005160900946	27.915701333909777	0.1540364547626399	7.591752843449836	0.15403642818631655	0.07722214810334085	0.11216012346532589	265.8459959359194	122.0	2.179065540458356	-539.9418124956082
1.0	148.0	300.0	5.051115863283568	0.0700155027259654	28.920958234931447	0.1159303268314528	7.243163109944161	0.11593034541701336	0.08487388205609443	0.14013486523953927	355.2851828759423	122.0	2.912173630130675	-480.0713334953929
1.0	158.0	300.0	4.49897612602588	0.07971980758198326	30.978734344395807	0.16701748880996303	8.162323780895088	0.16701741526896774	0.09271628852085029	0.1718029681336535	434.97588389420747	122.0	3.565376097493504	-432.6806707959807
2.0	168.0	300.0	2.169438772931779	0.05476273435983595	35.80272991919199	0.42431237906649905	9.878207765256898	0.44223732525872406	0.07106818343258631	0.12385270456111529	384.9819869898227	119.0	3.235142747813636	-507.7066676683512
2.0	168.0	300.0	1.281573142190519	0.12203882678500431	52.14797210028271	0.2734947538396775	2.935935759961286	0.338595343965349	0.07106818343258631	0.12385270456111529	384.9819869898227	119.0	3.235142747813636	-507.7066676683512
3.0	178.0	300.0	0.3663991328914471	0.07173875811973086	10.521269835570042	0.8430969110450198	3.709460321515315	0.8455683393229123	0.06834216497409235	0.10223531308129927	280.2428765325864	116.0	2.4158868666602276	-550.3240076852926
3.0	178.0	300.0	1.4738651421903213	0.07703087235391666	44.9680670416957	0.5980093691872659	10.251020199226536	0.3892597861547539	0.06834216497409235	0.10223531308129927	280.2428765325864	116.0	2.4158868666602276	-550.3240076852926
3.0	178.0	300.0	1.732304297509507	0.11007762453654303	52.080680611123526	0.1852978659165941	3.078965186239749	0.23466465057207264	0.06834216497409235	0.10223531308129927	280.2428765325864	116.0	2.4158868666602276	-550.3240076852926
1.0	188.0	300.0	2.655842459964136	0.060905240911515994	50.13782009692482	0.1899226878829968	7.17200718081263	0.1899226329521971	0.07824547586454288	0.1232163375894823	313.2237560828773	122.0	2.567407836744896	-516.150557727706
2.0	198.0	300.0	0.4231354018705634	0.04848823177699944	24.486175244991795	0.5672953157779378	4.27664142223336	0.57060600069781	0.06903239771262332	0.07327604304649747	148.0140476269505	119.0	1.2438155262768948	-634.4587926771293
2.0	198.0	300.0	2.5809848242717046	0.03905316416141873	50.99544767337689	0.11547634518462187	6.612099622408267	0.11654550586561016	0.06903239771262332	0.07327604304649747	148.0140476269505	119.0	1.2438155262768948	-634.4587926771293
1.0	378.0	300.0	2.69637295586998	0.08131740994497565	51.07957642639899	0.15810493937594283	4.539899366210819	0.15810476286145014	0.06405025380494685	0.12441561666939895	527.4758953736884	122.0	4.323572912899086	-501.0481431314621
1.0	388.0	300.0	3.463941186011056	0.13339514912682368	53.10578421176358	0.2758953494038438	6.203884573485914	0.27589505056508834	0.06719390022249472	0.25125348568013806	1762.4850618859637	122.0	14.446598867917736	-338.27241129006484
1.0	398.0	300.0	4.59972811636274	0.19432695189066138	53.893217039564725	0.33081865712101566	6.782289825421048	0.33081907669944766	0.06129975830119819	0.3827225112460222	4912.478692433729	122.0	40.2662187904404	-233.09232205202025
1.0	408.0	300.0	6.46232001711884	0.21097472827790673	54.655039427316716	0.253660361981044	6.7283977229745915	0.25366019116952365	0.0661029012743299	0.41114732413549654	4940.429861086305	122.0	40.495326730215616	-213.52392453374972
1.0	418.0	300.0	7.888730059166701	0.19953790974356134	56.33706832460895	0.17694261055410282	6.058259670193794	0.17694262389807472	0.06263646678352251	0.37243398167603525	4431.549780160224	122.0	36.32417852590348	-240.57804574340446
1.0	428.0	300.0	8.298514738758987	0.19515552199328925	58.29100604976052	0.14933618728889633	5.499192967882231	0.14933611249168666	0.09590985898421266	0.3458287100570862	1641.188626408351	122.0	13.452365790232385	-258.2288377345994
1.0	438.0	300.0	7.630609454064303	0.14854011000517342	60.17596589664076	0.12405348542711762	5.519106237759601	0.12405353861196369	0.1845722809283669	0.23543867902030877	257.64853654623073	122.0	2.1118732503789404	-326.0181992370379
1.0	448.0	300.0	6.604276493886782	0.14359024191385486	61.015360271699755	0.14065177789031655	5.602899718675369	0.14065193511948537	0.25729777959190464	0.22587439209951712	125.77075673384827	122.0	1.0309078420807236	-332.61190715135353
1.0	458.0	300.0	5.226675308878466	0.09522519372439955	60.45375937933424	0.1296332358273984	6.162361960255474	0.1296333254518695	0.0747853395484929	0.17525364170292054	720.1347943557575	122.0	5.9027442160308	-423.39276819203025
1.0	468.0	300.0	4.026795589901126	0.08932584949977432	59.2513826679343	0.19453248942920717	7.594826655373682	0.194532537001963	0.07377019656359053	0.1862922395782219	802.6299674291577	122.0	6.5789341592553905	-413.2526101643077
1.0	478.0	300.0	3.633599476348641	0.09017857778768563	58.01641568810672	0.2671141924231037	9.320189925973967	0.2671140610303731	0.08352715382385345	0.2001944773358134	783.094203000338	122.0	6.418804942625721	-385.27846839903617
2.0	488.0	300.0	3.7876490788469317	0.31080739318048856	49.05817516904936	0.13746713530060492	1.6323798530069737	0.18434260525070548	0.11215253882573481	0.2603008082733763	701.5108762486456	119.0	5.895049380240719	-318.64664741980783
2.0	488.0	300.0	3.99230757824092	0.12417512415041758	62.47842288128339	0.38148835748807813	8.51529822570637	0.4016641709477966	0.11215253882573481	0.2603008082733763	701.5108762486456	119.0	5.895049380240719	-318.64664741980783
2.0	498.0	300.0	4.419606962704125	0.2763986054547	48.7097340007597	0.15591067298427017	2.1566741681910218	0.16432609591005196	0.10319557185075516	0.2937081675706946	1024.7074092467046	119.0	8.610986632325249	-292.08938702190494
2.0	498.0	300.0	5.669168363917881	0.1402021732143213	66.72016423845142	0.25039410353487046	8.371307808185986	0.27582163228181505	0.10319557185075516	0.2937081675706946	1024.7074092467046	119.0	8.610986632325249	-292.08938702190494
2.0	508.0	300.0	4.279868243728037	0.2226539557237617	48.8393403699075	0.15963636186829563	2.5991891055525436	0.16208735830189858	0.10093410291669112	0.26724597253939664	880.5348333927482	119.0	7.399452381451665	-316.5830221079151
2.0	508.0	300.0	5.9816942979564836	0.12647833366970665	70.12544493666833	0.20349908303389153	8.255729056346633	0.21612958795035891	0.10093410291669112	0.26724597253939664	880.5348333927482	119.0	7.399452381451665	-316.5830221079151
3.0	518.0	300.0	3.225879055147976	0.2289387369787234	49.162336268475656	0.2395136219875298	2.860711070128605	0.24244139087176422	0.07000638957173799	0.2858976797946969	2084.801177260267	116.0	17.972423941898857	-293.46259376481953
3.0	518.0	300.0	4.433290705662891	0.1321838030218244	72.61254319807281	0.3045042155010764	8.790705100156663	0.3208519695290678	0.07000638957173799	0.2858976797946969	2084.801177260267	116.0	17.972423941898857	-293.46259376481953
3.0	518.0	300.0	0.5309252683794491	0.19294233762184823	117.02291629883125	1.680496904048658	4.004728206674074	1.680501393870601	0.07000638957173799	0.2858976797946969	2084.801177260267	116.0	17.972423941898857	-293.46259376481953
3.0	528.0	300.0	2.217656464180807	0.07355753265958946	50.8765093382981	0.1787021790940147	4.295962755694199	0.19431105204550872	0.06890705549363363	0.10312782170999296	320.7318541512307	116.0	2.764929777165782	-531.3974972489847
3.0	528.0	300.0	3.172121127785105	0.08220948803640264	65.32943039950108	0.14581688762144437	3.5149483957193377	0.16205384772508927	0.06890705549363363	0.10312782170999296	320.7318541512307	116.0	2.764929777165782	-531.3974972489847
3.0	528.0	300.0	2.76523556262422	0.06902318801331503	78.38190300109159	0.20199413639696326	4.945868332640614	0.21248015417823848	0.06890705549363363	0.10312782170999296	320.7318541512307	116.0	2.764929777165782	-531.3974972489847
2.0	538.0	300.0	2.248836019627286	0.05200062942111854	57.99668269330105	0.2390052519199521	8.705717673203386	0.25998316038644287	0.07379614171929959	0.10992494357817896	289.27653052322125	119.0	2.430895214480851	-534.0166745429336
2.0	538.0	300.0	0.9418127518162626	0.08835449630202125	79.27626712060734	0.32902143646505616	2.937974086082418	0.3363811285955801	0.07379614171929959	0.10992494357817896	289.27653052322125	119.0	2.430895214480851	-534.0166745429336
1.0	548.0	300.0	2.7052945494388116	0.0793692197092217	56.34615787099454	0.1931914359507854	5.703253636575194	0.19319167421496775	0.07441870179238831	0.1434988894219336	467.57175877775575	122.0	3.8325553998176702	-478.60711334349014
1.0	558.0	300.0	4.304599869677268	0.15453312119865295	55.24439978017095	0.13266806142007576	3.199930460541607	0.1326674340387251	0.0801449538190581	0.19662567487888435	857.6098346863695	122.0	7.029588808904668	-384.25015020131605
1.0	568.0	300.0	5.986353324579779	0.19187478104373162	55.28371108545558	0.11414403736223835	3.084142030063936	0.1141440921035315	0.0621763955734388	0.2421326032582852	2117.0374729463565	122.0	17.352766171691446	-334.7625565824098
1.0	578.0	300.0	5.240859502688884	0.17740125987589486	55.58665631116012	0.14908548168842733	3.8138461901929066	0.14908508337369047	0.07381275632113654	0.25749023031603063	1588.033097925541	122.0	13.016664737094597	-327.8137097569129
1.0	588.0	300.0	3.4577064188850337	0.16843186257803874	56.08751819857516	0.27641744931984136	4.913276722827229	0.27641652682969986	0.11901413086364655	0.28136809260781764	709.4067650486459	122.0	5.814809549579064	-309.113843880763
2.0	598.0	300.0	2.5157956667756856	0.13985346345811658	56.55595270620437	0.41138837252310123	6.407337208057101	0.41138767494872486	0.08084472806475587	0.2630537686068761	1348.3186476896599	119.0	11.33040880411479	-318.80687198747404
2.0	598.0	300.0	0.7931761569215706	0.19388342334380915	91.39880052044805	0.9411253935189733	3.3344807142908017	0.9411273470419703	0.08084472806475587	0.2630537686068761	1348.3186476896599	119.0	11.33040880411479	-318.80687198747404
3.0	608.0	300.0	1.8191645217531713	0.20662351133113957	49.4367907634045	0.3869452443326202	2.541328735225012	0.38241369186551766	0.06437655163450759	0.22085271728490655	1547.9611350297316	116.0	13.344492543359756	-351.6387106705135
3.0	608.0	300.0	1.8082886020624722	0.14175717894556586	60.98831451772391	0.5796317582005608	5.042147601704948	0.636183815337853	0.06437655163450759	0.22085271728490655	1547.9611350297316	116.0	13.344492543359756	-351.6387106705135
3.0	608.0	300.0	0.8578128994205686	0.15995891216924943	89.02311409141615	0.7879956249807142	3.6559538242637366	0.7879956314751396	0.06437655163450759	0.22085271728490655	1547.9611350297316	116.0	13.344492543359756	-351.6387106705135
4.0	658.0	300.0	0.9307238417448843	0.07908539016650212	49.22043028577241	0.26365875284486	2.6662909628328686	0.2657096473010721	0.09044653328050818	0.08804561655449585	135.87034054888252	113.0	1.2023923942378985	-563.5399701298358
4.0	658.0	300.0	1.0849520965738042	0.0580038258520306	66.93336543178218	0.3084708179027573	4.998276965792553	0.3140395400273324	0.09044653328050818	0.08804561655449585	135.87034054888252	113.0	1.2023923942378985	-563.5399701298358
4.0	658.0	300.0	0.7630749516350537	0.07716422599327738	92.56734605072332	0.32648664422151136	2.796064269171773	0.3264907202238101	0.09044653328050818	0.08804561655449585	135.87034054888252	113.0	1.2023923942378985	-563.5399701298358
4.0	658.0	300.0	3.8694888127861953	0.06209902364023553	117.64359360801797	0.0800032351446621	4.317249023658728	0.08000331207455362	0.09044653328050818	0.08804561655449585	135.87034054888252	113.0	1.2023923942378985	-563.5399701298358
3.0	668.0	300.0	1.024978421685742	0.10236124417138466	65.98794054031949	0.4280071267068055	3.712219326261353	0.42800890418139276	0.0882915037308227	0.1460182872372324	341.92433835011013	116.0	2.9476236064664665	-461.4281639325841
3.0	668.0	300.0	0.5926503085892241	0.1214076914684161	93.17664271144069	0.624281236215679	2.6374098181405956	0.6242751902230402	0.0882915037308227	0.1460182872372324	341.92433835011013	116.0	2.9476236064664665	-461.4281639325841
3.0	668.0	300.0	6.781304865451176	0.09941670774426953	118.2071842272412	0.06661203024371652	3.934937887918095	0.0666120349384374	0.0882915037308227	0.1460182872372324	341.92433835011013	116.0	2.9476236064664665	-461.4281639325841
3.0	678.0	300.0	0.5082011411194249	0.0676909368600402	49.19854127619902	0.7327230403313668	4.632424594197298	0.7836324155355755	0.0655433096605167	0.10327259254913865	326.6295942417643	116.0	2.815772364153141	-541.6316857430497
3.0	678.0	300.0	1.236395161447564	0.07779519548417056	64.94135629467674	0.261749556637826	3.419006326560198	0.27131436291925864	0.0655433096605167	0.10327259254913865	326.6295942417643	116.0	2.815772364153141	-541.6316857430497
3.0	678.0	300.0	6.490464278321646	0.07389279184617155	118.59391554454899	0.049293779881384135	3.7496992969018246	0.04929378005511712	0.0655433096605167	0.10327259254913865	326.6295942417643	116.0	2.815772364153141	-541.6316857430497
2.0	688.0	300.0	1.7424195210741567	0.0734048151110198	61.44603728162049	0.24889714611492283	5.115977883192565	0.24889670748625697	0.06758232842865967	0.12305744813776592	424.3707840671649	119.0	3.5661410425812177	-508.10359325073284
2.0	688.0	300.0	4.10119470352862	0.08717771411257225	119.2084755201155	0.08903579494636228	3.627439533593172	0.08903579550363476	0.06758232842865967	0.12305744813776592	424.3707840671649	119.0	3.5661410425812177	-508.10359325073284
2.0	698.0	300.0	3.337571102092007	0.08291965587662549	59.79575351235476	0.1183450632976558	4.1249501271032925	0.11834486061316339	0.06938158313879246	0.12520511654726843	414.25648857179766	119.0	3.4811469627882157	-504.55014263719033
2.0	698.0	300.0	1.8828427979499582	0.08969850621175258	120.37633668639302	0.19391969526386993	3.525308991601496	0.19391988068369065	0.06938158313879246	0.12520511654726843	414.25648857179766	119.0	3.4811469627882157	-504.55014263719033
2.0	708.0	300.0	3.357637221991241	0.061896521171561594	59.273761865021	0.10220786952355185	4.801561489615036	0.10220786952157268	0.06675563450816209	0.10166245044113748	290.2283053452459	119.0	2.438893322228957	-558.6730119120969
2.0	708.0	300.0	0.7594110594021246	0.08772199835480977	121.75699169337616	0.31887167816700696	2.3895634935784784	0.31880181996884405	0.06675563450816209	0.10166245044113748	290.2283053452459	119.0	2.438893322228957	-558.6730119120969
1.0	718.0	300.0	2.649408476956323	0.08479818725372955	58.668621523623855	0.19991925270923716	5.410232816573685	0.19991969716408994	0.0760506206275393	0.1489765668877541	484.78726505832327	122.0	3.9736661070354367	-468.6644712988432
1.0	728.0	300.0	2.551378795077725	0.1027293112875979	58.07007083946143	0.21358971682798578	4.593561303749733	0.21358934153841397	0.07894951763392087	0.16686677913492162	560.6357955266852	122.0	4.595375373169551	-441.14194307142554
1.0	8.0	310.0	5.630387330326703	0.3198690693558466	16.67256522829465	0.3383126360708439	5.158656175922428	0.3383140770501496	0.25769367282056616	0.5454668327121396	572.8038633665407	122.0	4.695113634151973	-142.71722565329398
1.0	18.0	310.0	6.5683472778300755	0.4238688880543626	16.4244614717569	0.3663926596143598	4.918499991252088	0.3663944537883854	0.2624891757914247	0.6907331956464304	924.2709967210461	122.0	7.5759917764020175	-78.29991099099053
1.0	28.0	310.0	5.350632250019003	0.3712954080072728	17.298665719727317	0.36900677212829874	4.60408991757687	0.3690051399862281	0.21790181346037568	0.5875365521512276	963.7089666530051	122.0	7.899253825024632	-119.61822741643545
2.0	38.0	310.0	4.936902910470976	0.22605119004120466	19.570252032343006	0.2418523495607509	4.574344978938868	0.2418527099966017	0.1729447513069468	0.36253121897564433	549.4496800858672	119.0	4.617224202402245	-240.90847632414628
2.0	38.0	310.0	1.34930085754578	0.1776892528694155	61.1843175431901	1.1258446060554124	7.401524336146277	1.125843416570882	0.1729447513069468	0.36253121897564433	549.4496800858672	119.0	4.617224202402245	-240.90847632414628
2.0	48.0	310.0	4.509927121827545	0.07399434906314649	22.481441223203642	0.0974672184284759	5.144706388418968	0.09747501805926664	0.12135523953302564	0.1243462831948027	134.469254785939	119.0	1.1299937376969664	-505.4186974381022
2.0	48.0	310.0	1.1166791630304884	0.061633661963115476	60.804304350258235	0.4725935501708503	7.415053176364017	0.4726399754056531	0.12135523953302564	0.1243462831948027	134.469254785939	119.0	1.1299937376969664	-505.4186974381022
1.0	58.0	310.0	4.267964460147292	0.12259161659138278	29.064134043272393	0.25492922106618354	7.686643886492492	0.2549293447126289	0.164085406794628	0.25319139607709723	309.25322157052136	122.0	2.5348624718895194	-332.61121698351917
1.0	68.0	310.0	5.261499861800916	0.12106954526104323	32.52271980158939	0.22446936590848932	8.449218181828092	0.2244695546998265	0.09173596017920614	0.26004932611908743	1060.6803452945833	122.0	8.694101190939207	-323.91619669423244
1.0	78.0	310.0	4.4806790583214555	0.1260893365156482	34.39822601052819	0.22452184594786126	6.90886978385162	0.2245216112658336	0.11309755054492945	0.24102089325740605	619.0170779539002	122.0	5.073910475031969	-338.8987478070696
1.0	88.0	310.0	3.596217424488156	0.12765545480124807	33.473740162736235	0.21432840279976745	5.228208141316318	0.21432793501744365	0.09310169298882383	0.21762219846062641	708.5535484315224	122.0	5.807815970750183	-370.65174018740913
1.0	98.0	310.0	2.753094066970571	0.12482706249389236	30.47731353193451	0.2686639190971167	5.13083957611212	0.26866331625316353	0.09504716122330635	0.18957181168673684	637.9456772893159	122.0	5.22906292860095	-378.6030945207945
2.0	108.0	310.0	0.6424166285497922	0.09596034525017767	14.016581278494192	3.724444017388788	8.565873555957179	3.144417278162682	0.07804918357735176	0.19122366430467866	769.9270522597682	119.0	6.4699752290736825	-397.6444042084327
2.0	108.0	310.0	1.444568137817775	0.25722977093808075	29.20919964815411	0.7636585901912173	4.5546261389459834	0.7250213669611456	0.07804918357735176	0.19122366430467866	769.9270522597682	119.0	6.4699752290736825	-397.6444042084327
1.0	118.0	310.0	1.7234985178768318	0.07155486799261762	19.897696956149183	0.3763298969639053	7.850947775964322	0.376330234176577	0.06023256253863789	0.15202228728197498	798.5778732894756	122.0	6.545720272864554	-464.5706979782307
1.0	128.0	310.0	1.9367995761192724	0.05255157896647505	22.20186742061028	0.2520674411309079	8.04532336514966	0.25206742746410715	0.07274770462510885	0.10584933406870278	302.61595372132956	122.0	2.4804586370600785	-538.6706331422946
1.0	138.0	310.0	2.596919775658436	0.0508656043266023	26.221151175656548	0.15178037373399192	6.7107449112849356	0.1517803389630989	0.06101805203865237	0.08357729223083843	336.1418187146732	122.0	2.7552608091366655	-569.4939542424784
1.0	148.0	310.0	4.133478861113817	0.0671201313542536	27.20395263420179	0.11680738479476693	6.229332944581248	0.11680731807726001	0.06946401582416631	0.12317514784139486	419.23328110942106	122.0	3.436338369749353	-509.4723815409118
2.0	158.0	310.0	2.1920841863645126	0.17563060901997163	27.039536668116906	0.19936389328597076	3.348547138052754	0.2690129042818466	0.07076528599171696	0.11779480002564544	358.43743839240165	119.0	3.0120793142218627	-517.704763169223
2.0	158.0	310.0	2.597343366132624	0.1628332765910946	31.508477506982153	0.4021014849787399	8.910364975909832	0.2810271226589547	0.07076528599171696	0.11779480002564544	358.43743839240165	119.0	3.0120793142218627	-517.704763169223
2.0	168.0	310.0	2.087612909629034	0.054056116068369804	33.4728462268561	0.36994530467029396	8.654742502951757	0.3947605153943543	0.07561161620712506	0.11256019465324905	286.62064585887265	119.0	2.408576855956913	-529.0937475239091
2.0	168.0	310.0	1.2245340755273502	0.09018451986865571	51.437524479924086	0.3710043143386506	4.0465896108727115	0.3733029632218024	0.07561161620712506	0.11256019465324905	286.62064585887265	119.0	2.408576855956913	-529.0937475239091
1.0	178.0	310.0	2.260092584363655	0.07425517978736021	48.12741900343171	0.3033385988745226	7.995287843872344	0.3033384798686492	0.05816857567295179	0.15815032689251332	939.1609987015499	122.0	7.698040972963524	-453.01835363539055
1.0	188.0	310.0	2.53401236403052	0.05564555573425715	48.74875015272517	0.1838976004040229	7.252540221746017	0.18389762062624415	0.058750977350539114	0.11228076686042682	468.9547768670766	122.0	3.843891613664562	-537.3377973475494
2.0	198.0	310.0	0.4257685497858475	0.0808753790658274	24.055799458832077	0.5267632531917454	2.39986429878217	0.5271372846337143	0.06464263802922011	0.0938134535703987	264.0321088446669	119.0	2.2187572171820746	-578.5387763623322
2.0	198.0	310.0	2.179072661855418	0.04678289254542668	49.43374100090664	0.1780128224973045	7.183835445131608	0.178598497017212	0.06464263802922011	0.0938134535703987	264.0321088446669	119.0	2.2187572171820746	-578.5387763623322
2.0	378.0	310.0	3.0629755749705883	0.06395734436009885	50.720597696421066	0.10103386693130453	3.4390284175412553	0.10536703946760229	0.07572576430951782	0.08810855584844947	169.2684307039993	119.0	1.4224237874285655	-594.550834705211
2.0	378.0	310.0	1.6030116933054086	0.061173761609463584	63.085698517459676	0.20253834020368655	3.841705948568708	0.2176119105740905	0.07572576430951782	0.08810855584844947	169.2684307039993	119.0	1.4224237874285655	-594.550834705211
1.0	388.0	310.0	3.2344997207427513	0.12864625884455794	55.2495804029446	0.3466188056368444	7.5484717132053465	0.34661923669033506	0.06759318994698893	0.2678502330508561	1970.6829737127314	122.0	16.15313912879288	-322.8342964203277
1.0	398.0	310.0	5.001212921605559	0.16577970465787537	56.161890740539405	0.28429677658395475	7.428220240950205	0.28429698955636284	0.051564986043865606	0.34308394187948577	5533.828805612509	122.0	45.35925250502057	-261.4379145228039
1.0	408.0	310.0	6.784344438793646	0.19088723647030825	55.70005463281388	0.23805589235415503	7.326457142346607	0.23805567459619778	0.06525522033724328	0.3921153577295101	4519.2026840309145	122.0	37.04264495107307	-227.8901673745442
2.0	418.0	310.0	9.08090172106912	0.11747727120100394	54.71534009121203	0.11641448714357866	4.67367642589161	0.116020450646219	0.07793476812071698	0.18410942347194495	704.1448122768567	119.0	5.917183296444174	-409.17512555735897
2.0	418.0	310.0	3.7200999313210215	0.15684127694747171	65.93343835938506	0.22303011993803148	3.1971270147582116	0.19881822445376132	0.07793476812071698	0.18410942347194495	704.1448122768567	119.0	5.917183296444174	-409.17512555735897
1.0	428.0	310.0	9.074873817535865	0.2084520980029962	58.278844508100576	0.1525589846282884	5.7521723231386135	0.1525591136569229	0.15912423755479144	0.37355912426884363	711.485144739421	122.0	5.8318454486837785	-236.1374032483169
1.0	438.0	310.0	8.810214954860712	0.18794385606134767	60.21490433217498	0.13831666976396592	5.615628091792291	0.13831681675723348	0.17232739474484288	0.29061087201750535	481.4334542301098	122.0	3.9461758543451624	-265.0330035006386
1.0	448.0	310.0	7.29863729591032	0.15377506157702336	61.115570915229384	0.14082634954662307	5.788005904228562	0.14082617878335216	0.08067922268423992	0.22623383301241018	1515.7183742553912	122.0	12.423921100454026	-311.40216978870893
1.0	458.0	310.0	5.6297329948116	0.11281965584861176	60.80740350090755	0.14016797682682783	6.058039286647021	0.14016816574180221	0.09748336743767665	0.19882985519581656	584.81836309213	122.0	4.793593140099426	-383.1449300687565
1.0	468.0	310.0	4.571733428017967	0.11575525506493764	59.59473098862939	0.20112821814208046	6.879590975391257	0.20112829907516774	0.102546614930671	0.22142765247900828	631.8330990486393	122.0	5.178959828267535	-360.8205087202495
2.0	478.0	310.0	4.130102993150546	0.0892833906810613	56.09590918995514	0.31538040558163344	7.152100708520953	0.31405348836111835	0.1086545167846105	0.15735262413796713	314.681937967415	119.0	2.644386033339622	-426.7775520753185
2.0	478.0	310.0	1.815630303326399	0.19646280432364896	68.75656083278996	0.30991323450962216	2.9191535046362436	0.35264764080593614	0.1086545167846105	0.15735262413796713	314.681937967415	119.0	2.644386033339622	-426.7775520753185
2.0	488.0	310.0	3.6549281643633567	0.2522756641569519	48.82361936298111	0.12474765202238547	1.7501146998137278	0.15778331547943808	0.09605587962178415	0.21863900059996888	670.402119508293	119.0	5.63363125637221	-363.04893328173785
2.0	488.0	310.0	4.070572768326265	0.10324010808835332	62.23834716560002	0.32292661386700616	8.628400190227064	0.3372861939776603	0.09605587962178415	0.21863900059996888	670.402119508293	119.0	5.63363125637221	-363.04893328173785
2.0	498.0	310.0	4.326892126565495	0.1834021522700005	48.45882300548293	0.13072583030810594	2.574751216343932	0.13352571187868895	0.07618471102834395	0.2176243183205383	1025.8167361058026	119.0	8.620308706771452	-367.82042377986556
2.0	498.0	310.0	5.543115866319735	0.10951970170073312	66.70027930103568	0.17433530590342186	7.422151761496407	0.18981602775317197	0.07618471102834395	0.2176243183205383	1025.8167361058026	119.0	8.620308706771452	-367.82042377986556
3.0	508.0	310.0	3.8561900670237645	0.18581678358594073	48.65690234522191	0.16602195712711632	2.891155359106416	0.16821922214876955	0.06439481810962842	0.23319014685403983	1639.192112845637	116.0	14.130966490048595	-344.40967991715314
3.0	508.0	310.0	5.454148139510324	0.11390509183519151	69.79384881088498	0.19337356964445382	7.925001523863841	0.20598348720808704	0.06439481810962842	0.23319014685403983	1639.192112845637	116.0	14.130966490048595	-344.40967991715314
3.0	508.0	310.0	0.4305067015615754	0.14680619353205307	115.24729397923637	1.8120287670453676	4.6018403228131115	1.8120294208794625	0.06439481810962842	0.23319014685403983	1639.192112845637	116.0	14.130966490048595	-344.40967991715314
4.0	518.0	310.0	2.602981585210602	0.0810611318055786	49.48646475881886	0.12866349991459755	3.565338279691977	0.13223422520802267	0.0788608436223503	0.10787542144985833	247.8777805274042	113.0	2.193608677233666	-522.6541405646815
4.0	518.0	310.0	2.9127029103023565	0.12664612755782378	64.09951968254268	0.1491779014063927	3.002401209680726	0.1520689796244979	0.0788608436223503	0.10787542144985833	247.8777805274042	113.0	2.193608677233666	-522.6541405646815
4.0	518.0	310.0	3.8043504710832905	0.06389630501247043	75.88763802246986	0.21527090367898732	6.10729710655208	0.21115176805252284	0.0788608436223503	0.10787542144985833	247.8777805274042	113.0	2.193608677233666	-522.6541405646815
4.0	518.0	310.0	0.6056662939234762	0.06749234534758794	116.50011404290179	0.6522165494017802	5.069386432412268	0.6522180403863959	0.0788608436223503	0.10787542144985833	247.8777805274042	113.0	2.193608677233666	-522.6541405646815
4.0	528.0	310.0	1.6829796603989844	0.06129613745561905	50.837685604558025	0.29307931423836364	4.519098320793015	0.2922525468962021	0.07735486390507201	0.0833313274456008	183.0150901660326	113.0	1.6196025678409964	-565.3953822483744
4.0	528.0	310.0	2.055961678428896	0.06444707736754042	64.46047847487296	0.22695055712492715	4.175777321038126	0.3117726194679097	0.07735486390507201	0.0833313274456008	183.0150901660326	113.0	1.6196025678409964	-565.3953822483744
4.0	528.0	310.0	2.2364788053570916	0.0628747863164152	78.15146732710267	0.19834070552426808	4.272305577611414	0.20164129472236691	0.07735486390507201	0.0833313274456008	183.0150901660326	113.0	1.6196025678409964	-565.3953822483744
4.0	528.0	310.0	0.5278146543496021	0.057718390405531776	115.90310200919548	0.62174113888678	4.923681667752341	0.6217407360783201	0.07735486390507201	0.0833313274456008	183.0150901660326	113.0	1.6196025678409964	-565.3953822483744
2.0	538.0	310.0	2.0869379149702274	0.056971454693351804	56.115446274910944	0.20999159125085046	6.665863545338424	0.21107132402958878	0.0654357334891127	0.10065679536114165	354.19033723856813	119.0	2.976389388559396	-538.7697437260196
2.0	538.0	310.0	0.6716588866771479	0.1008069823660127	78.71264375130731	0.36891497620520064	2.1248573669968893	0.37013940118352545	0.0654357334891127	0.10065679536114165	354.19033723856813	119.0	2.976389388559396	-538.7697437260196
1.0	548.0	310.0	2.867968279943971	0.10360261114274438	55.92202557968184	0.2075923568597343	4.976133197716953	0.20759194992608057	0.10162161055357143	0.17039735329192776	372.82970015904334	122.0	3.0559811488446176	-429.0237647711357
1.0	558.0	310.0	4.4797770879860055	0.15478020136422774	55.4334146222847	0.13876420280311547	3.4780339199684374	0.1387640703391576	0.07699621894619296	0.2147344170204779	1013.0934442525307	122.0	8.304044625020744	-373.44348976241355
1.0	568.0	310.0	5.7226843048852825	0.16434999583415005	55.326888287629586	0.1091766689578664	3.292412108522764	0.10917684413115347	0.06772390507739844	0.22069896699184965	1397.5499794390007	122.0	11.455327700319678	-365.3087357628992
1.0	578.0	310.0	4.620050415937343	0.13100167198746274	55.543033427982095	0.1402316518085581	4.28317187071104	0.14023177596567915	0.06956258451465905	0.20402879147712621	1094.8852871648592	122.0	8.974469566925075	-389.12071639029597
2.0	588.0	310.0	3.0154517109151002	0.13565235506859585	55.735112780464924	0.29576016858630616	5.694502577442138	0.2957607017117968	0.0849141492235517	0.23823609436897217	1021.6701187413894	119.0	8.585463182700751	-341.20674594306024
2.0	588.0	310.0	0.6221092683709598	0.18111628169457117	94.49155069204977	1.073780156038023	3.1941491431078903	1.0737801495254644	0.0849141492235517	0.23823609436897217	1021.6701187413894	119.0	8.585463182700751	-341.20674594306024
3.0	598.0	310.0	2.3868281114346073	0.17714307682488015	50.04833017680497	0.3518517537894782	2.95411331821454	0.3464814459543918	0.08282072037186278	0.22231064929514172	905.9886673384406	116.0	7.810247132227936	-355.61490079801064
3.0	598.0	310.0	2.5468229870473844	0.16271091247080896	60.35920968582808	0.36118596772608974	3.581789700111573	0.37916196653943435	0.08282072037186278	0.22231064929514172	905.9886673384406	116.0	7.810247132227936	-355.61490079801064
3.0	598.0	310.0	1.0095805948137684	0.1387174968792804	91.0481409301843	0.7476311059989347	4.712207727000937	0.7476311090515215	0.08282072037186278	0.22231064929514172	905.9886673384406	116.0	7.810247132227936	-355.61490079801064
3.0	608.0	310.0	2.24326042718005	0.1613228578414487	49.68600026095816	0.3143454431702253	2.965357152391401	0.3085191497499296	0.06520186569051421	0.1976250440451824	1202.4947971617776	116.0	10.366334458291186	-380.0215892541729
3.0	608.0	310.0	1.879197939729763	0.13365475209292235	61.766015923742664	0.4590635736434014	4.500614398035439	0.5541501159274003	0.06520186569051421	0.1976250440451824	1202.4947971617776	116.0	10.366334458291186	-380.0215892541729
3.0	608.0	310.0	0.8728297137686185	0.10185607482752865	84.52782972199553	1.0657129906408105	7.561935794130726	1.1631169238237622	0.06520186569051421	0.1976250440451824	1202.4947971617776	116.0	10.366334458291186	-380.0215892541729
3.0	648.0	310.0	1.1480449369334778	0.08401378154363269	49.12705651251666	0.2108712626380818	2.4780184318635388	0.21181754368658637	0.07061327836164387	0.097914376433376	240.34409184514212	116.0	2.071931826251225	-561.3493165474234
3.0	648.0	310.0	0.858634129957412	0.053605496120444	69.32422763937164	0.44220342743552055	6.138758120083392	0.449045258738197	0.07061327836164387	0.097914376433376	240.34409184514212	116.0	2.071931826251225	-561.3493165474234
3.0	648.0	310.0	1.6723157073726023	0.06976106251033384	113.66963411831384	0.17307836628842652	3.5929226844866893	0.17307805012509012	0.07061327836164387	0.097914376433376	240.34409184514212	116.0	2.071931826251225	-561.3493165474234
3.0	658.0	310.0	0.8292835094913978	0.1000491142055575	50.1141764176089	0.4235047085708056	2.9259584854223886	0.4290802219266955	0.09845969478837552	0.12239645049814012	206.9508230822387	116.0	1.7840588196744718	-496.9408514754281
3.0	658.0	310.0	0.8761387909675112	0.06989879014225747	68.38919314761982	0.5760090367973285	6.190304839406144	0.6101453076589428	0.09845969478837552	0.12239645049814012	206.9508230822387	116.0	1.7840588196744718	-496.9408514754281
3.0	658.0	310.0	3.2632760355560073	0.07989283472831135	116.61016374206078	0.12965228632097917	4.586240073462624	0.1296522873170609	0.09845969478837552	0.12239645049814012	206.9508230822387	116.0	1.7840588196744718	-496.9408514754281
3.0	668.0	310.0	0.653470718937953	0.0856682533357451	50.686852886596	0.7486661529193662	3.8896710943814856	0.745749293204983	0.11362638852837059	0.12159629106068694	149.0963591651882	116.0	1.2853134410792086	-502.10977600235094
3.0	668.0	310.0	0.9272138646368728	0.07412718451837008	65.90303722699926	0.6163175252519204	5.427335410831139	0.6709865542242867	0.11362638852837059	0.12159629106068694	149.0963591651882	116.0	1.2853134410792086	-502.10977600235094
3.0	668.0	310.0	5.934756034818059	0.08171872293781014	118.2836592920915	0.06687421547908118	4.206013176747401	0.0668742157972697	0.11362638852837059	0.12159629106068694	149.0963591651882	116.0	1.2853134410792086	-502.10977600235094
3.0	678.0	310.0	0.648726855103804	0.06434372208654279	53.12925686330355	1.0848264691375142	5.644938077079523	1.089497862057181	0.0951600316212592	0.10789052659924858	164.84818400950692	116.0	1.421105034564715	-533.8946959044769
3.0	678.0	310.0	1.4386718996196028	0.10359890702100298	65.29811369610903	0.32262749750656844	3.2170093336143353	0.29649992214842574	0.0951600316212592	0.10789052659924858	164.84818400950692	116.0	1.421105034564715	-533.8946959044769
3.0	678.0	310.0	6.80018454801146	0.07510234638079187	119.12886066077911	0.04924671530008522	3.8616572666213207	0.049246711048546776	0.0951600316212592	0.10789052659924858	164.84818400950692	116.0	1.421105034564715	-533.8946959044769
2.0	688.0	310.0	2.0707493099010716	0.07815211047226048	61.48165869745206	0.2451511942396699	5.62578887452655	0.2451514296671955	0.1152226730511945	0.13245286978954823	181.95679673967075	119.0	1.5290487120980736	-480.5783768140455
2.0	688.0	310.0	5.01376257524338	0.09714186353252527	119.82677090584437	0.08145969214898498	3.641082803722827	0.08145969134705348	0.1152226730511945	0.13245286978954823	181.95679673967075	119.0	1.5290487120980736	-480.5783768140455
2.0	698.0	310.0	3.683554088344302	0.08842158498619622	60.28495313633712	0.1257843555824335	4.538451812107166	0.12578457722455566	0.10766132803296331	0.132077320805321	215.21754717088555	119.0	1.8085508165620634	-476.562389895827
2.0	698.0	310.0	2.5428766690978044	0.10492040278641816	120.47227150526953	0.1535578421925246	3.223249147927679	0.15355811754096832	0.10766132803296331	0.132077320805321	215.21754717088555	119.0	1.8085508165620634	-476.562389895827
2.0	708.0	310.0	3.6751357390846615	0.07146211119150321	59.816686944076736	0.1137042510839584	5.0641303419247174	0.11370425071622907	0.06656812795987128	0.11871373928226063	410.3217289587442	119.0	3.4480817559558337	-516.0920019472305
2.0	708.0	310.0	0.9571252203270533	0.1181513884887786	121.22056104810197	0.26529295434958966	1.8782207762789231	0.2699495042732963	0.06656812795987128	0.11871373928226063	410.3217289587442	119.0	3.4480817559558337	-516.0920019472305
1.0	718.0	310.0	3.1158356376625997	0.08605661810024966	58.83474777086192	0.168157668889047	5.272427971434576	0.16815751752064204	0.07599372110901835	0.1485813922238068	487.36601099773793	122.0	3.9948033688339173	-468.1884315085672
1.0	728.0	310.0	3.0538755498577697	0.10610936985376893	57.69956821388522	0.17467559664367985	4.353568936188357	0.17467547665195007	0.0884892352228242	0.1678382376263476	451.22747584036546	122.0	3.6985858675439793	-439.76136055872377
1.0	738.0	310.0	2.598895942218374	0.11780552269747693	57.241091039953155	0.22262602318615812	4.253130623113079	0.22262580556786266	0.07759129747216309	0.18449250412418083	706.7105192169028	122.0	5.792709173909039	-416.53657660653084
1.0	8.0	320.0	5.470639557902286	0.24276979462587067	18.364508988999138	0.26173023049193844	5.107095730570442	0.26172973084930673	0.210091340806301	0.38996688216426045	491.5825765006867	122.0	4.02936538115317	-212.88869698630532
2.0	18.0	320.0	6.838674905149198	0.27816370533763607	18.772379117353935	0.20915073148737423	4.453084271998031	0.20917734222470513	0.21172850986864095	0.4402018889778799	540.3498206395417	119.0	4.540754795290266	-192.41286923507664
2.0	18.0	320.0	1.434053437776312	0.22838735638402935	51.932251432436956	1.2150109676260572	6.602588044629387	1.2151980184743656	0.21172850986864095	0.4402018889778799	540.3498206395417	119.0	4.540754795290266	-192.41286923507664
1.0	28.0	320.0	5.27429411794547	0.286643478020152	19.520002816612262	0.2603773742362926	4.149821338276089	0.260378300541448	0.18161020795024863	0.4433716605899931	745.0710633212357	122.0	6.1071398632888165	-197.32741786166542
2.0	38.0	320.0	4.8558401250214756	0.1820112440357459	20.83669610716227	0.1791546639770966	4.139302532449852	0.17915505193146786	0.16926695082367005	0.27761024598078277	336.4944759615055	119.0	2.8276846719454243	-307.57419106439954
2.0	38.0	320.0	1.3039422711971187	0.13665485947634665	60.52936317537554	0.8887247469015181	7.3409756038885075	0.8887240283631053	0.16926695082367005	0.27761024598078277	336.4944759615055	119.0	2.8276846719454243	-307.57419106439954
2.0	48.0	320.0	5.025988079396526	0.11148685642350353	23.08435625702661	0.12013782243538015	4.6903254918088155	0.12013958898104189	0.12401700801666556	0.18102130225331858	266.4947286691173	119.0	2.239451501421154	-414.4921851509124
2.0	48.0	320.0	1.1963033978809057	0.09105075509387407	61.02133436161134	0.6180168129341067	7.0320830849794405	0.6180280637030887	0.12401700801666556	0.18102130225331858	266.4947286691173	119.0	2.239451501421154	-414.4921851509124
2.0	58.0	320.0	5.134755233135144	0.1277845017382436	27.68548078166443	0.2073274756642552	6.320100716491988	0.20789210733978228	0.11324939698664267	0.2365661136389832	546.4390758742458	119.0	4.591925007346603	-347.4402099642774
2.0	58.0	320.0	0.728689421294357	0.09337196238059361	58.68671277437348	2.0372054124028147	12.264842337079381	2.2655933323841877	0.11324939698664267	0.2365661136389832	546.4390758742458	119.0	4.591925007346603	-347.4402099642774
4.0	68.0	320.0	2.3872694382325412	2.5180688400258027	21.99129988096329	1.0258134963841747	2.5530800997419476	0.8046465145375142	0.10286955393095329	0.1627634100809348	333.5796659366415	113.0	2.9520324419171815	-419.0916784993752
4.0	68.0	320.0	4.087986970234365	1.4981074674947863	27.77320220563918	1.4917544129743774	3.9573594338328437	1.9681630632260319	0.10286955393095329	0.1627634100809348	333.5796659366415	113.0	2.9520324419171815	-419.0916784993752
4.0	68.0	320.0	4.226880702275968	0.6112603713200373	37.52695657398617	1.6040638313191138	5.32535995418617	0.7963343370377838	0.10286955393095329	0.1627634100809348	333.5796659366415	113.0	2.9520324419171815	-419.0916784993752
4.0	68.0	320.0	0.7543568522050008	0.10036473862148662	63.529855829751334	0.8202124075420237	5.315868439869383	0.8409011382407011	0.10286955393095329	0.1627634100809348	333.5796659366415	113.0	2.9520324419171815	-419.0916784993752
2.0	78.0	320.0	2.159980785893454	0.12972421717121593	25.806916522146818	0.47215520861153104	3.9210811727456756	0.3700805210600389	0.10470823738712548	0.14448471725682643	241.75113680878417	119.0	2.03152215805701	-468.9831201902734
2.0	78.0	320.0	4.424965685682713	0.09760451319537436	37.198921944530056	0.2662839785413921	4.713193339729194	0.22509950289388064	0.10470823738712548	0.14448471725682643	241.75113680878417	119.0	2.03152215805701	-468.9831201902734
1.0	88.0	320.0	2.7892956004856946	0.09840947325152777	34.64860363333726	0.19229333005399202	4.7210212709572605	0.19229397258434397	0.08182611169876076	0.16231510247711414	492.13447752018743	122.0	4.033889160001537	-448.4849343305574
2.0	98.0	320.0	0.7485408362716003	0.08806955622216033	14.660708580806345	1.8012223426680753	7.210842868164258	1.7307268009120798	0.07943855546220827	0.16053487486389517	583.5947999870181	119.0	4.904157983084185	-427.86935031448627
2.0	98.0	320.0	1.9217013352544854	0.13085119706000592	31.08341917795374	0.5213537129684854	4.786093616528604	0.449936273437292	0.07943855546220827	0.16053487486389517	583.5947999870181	119.0	4.904157983084185	-427.86935031448627
1.0	108.0	320.0	1.7473279028563138	0.08011334202841439	18.040296608155845	0.48743759901768413	9.208370755853714	0.48743800778796786	0.20526171944368563	0.17626790620061297	101.09919306764385	122.0	0.8286819103905234	-416.3938075777742
1.0	118.0	320.0	2.535102542502967	0.08587738396090881	17.52607192235516	0.24473742567587725	6.256141242136944	0.24473716736576565	0.05920061961554546	0.16306152693460355	948.9703053172748	122.0	7.778445125551433	-447.3228463770431
1.0	128.0	320.0	2.15696285764782	0.067772720143616	19.206036203170477	0.20915654888948002	5.764181807830739	0.20915622788863833	0.08440014981957611	0.11773162057319925	267.9226042480495	122.0	2.196086920065979	-516.7484741444049
1.0	138.0	320.0	1.4577467293896245	0.06409564986536315	22.430335934701	0.3843450604090792	7.569729282031597	0.3843448813483397	0.14979155686733628	0.09241254904260622	99.90633662749305	122.0	0.8189043985860086	-496.63772104154583
1.0	148.0	320.0	2.920134152281681	0.06793439033268982	24.48208215352506	0.156509840726717	5.825967569864103	0.15650976203849679	0.07991822464321048	0.11095230597647042	303.44560080329063	122.0	2.487259022977792	-514.8267625651481
1.0	158.0	320.0	3.4055015767280357	0.09066495086402687	27.618659022104612	0.2223632687960595	7.2329311382517805	0.22236317488386514	0.0613479199403608	0.18512310170269464	1138.7306823642512	122.0	9.333858052165994	-415.6290348965606
2.0	168.0	320.0	2.07619832274126	0.11021102672398805	29.989148948323855	0.8110489209369491	6.587105564491476	0.5450726117985196	0.07616439558817212	0.11065791812947096	293.52951282119534	119.0	2.4666345615226497	-524.295372880682
2.0	168.0	320.0	1.3230925521301473	0.11319206322263045	45.67005209938593	1.2592230058228548	6.520291804922963	0.8419185853913357	0.07616439558817212	0.11065791812947096	293.52951282119534	119.0	2.4666345615226497	-524.295372880682
1.0	178.0	320.0	1.9799703781839986	0.05683319169356079	45.560321897319916	0.25950966809296233	7.829098450491777	0.25950953062680954	0.06961005686952594	0.12074893889730312	376.1878365092411	122.0	3.083506856633124	-522.4897008907716
1.0	188.0	320.0	2.146317352066636	0.05904374064369201	47.30033065968823	0.2104547989380332	6.624453589028838	0.21045450700493795	0.06331012491786954	0.11533752433964224	415.34080435252554	122.0	3.404432822561685	-533.8292951755631
2.0	378.0	320.0	2.608728770975224	0.07136771031900381	51.20416537716563	0.09873288359182436	2.7930263793052665	0.09945839969882299	0.07357850662246196	0.08320688226138064	176.48323737336872	119.0	1.4830524149022581	-596.5246966923062
2.0	378.0	320.0	1.4494847641057942	0.049893862905687154	65.58415053417454	0.26000002521744786	5.8600906521772	0.28960018081928146	0.07357850662246196	0.08320688226138064	176.48323737336872	119.0	1.4830524149022581	-596.5246966923062
2.0	388.0	320.0	3.5039473386792634	0.15700628408019135	51.26828644538515	0.09732059214855757	2.725522731442595	0.13113677694161854	0.07560071665780443	0.11050139122625587	301.4658191668153	119.0	2.5333262114858432	-522.8176517567356
2.0	388.0	320.0	1.9233226458071244	0.0591461757649284	62.93957059159502	0.5455329582887953	7.517450673276791	0.5028531448777622	0.07560071665780443	0.11050139122625587	301.4658191668153	119.0	2.5333262114858432	-522.8176517567356
1.0	398.0	320.0	5.386731889027988	0.15311993599389254	55.892227055523975	0.2293965149195047	6.988276233404918	0.22939631629725624	0.06931267548948776	0.30738034676805104	2458.380271284516	122.0	20.15065796134849	-288.91383944649965
2.0	408.0	320.0	5.4959415788179875	2.3098812597567497	52.00565412861156	0.5773463780873125	4.159993020581543	0.5827241440735554	0.09166803619053644	0.242450996797004	884.6653509957355	119.0	7.4341626134095415	-340.0715553361075
2.0	408.0	320.0	4.3052710364349185	1.0754411794482646	60.13369200043445	3.1506942402007545	6.511047066613648	1.4358331697917481	0.09166803619053644	0.242450996797004	884.6653509957355	119.0	7.4341626134095415	-340.0715553361075
2.0	418.0	320.0	9.000666996249105	0.22228245889093512	55.49436575124263	0.16963906716760982	5.949045251217596	0.16964026650704955	0.07181161602493949	0.40605971392824725	4007.3142482841276	119.0	33.67490964944645	-212.2700444414946
2.0	418.0	320.0	0.9415441520745588	0.31839176844630435	85.60299811103681	1.1324296171485058	2.8981267239925037	1.1324066424765802	0.07181161602493949	0.40605971392824725	4007.3142482841276	119.0	33.67490964944645	-212.2700444414946
1.0	428.0	320.0	9.853297915184674	0.24501893103318423	57.235014225272124	0.14795126845562212	5.152285797980174	0.1479511069977642	0.14321976144192888	0.4220819271715018	1086.995498224053	122.0	8.909799165770927	-209.486382727338
1.0	438.0	320.0	9.542584550259127	0.24305507122741757	59.227518866881816	0.14842294658427904	5.0460622656430205	0.148422730774449	0.18901739692987746	0.3890415024905529	601.44908907532	122.0	4.929910566191148	-214.10053590401466
1.0	448.0	320.0	7.936226627224268	0.18146075211716606	60.43717022425174	0.1394099546255128	5.2800571322176495	0.1394098741480528	0.13941583236874525	0.2776382544892673	644.7699474006021	122.0	5.284999568857394	-281.50107235474235
1.0	458.0	320.0	6.475404620124682	0.14208052701156715	60.710528999631265	0.13471654040570374	5.317495237137256	0.13471664306089473	0.1532638434617485	0.22765118981658866	329.37819706450455	122.0	2.6998212874139718	-341.78698287590953
1.0	468.0	320.0	5.842411774029401	0.1308902949533763	60.11021167587962	0.15023489846795712	5.806920283259068	0.15023472346617397	0.15474330779061451	0.21393182683992476	299.4865904495726	122.0	2.4548081184391197	-351.2774151459136
1.0	478.0	320.0	5.140609781262524	0.09075882965671164	59.73481482774114	0.154206305928585	7.563965153733795	0.15420627832368902	0.15051893037712583	0.17082216561373273	198.2277985145056	122.0	1.6248180206107017	-409.7787136634949
3.0	488.0	320.0	3.2035967500680917	0.1407310708053734	48.95060329391819	0.13693531880283694	2.5270463103751624	0.14044473022431142	0.08198045367840653	0.159986808452604	477.207797725819	116.0	4.113860325222578	-438.29860341442924
3.0	488.0	320.0	5.7458253775916655	0.08958823011162549	63.71276669814423	0.12461171799864298	6.372191688480736	0.14338686379997456	0.08198045367840653	0.159986808452604	477.207797725819	116.0	4.113860325222578	-438.29860341442924
3.0	488.0	320.0	1.4041814821970202	0.1347361195925772	84.25079213314602	0.2890788972959534	2.577450392240273	0.29091028090364945	0.08198045367840653	0.159986808452604	477.207797725819	116.0	4.113860325222578	-438.29860341442924
3.0	498.0	320.0	3.804222000224861	0.17723862614797645	48.80774473750667	0.1564086408937987	2.784123695075129	0.15864970753887275	0.07238853002158203	0.21308440097264242	1143.0533821575777	116.0	9.85390846687567	-360.2185583040421
3.0	498.0	320.0	6.7398893149115295	0.12796094689473259	65.94667448551569	0.12834203555932194	5.7744211319445435	0.14782991836246373	0.07238853002158203	0.21308440097264242	1143.0533821575777	116.0	9.85390846687567	-360.2185583040421
3.0	498.0	320.0	2.458095330534599	0.16338540459914497	83.84078946856599	0.26535930221301895	3.280745069486276	0.27080077810175107	0.07238853002158203	0.21308440097264242	1143.0533821575777	116.0	9.85390846687567	-360.2185583040421
4.0	508.0	320.0	3.453727489631587	0.12206924965559585	49.16867014577672	0.1357373480494065	3.168208628050002	0.13812307633349682	0.060096732614088176	0.15626019681800818	871.6124931209416	113.0	7.713384894875589	-433.4103369977859
4.0	508.0	320.0	6.05994623725847	0.09715077074535301	67.71418730929102	0.1161342760801484	6.043175068949852	0.14057988775201288	0.060096732614088176	0.15626019681800818	871.6124931209416	113.0	7.713384894875589	-433.4103369977859
4.0	508.0	320.0	2.6860044943146306	0.13711437009287258	83.5091555680641	0.19117632826790876	3.091112199318636	0.20846796277861995	0.060096732614088176	0.15626019681800818	871.6124931209416	113.0	7.713384894875589	-433.4103369977859
4.0	508.0	320.0	0.2862610181218102	0.05566704248242525	110.36470047607345	4.502714163222062	16.60498826483065	5.012943296904932	0.060096732614088176	0.15626019681800818	871.6124931209416	113.0	7.713384894875589	-433.4103369977859
2.0	518.0	320.0	1.9846894130133206	0.14954226625462233	49.35837482508757	0.32663917540801474	3.528994419169191	0.332769972715384	0.10807925125105641	0.18704351726503268	461.3761186707499	119.0	3.8771102409306715	-380.27328277771795
2.0	518.0	320.0	4.022191070765478	0.09607590390310158	71.01078965836601	0.25641593354805053	8.817178982526555	0.28298784775103397	0.10807925125105641	0.18704351726503268	461.3761186707499	119.0	3.8771102409306715	-380.27328277771795
3.0	528.0	320.0	1.4295517505005104	0.07995536872487548	50.727016793485895	0.4237811314317613	5.081285516070337	0.4003531814271919	0.08330915194819986	0.10576153448927982	272.5373510001673	116.0	2.3494599224152353	-504.3012578261198
3.0	528.0	320.0	2.1084563154568143	0.05969958790322323	70.9785127291537	0.381057263175579	8.442809971236175	0.4300537624602245	0.08330915194819986	0.10576153448927982	272.5373510001673	116.0	2.3494599224152353	-504.3012578261198
3.0	528.0	320.0	0.47099653056410423	0.04745822272432535	115.78120847213752	1.4747465248493037	12.572748622349726	1.5454968024980782	0.08330915194819986	0.10576153448927982	272.5373510001673	116.0	2.3494599224152353	-504.3012578261198
1.0	548.0	320.0	3.210221185245608	0.09890214336818276	55.529973040956754	0.17042958189532065	4.790502244648079	0.17042942456189727	0.20647724114900143	0.1476548070348961	79.22777578893697	122.0	0.6494079982699751	-445.38962069691615
1.0	558.0	320.0	4.628230204495012	0.1318854900181027	55.081851037379394	0.1434585670769781	4.359724990832036	0.14345846436224396	0.08397510889782914	0.20781691939967048	775.1328214012364	122.0	6.353547716403576	-385.2186291964913
1.0	568.0	320.0	4.896900967743164	0.1378370116137435	55.33798315708004	0.14577847837207175	4.484965056407189	0.14577835058368546	0.08252706779864347	0.2216058441297755	901.8308341458265	122.0	7.392056017588742	-370.64308374610385
1.0	578.0	320.0	4.050247935117878	0.10993118125872511	56.118806948927585	0.14858574980159578	4.7411390677653165	0.1485858312362455	0.07263449509454047	0.17601778341951207	782.78533091753	122.0	6.416273204242049	-420.26073788809276
1.0	588.0	320.0	3.034558256112519	0.10249959574879233	56.226562900798406	0.22407920158452121	5.745665580987433	0.22407943175489586	0.07014561329984643	0.18364777441480423	884.2476206358148	122.0	7.247931316687007	-413.74257688957425
