ncomps	x	y	amplitude	err amplitude	shift	err shift	width	err width	rms	residual	chisq	dof	redchisq	aic
3.0	598.0	320.0	2.03994635162795	0.16004446343852824	49.797516487432276	0.33127011664425243	2.8536995306451254	0.2994337505968549	0.08031255350432383	0.16417602400550985	523.9331982047438	116.0	4.516665501765033	-431.76081021274763
3.0	598.0	320.0	2.2916530572870433	0.1059904776114862	60.37622853957192	0.41762359346181027	4.7293831638840595	0.4301907065250619	0.08031255350432383	0.16417602400550985	523.9331982047438	116.0	4.516665501765033	-431.76081021274763
3.0	598.0	320.0	0.8676600836175923	0.08280259252065907	88.31577596482171	0.8028297411882324	7.278038509330846	0.8207730454518531	0.08031255350432383	0.16417602400550985	523.9331982047438	116.0	4.516665501765033	-431.76081021274763
4.0	608.0	320.0	2.145149026913335	0.11374862097705953	50.06319100273288	0.24699544945990343	2.9439721395395675	0.23457987394519383	0.07221950660197175	0.1361243854547138	448.37214942449145	113.0	3.9678951276503667	-470.5618293521556
4.0	608.0	320.0	2.01343107326179	0.09953907685796463	62.09161043657846	0.34042212325220356	4.50191261541414	0.5549894935621861	0.07221950660197175	0.1361243854547138	448.37214942449145	113.0	3.9678951276503667	-470.5618293521556
4.0	608.0	320.0	0.7196297900009119	0.16822910639466515	73.94040757542518	0.938030464776095	3.1469609024680683	1.094887531326812	0.07221950660197175	0.1361243854547138	448.37214942449145	113.0	3.9678951276503667	-470.5618293521556
4.0	608.0	320.0	1.2553276376025106	0.0797701154365515	85.77168258024308	0.8652313986273591	5.984402453984319	0.8174266191203445	0.07221950660197175	0.1361243854547138	448.37214942449145	113.0	3.9678951276503667	-470.5618293521556
5.0	618.0	320.0	1.618666903962176	0.07745611879179017	50.01918401938386	0.22270865343402252	2.952504784397859	0.21702070853377464	0.06509479664678999	0.09424614190581987	263.06707048092335	110.0	2.3915188225538486	-555.562085270534
5.0	618.0	320.0	1.3567629452119456	0.07169240367659854	61.8756045838589	0.5031664564638016	4.108974631340635	0.6256673705810303	0.06509479664678999	0.09424614190581987	263.06707048092335	110.0	2.3915188225538486	-555.562085270534
5.0	618.0	320.0	0.9814801434415094	0.06832888923897314	73.96287951293809	0.6734816569421817	4.270968052240804	1.0020226909353684	0.06509479664678999	0.09424614190581987	263.06707048092335	110.0	2.3915188225538486	-555.562085270534
5.0	618.0	320.0	0.6779297265654841	0.0764237129482026	85.85974347030795	0.670670600569482	3.277737031727738	0.6137978222559317	0.06509479664678999	0.09424614190581987	263.06707048092335	110.0	2.3915188225538486	-555.562085270534
5.0	618.0	320.0	0.9593313993750209	0.06334441786017309	106.03257259122844	0.3263334495333755	4.280836885768342	0.3271953600298652	0.06509479664678999	0.09424614190581987	263.06707048092335	110.0	2.3915188225538486	-555.562085270534
4.0	628.0	320.0	1.433196634009843	0.0688770325046504	49.23099341542538	0.1654048154469256	2.9618996169011758	0.17230343516016558	0.07957440740506232	0.08425973864495602	144.9077577869165	113.0	1.2823695379373141	-587.5070177377769
4.0	628.0	320.0	0.8392558229986884	0.08697349560000403	59.87842362171429	0.2680733447947259	2.052598639336392	0.28179810149188295	0.07957440740506232	0.08425973864495602	144.9077577869165	113.0	1.2823695379373141	-587.5070177377769
4.0	628.0	320.0	0.8498328497396247	0.055023202643688394	70.80212094150434	0.43023701619097526	4.915894510007596	0.47986040849970735	0.07957440740506232	0.08425973864495602	144.9077577869165	113.0	1.2823695379373141	-587.5070177377769
4.0	628.0	320.0	1.383872351527502	0.0468836938205362	108.78510316829521	0.24459452208115093	6.25298329540008	0.24459566850152661	0.07957440740506232	0.08425973864495602	144.9077577869165	113.0	1.2823695379373141	-587.5070177377769
5.0	638.0	320.0	1.4884477026881606	0.0884451021886645	49.04496331771126	0.19373453232679821	2.8172112825825977	0.19918302493111165	0.04744451063717221	0.08915932827799068	626.7760623793258	110.0	5.697964203448416	-526.1104944765589
5.0	638.0	320.0	0.6867193878013075	0.10672711169515506	59.599898798530084	0.37748841443671927	1.9464384513587922	0.3897987882373988	0.04744451063717221	0.08915932827799068	626.7760623793258	110.0	5.697964203448416	-526.1104944765589
5.0	638.0	320.0	0.7534917426511228	0.07085463066279972	71.22253701520236	0.5222907340187007	4.581407303333068	0.5750186190613669	0.04744451063717221	0.08915932827799068	626.7760623793258	110.0	5.697964203448416	-526.1104944765589
5.0	638.0	320.0	0.8102812730158947	0.08077745499109384	104.41883294811586	2.0961760870202353	6.270244672365517	1.5240341320522506	0.04744451063717221	0.08915932827799068	626.7760623793258	110.0	5.697964203448416	-526.1104944765589
5.0	638.0	320.0	2.259221440043811	0.2642658711309978	114.38109901493767	0.26870931306157236	3.365421274478127	0.27157050063821464	0.04744451063717221	0.08915932827799068	626.7760623793258	110.0	5.697964203448416	-526.1104944765589
5.0	648.0	320.0	1.0788823855698673	0.06486105864644866	50.042869964814194	0.22381179840880533	2.986840219960272	0.24485488339439665	0.05433088733505401	0.0695927775697825	262.0794918492642	110.0	2.3825408349933106	-601.2201612770078
5.0	648.0	320.0	0.5202134791911821	0.07485260655043005	59.41886641243502	0.41810804485183317	2.177756569897228	0.45446411524443897	0.05433088733505401	0.0695927775697825	262.0794918492642	110.0	2.3825408349933106	-601.2201612770078
5.0	648.0	320.0	0.8030563957120024	0.059225134030981424	71.48163358569101	0.35465703633197815	4.278675319487317	0.42839392518402797	0.05433088733505401	0.0695927775697825	262.0794918492642	110.0	2.3825408349933106	-601.2201612770078
5.0	648.0	320.0	0.45785714287436835	0.04275219016561608	106.39387322784648	1.7275283012651248	18.47952716502236	1.8448523954453875	0.05433088733505401	0.0695927775697825	262.0794918492642	110.0	2.3825408349933106	-601.2201612770078
5.0	648.0	320.0	2.592892116315811	0.06990554243460986	114.15151058707362	0.08985379552876682	3.215251297365069	0.10927956534406404	0.05433088733505401	0.0695927775697825	262.0794918492642	110.0	2.3825408349933106	-601.2201612770078
4.0	658.0	320.0	0.8635340041575874	0.08689030249052845	51.56902699565501	0.3870115235958809	3.104172539086952	0.393123349628753	0.08550569298790596	0.10732567987648167	209.39002503784297	113.0	1.8530090711313538	-523.5217503552037
4.0	658.0	320.0	0.8031386274442384	0.058983562387569015	70.3383849543079	0.6450507230071678	7.366958467633689	0.7842166759837012	0.08550569298790596	0.10732567987648167	209.39002503784297	113.0	1.8530090711313538	-523.5217503552037
4.0	658.0	320.0	0.505513887133806	0.07533522389921257	92.88724762651097	0.7383731901571833	4.054274592875674	0.7564184551624791	0.08550569298790596	0.10732567987648167	209.39002503784297	113.0	1.8530090711313538	-523.5217503552037
4.0	658.0	320.0	3.1875115854444593	0.0689058965888299	115.46824820382288	0.12084973892143147	4.842300806465845	0.12143232862941823	0.08550569298790596	0.10732567987648167	209.39002503784297	113.0	1.8530090711313538	-523.5217503552037
3.0	668.0	320.0	0.6266358650815981	0.1407126792049198	51.40428398804165	0.6385818249213906	2.8762965208431712	0.7664503905587225	0.13745368078418999	0.1249483425613685	122.14635248360412	116.0	1.0529857972724492	-479.4385791473868
3.0	668.0	320.0	0.8090377500087558	0.0654344042475333	66.06266381495398	1.2114609903955695	8.493037905252702	1.262854399807014	0.13745368078418999	0.1249483425613685	122.14635248360412	116.0	1.0529857972724492	-479.4385791473868
3.0	668.0	320.0	3.961778255867685	0.08401744045534616	117.6153572158148	0.11681304496567878	4.770267008227169	0.1168130481604688	0.13745368078418999	0.1249483425613685	122.14635248360412	116.0	1.0529857972724492	-479.4385791473868
3.0	678.0	320.0	0.8155935237674203	0.08127134119215648	53.66134620901467	0.7152411765026631	4.129770222211697	0.7236493957812123	0.12440883174363862	0.11157502819242894	116.3012059122413	116.0	1.0025966026917355	-510.49659783358845
3.0	678.0	320.0	1.6964215173342845	0.0873330372100501	65.41112416500762	0.3198484781646243	3.573729099209528	0.30683444888274863	0.12440883174363862	0.11157502819242894	116.3012059122413	116.0	1.0025966026917355	-510.49659783358845
3.0	678.0	320.0	4.6724293653599736	0.08074826336240942	118.79060531970293	0.08038397839119116	4.02815706501842	0.08038396557905397	0.12440883174363862	0.11157502819242894	116.3012059122413	116.0	1.0025966026917355	-510.49659783358845
2.0	688.0	320.0	2.2005982348995707	0.09704430479973669	62.56869396801819	0.2959480661811216	5.812909109304862	0.2959487189477614	0.22706483378578088	0.16294755510232103	74.6420180687549	119.0	0.6272438493172681	-422.3693262861668
2.0	688.0	320.0	4.09589177210186	0.1194028328843784	119.4544603652177	0.12923755846676288	3.8393105372550584	0.1292375577872808	0.22706483378578088	0.16294755510232103	74.6420180687549	119.0	0.6272438493172681	-422.3693262861668
3.0	698.0	320.0	1.2183316168996472	0.18041753883970676	53.375503060140744	0.6201870129078076	2.753279762706731	0.5125967946418025	0.16391870503427125	0.13948632456437204	110.10464709938479	116.0	0.9491779922360758	-448.39126218556265
3.0	698.0	320.0	3.3054663652538987	0.10635399837024442	62.430435934169736	0.3238124061175285	4.170943741997224	0.2943709477096039	0.16391870503427125	0.13948632456437204	110.10464709938479	116.0	0.9491779922360758	-448.39126218556265
3.0	698.0	320.0	2.5236579056895443	0.10806295116464348	120.10380713153754	0.1827734320060826	3.6965565411679773	0.18277343298908938	0.16391870503427125	0.13948632456437204	110.10464709938479	116.0	0.9491779922360758	-448.39126218556265
3.0	708.0	320.0	2.413606667761891	0.11128504975807042	55.440221264759046	0.4398593877192468	3.473188211084702	0.32788828259097574	0.10670982804441219	0.10512671836042824	144.76927458128148	116.0	1.248010987769668	-521.4918455527892
3.0	708.0	320.0	3.2233606617412325	0.15734125510317482	63.4096241768063	0.28507232493447604	2.992705377993534	0.1988840557436662	0.10670982804441219	0.10512671836042824	144.76927458128148	116.0	1.248010987769668	-521.4918455527892
3.0	708.0	320.0	1.0209530409924261	0.09393167147733192	120.05477598251102	0.2896167663891927	2.726141754920724	0.28961483579379843	0.10670982804441219	0.10512671836042824	144.76927458128148	116.0	1.248010987769668	-521.4918455527892
1.0	718.0	320.0	3.1385678079029735	0.07712147844955486	58.78449440099937	0.14130948500236612	4.98067535802601	0.1413096421014113	0.08718935411768226	0.12115132107378764	280.87005367884575	122.0	2.3022135547446374	-502.7209625006777
1.0	728.0	320.0	3.09577718339916	0.11226144930716643	57.65213556231105	0.16541198781283567	3.950282225876503	0.165411914725877	0.06629007912919901	0.16790541589816793	816.6040701193239	122.0	6.693475984584622	-437.8236790371637
1.0	8.0	330.0	4.819407844171227	0.22066260488952683	20.29609802568147	0.23512618377828493	4.44669978204684	0.23512557939084908	0.2093464157815818	0.33403320239409034	356.13684502030964	122.0	2.9191544673795873	-254.06606236411852
1.0	18.0	330.0	6.759876421207045	0.29001711935535956	20.662923593451293	0.19126960323651326	3.86011917643686	0.19126866515880064	0.2646521833514351	0.4272205809956233	334.1728616733634	122.0	2.739121816994782	-203.41662372451012
3.0	28.0	330.0	5.846607589284643	0.13115445637714981	21.256888930397782	0.11575114916650808	4.468680921788775	0.115755016192315	0.18623732590298264	0.2028394331304133	151.8850721900074	116.0	1.309354070603512	-376.2668516364238
3.0	28.0	330.0	1.2215232080353529	0.15468086066217332	45.9839335187398	0.5594060457293445	3.327557267473429	0.5600022192366051	0.18623732590298264	0.2028394331304133	151.8850721900074	116.0	1.309354070603512	-376.2668516364238
3.0	28.0	330.0	1.1132792150406463	0.1141580627699112	62.03547044765314	0.8472048464834266	6.327917167087427	0.9418231190767415	0.18623732590298264	0.2028394331304133	151.8850721900074	116.0	1.309354070603512	-376.2668516364238
2.0	38.0	330.0	5.131021538046928	0.12631060819087203	22.21959624026445	0.13828440590788396	4.860561542407125	0.13853031399131557	0.16326461618768975	0.20666576912047063	204.41839912749	119.0	1.7178016733402521	-378.90198963113204
2.0	38.0	330.0	1.132875807669566	0.09229164998631062	58.822106449772846	0.8571854577117259	9.116378596808799	0.8599934903946449	0.16326461618768975	0.20666576912047063	204.41839912749	119.0	1.7178016733402521	-378.90198963113204
2.0	48.0	330.0	5.39445419996545	0.1174534067024676	24.045231652431433	0.12865225940665936	5.116255029867151	0.12877043107325523	0.14804077406808658	0.1985177125622053	226.33067130008854	119.0	1.9019384142864584	-390.6446037737368
2.0	48.0	330.0	1.0658111741961187	0.09335497532073296	60.264126041695825	0.8191750390757548	8.102859264303895	0.820255904464486	0.14804077406808658	0.1985177125622053	226.33067130008854	119.0	1.9019384142864584	-390.6446037737368
2.0	58.0	330.0	5.872173979567595	0.15969957919797476	26.708108095724196	0.19587643684685022	6.238361922129264	0.19589672625048832	0.1274910868366671	0.29655892098754766	688.1066716284283	119.0	5.78240900528091	-289.01157476786176
2.0	58.0	330.0	0.7955958784844542	0.16677159172494496	62.8562727870369	1.3845020717436842	5.71985091975851	1.3846364819084596	0.1274910868366671	0.29655892098754766	688.1066716284283	119.0	5.78240900528091	-289.01157476786176
3.0	68.0	330.0	5.424684128881908	0.3218593031073414	25.143456656327935	0.38134632699244136	4.305302997888184	0.24547075616753009	0.11061371823537106	0.18129990651746988	390.7235894400712	116.0	3.368306805517855	-388.4017432968468
3.0	68.0	330.0	3.8413068417325578	0.17451438749390094	36.45595802944415	0.7173794916619122	5.481795406028203	0.5034587500258473	0.11061371823537106	0.18129990651746988	390.7235894400712	116.0	3.368306805517855	-388.4017432968468
3.0	68.0	330.0	0.6538612397693656	0.1305618409128378	63.57085730641646	0.9441850885023958	4.095663124266189	0.9454696031741254	0.11061371823537106	0.18129990651746988	390.7235894400712	116.0	3.368306805517855	-388.4017432968468
3.0	78.0	330.0	3.264653424384828	0.11741386102714928	27.19402569549108	0.3909560752427759	4.480713934388334	0.27235170289756044	0.09951896742001859	0.10830961774830564	161.3645920708967	116.0	1.3910740695766957	-525.3674622101229
3.0	78.0	330.0	3.869700228644988	0.12584480976179888	37.95373125321744	0.32099765532527025	4.36097211806456	0.22060092172562953	0.09951896742001859	0.10830961774830564	161.3645920708967	116.0	1.3910740695766957	-525.3674622101229
3.0	78.0	330.0	0.4790813450207485	0.07410319921189008	64.7509086768876	0.7583639955878175	4.246120636415237	0.7584354420424989	0.09951896742001859	0.10830961774830564	161.3645920708967	116.0	1.3910740695766957	-525.3674622101229
2.0	88.0	330.0	0.7026767125752428	0.1150359207468463	12.460824965086152	0.4420118020694845	2.3393306130964566	0.44226154739608087	0.08474170916815546	0.13147621943115226	302.8723299511093	119.0	2.5451456298412545	-493.7002734365416
2.0	88.0	330.0	2.61598123437199	0.07578296036909124	33.92886348121062	0.18028721511822268	5.390633164527383	0.18052145546407894	0.08474170916815546	0.13147621943115226	302.8723299511093	119.0	2.5451456298412545	-493.7002734365416
2.0	98.0	330.0	1.5314817853269358	0.07988884852681256	14.167454291192525	0.38596387046731556	5.263404167174801	0.41375055154594675	0.06785767738322766	0.13357793317617672	492.3762039862787	119.0	4.13761515954856	-488.50765613897636
2.0	98.0	330.0	1.6151757890482918	0.0837611362968576	30.86998434352339	0.3476546323568677	4.677501122277306	0.36053908814989877	0.06785767738322766	0.13357793317617672	492.3762039862787	119.0	4.13761515954856	-488.50765613897636
2.0	108.0	330.0	2.0306228111071682	0.07258880419047531	15.836649729125426	0.3405463861119321	7.4478204266637835	0.38045752587120685	0.05925235610924775	0.14321812266697623	730.4251848374215	119.0	6.138026763339677	-473.1114351099131
2.0	108.0	330.0	0.39358572936512465	0.11616283773854748	32.79375094524654	1.0586377827866615	2.917790500478288	1.088746774414507	0.05925235610924775	0.14321812266697623	730.4251848374215	119.0	6.138026763339677	-473.1114351099131
1.0	118.0	330.0	2.0739760870205313	0.08235277054341245	17.44285511956987	0.2957361624774955	6.449116418236124	0.29573572996077774	0.0743211008453928	0.15867480033755363	570.8028450873766	122.0	4.678711844978497	-453.9988265033074
1.0	128.0	330.0	2.0448719782053613	0.07119564283439601	18.891209563871815	0.21149583680433082	5.260391544346885	0.21149564414981994	0.06910789472196575	0.1216458099221685	402.4400027616635	122.0	3.29868854722675	-515.8675401407558
1.0	138.0	330.0	1.8111957201743902	0.05181149750128486	17.741668938182162	0.19546037195368596	5.917676708013621	0.1954604940695497	0.07618359281552173	0.0874785947643875	197.27838299712823	122.0	1.617035926205969	-580.6145260146185
1.0	148.0	330.0	2.4789891988439643	0.04672427524616122	21.594559085798352	0.12432276342154751	5.7118796461066115	0.1243226370219117	0.06165963181157524	0.08478135606344618	236.42787987809524	122.0	1.9379334416237315	-610.8652723948566
2.0	158.0	330.0	2.4355439526447697	0.2697430273518883	23.122673234554963	0.18006995529040942	3.664771193990692	0.2622039858086012	0.06208599761955445	0.09182375966407616	273.44479926778666	119.0	2.2978554560318205	-584.2485805819214
2.0	158.0	330.0	1.572713394254004	0.08183033739149069	33.35960264423482	1.2216809392941559	7.425693482885871	0.7949036800964666	0.06208599761955445	0.09182375966407616	273.44479926778666	119.0	2.2978554560318205	-584.2485805819214
3.0	168.0	330.0	1.4764760677150803	0.1400307343411522	24.617981602982216	0.5722015754749886	3.4415628265129525	0.4095775075360902	0.0632747455260173	0.10513912042517252	358.59925827035704	116.0	3.0913729161237677	-538.7655617442357
3.0	168.0	330.0	2.3967409502644563	0.07437233861536915	35.82866769410695	0.3639615046744149	4.644648376309157	0.7827938504474619	0.0632747455260173	0.10513912042517252	358.59925827035704	116.0	3.0913729161237677	-538.7655617442357
3.0	168.0	330.0	1.2502847306896174	0.19096301068417595	46.110900287250125	0.697568198385569	3.2276647535045404	0.4776446140514077	0.0632747455260173	0.10513912042517252	358.59925827035704	116.0	3.0913729161237677	-538.7655617442357
2.0	178.0	330.0	1.6386329486955327	0.1042133373892284	37.757551577578866	0.6185299253878418	3.857746206162296	0.4456244216345089	0.0703935554562554	0.10385803093702586	272.209608432722	119.0	2.287475701115311	-553.4191946168087
2.0	178.0	330.0	2.0291079097879	0.11746532004852522	47.05588888010673	0.47639939223685435	3.670534974568371	0.3350013114601908	0.0703935554562554	0.10385803093702586	272.209608432722	119.0	2.287475701115311	-553.4191946168087
2.0	378.0	330.0	2.525049260724889	0.09441045949012622	52.86833750456522	0.1250060294330788	2.7099738708751606	0.12849879108076206	0.07405540506764995	0.10907854203117957	283.17419039421486	119.0	2.379615045329537	-535.805012198508
2.0	378.0	330.0	1.3253879471426087	0.05932312120131826	68.1571329006471	0.39374256294826643	6.769610505189792	0.4401840666254201	0.07405540506764995	0.10907854203117957	283.17419039421486	119.0	2.379615045329537	-535.805012198508
2.0	388.0	330.0	3.8504783006754937	0.15827614234221182	52.697503128932425	0.11272123975945852	2.8628084300616945	0.1362628169141345	0.07183232282285015	0.14573657112118985	516.8704361328167	119.0	4.343449043132914	-468.20850466418267
2.0	388.0	330.0	1.4819769277277808	0.07135324854749908	66.413761481117	0.7321704191031457	8.024197824775868	0.7455002821121878	0.07183232282285015	0.14573657112118985	516.8704361328167	119.0	4.343449043132914	-468.20850466418267
3.0	398.0	330.0	5.536048670207849	0.6212086991633252	53.73404706071769	0.2467018047472646	4.184177038684749	0.26338401384245774	0.07203789928636145	0.18707401311951583	845.058579377292	116.0	7.2849877532525165	-399.1889859332498
3.0	398.0	330.0	1.6935741649948342	0.16516234748463476	65.27628166108471	2.687048793804233	7.651855133921382	1.9917895066632942	0.07203789928636145	0.18707401311951583	845.058579377292	116.0	7.2849877532525165	-399.1889859332498
3.0	398.0	330.0	0.43939187173081784	0.1864682241240357	84.18794253234277	0.9796422459374022	1.9752454077506698	1.02784416379929	0.07203789928636145	0.18707401311951583	845.058579377292	116.0	7.2849877532525165	-399.1889859332498
2.0	408.0	330.0	7.361970114894924	0.8728055916085725	54.31259873441014	0.19422456472122623	4.586042610462723	0.2541474515483245	0.07871442535711151	0.18164863461692893	667.1343324068131	119.0	5.606170860561455	-413.4356360222068
2.0	408.0	330.0	1.670607746653827	0.32741504406869587	64.9160106730006	3.973065676066056	8.117563129519942	2.1472156341254682	0.07871442535711151	0.18164863461692893	667.1343324068131	119.0	5.606170860561455	-413.4356360222068
2.0	418.0	330.0	8.355665790712616	0.33732737821610204	54.62596539369615	0.10819829126158206	3.5715979604722667	0.1453051667959606	0.0656022509635524	0.23580044390908464	1629.1896761040823	119.0	13.690669547093128	-347.3839154233053
2.0	418.0	330.0	2.4128996022667075	0.2701490389974614	60.96611555141961	1.0525384730252607	9.169986545278853	0.5624146928337473	0.0656022509635524	0.23580044390908464	1629.1896761040823	119.0	13.690669547093128	-347.3839154233053
3.0	428.0	330.0	11.403910222500867	0.08356207621560528	56.12148825075447	0.036581232578382014	3.6167659060730823	0.039404036575572315	0.07821368119544447	0.11417865670996304	271.0711867031305	116.0	2.336820575026987	-520.7539901243647
3.0	428.0	330.0	2.5763952943244735	0.08825214891260712	67.61177886473743	0.1526580286833189	3.159214871873689	0.15857035606089206	0.07821368119544447	0.11417865670996304	271.0711867031305	116.0	2.336820575026987	-520.7539901243647
3.0	428.0	330.0	0.4671893825192078	0.0825459688201723	190.78887240507302	0.7248512504972341	3.553637916840862	0.7257611820776986	0.07821368119544447	0.11417865670996304	271.0711867031305	116.0	2.336820575026987	-520.7539901243647
1.0	438.0	330.0	10.845183219180843	0.26520311752493436	58.00017759894892	0.11575805395681522	4.0992695083041015	0.1157578622104419	0.21357926548908734	0.4028007628469085	455.59766076481515	122.0	3.7344070554493043	-218.2747670905452
1.0	448.0	330.0	9.566313225538888	0.22392231749867	59.242292303395	0.12083631947338717	4.470857840360445	0.120836399428345	0.17475571987750457	0.34799168158098953	529.0856501283048	122.0	4.336767624002499	-249.73696778805387
1.0	458.0	330.0	7.8133776088679205	0.16227883610049898	59.90298475052666	0.11936357638031604	4.977485631115943	0.1193637104893925	0.11384963674028854	0.2703632269495418	728.892657988765	122.0	5.974529983514467	-316.81757700268497
2.0	468.0	330.0	3.5512830451842285	0.3378748542900254	57.22031929530937	0.1564276337997774	2.8982743965345943	0.23065182200920537	0.12117022677116177	0.14414932409593986	194.72706114640408	119.0	1.6363618583731436	-459.51721360564
2.0	468.0	330.0	4.550315904925043	0.2315173889791376	62.68271351284212	0.4291906638569577	6.548584451536487	0.19304111015388364	0.12117022677116177	0.14414932409593986	194.72706114640408	119.0	1.6363618583731436	-459.51721360564
3.0	478.0	330.0	5.455789159517855	0.0768738138695486	60.307879930855854	0.2380513494271769	7.2765913536291595	0.21343451359454094	0.11494371359008952	0.13117905936757046	205.42968034323653	116.0	1.7709455202003148	-459.1642057332295
3.0	478.0	330.0	1.4735436503589587	0.21881023760942495	69.79842879265044	0.22929496816091266	1.9833359694609811	0.3322300773542289	0.11494371359008952	0.13117905936757046	205.42968034323653	116.0	1.7709455202003148	-459.1642057332295
3.0	478.0	330.0	1.0909159692158352	0.10172150479745536	83.83834446947299	0.45174149009144116	3.851606160817293	0.45741038978148274	0.11494371359008952	0.13117905936757046	205.42968034323653	116.0	1.7709455202003148	-459.1642057332295
3.0	488.0	330.0	3.3107109338542586	0.14613812455351696	49.96602438563218	0.11379460157319884	2.192143635486481	0.12004807751921039	0.06142546898536229	0.15206151041177765	770.3958925855113	116.0	6.641343901599235	-450.59361503331024
3.0	488.0	330.0	6.114530440617452	0.0843483389873665	64.84009625305075	0.11568361070594212	6.865384226619259	0.1467933045844628	0.06142546898536229	0.15206151041177765	770.3958925855113	116.0	6.641343901599235	-450.59361503331024
3.0	488.0	330.0	2.6606313846225347	0.11874148320859902	83.85415639708677	0.16544756914016157	3.0249874262761924	0.16779761205564875	0.06142546898536229	0.15206151041177765	770.3958925855113	116.0	6.641343901599235	-450.59361503331024
3.0	498.0	330.0	4.265865182403896	0.16391583613134014	49.858816601330886	0.1149775725335976	2.4812784855354173	0.11662691653084054	0.07731253488552085	0.17286695498986288	758.7326473559353	116.0	6.5407986841028904	-394.9926101631853
3.0	498.0	330.0	6.791150291216381	0.10812103194848867	67.10739700385341	0.12250871469358296	6.380906628856507	0.1506745980592417	0.07731253488552085	0.17286695498986288	758.7326473559353	116.0	6.5407986841028904	-394.9926101631853
3.0	498.0	330.0	3.763353927142257	0.14836214335772374	83.7506923378445	0.15417560336002922	3.0652149237199335	0.15583167430559056	0.07731253488552085	0.17286695498986288	758.7326473559353	116.0	6.5407986841028904	-394.9926101631853
3.0	508.0	330.0	3.507211277688501	0.15484270834513642	50.033386420792624	0.17977652563006347	3.3334523956603324	0.18332256340470218	0.10871689442536504	0.181871034880915	462.69506917731576	116.0	3.9887505963561702	-371.5924884770422
3.0	508.0	330.0	6.200745889493173	0.12230333768366189	69.00576842530303	0.1605402635652467	6.129539559716676	0.2004121991099257	0.10871689442536504	0.181871034880915	462.69506917731576	116.0	3.9887505963561702	-371.5924884770422
3.0	508.0	330.0	3.2330576622055798	0.167361825260896	83.76620803859916	0.21835922092929635	3.1235913612704636	0.2165570889037357	0.10871689442536504	0.181871034880915	462.69506917731576	116.0	3.9887505963561702	-371.5924884770422
2.0	518.0	330.0	2.1255668355047863	0.17776230258225395	50.52027541479363	0.41281733829011635	3.997819017557621	0.4208454675678544	0.36105376468786626	0.23443963389885497	68.02327218270595	119.0	0.5716241359891256	-318.0282169514442
2.0	518.0	330.0	5.268408282131753	0.1365073659174019	71.58751377785114	0.21790656417384938	7.072652474217907	0.23549306605659565	0.36105376468786626	0.23443963389885497	68.02327218270595	119.0	0.5716241359891256	-318.0282169514442
2.0	528.0	330.0	1.9016861757480474	0.14182023042096875	51.17014248366543	0.3922118129253549	4.466051982463655	0.40549928430710813	0.12745031312061983	0.16584727033360797	383.353624455171	119.0	3.22145902903505	-362.2147925127045
2.0	528.0	330.0	3.9777831832257062	0.13154998743325813	71.42634443006128	0.20219233764837896	5.229645442609981	0.2109790663969555	0.12745031312061983	0.16584727033360797	383.353624455171	119.0	3.22145902903505	-362.2147925127045
2.0	538.0	330.0	2.39230323382517	0.13794216052954822	52.67601213009317	0.3123701503378404	4.597840090687065	0.32928506834988336	0.36105376468786626	0.1431119999267751	45.93643596659346	119.0	0.386020470307508	-367.102125768219
2.0	538.0	330.0	1.903875469910894	0.149245593626283	69.85433529522864	0.36268760814376155	3.8838901405383677	0.3772343375116989	0.36105376468786626	0.1431119999267751	45.93643596659346	119.0	0.386020470307508	-367.102125768219
2.0	548.0	330.0	3.556887975312934	0.10786602867593201	54.84113714261853	0.15611956289900306	4.458342603572271	0.15611956672150526	0.16147840724071966	0.14831559335210692	139.86677230027547	119.0	1.1753510277334074	-429.08702150718085
2.0	548.0	330.0	0.44957951212756353	0.06684772784832534	117.95022780568776	1.9928171018455296	11.611087183199002	1.992819972890362	0.16147840724071966	0.14831559335210692	139.86677230027547	119.0	1.1753510277334074	-429.08702150718085
1.0	558.0	330.0	5.1208710104656046	0.13840160678464547	55.263886106349645	0.1431139438727539	4.585494094976997	0.1431137700423593	0.08410174967103369	0.21735108560495314	895.1406548478299	122.0	7.337218482359261	-366.84858628258496
1.0	568.0	330.0	5.3893811679577945	0.13964906254669152	56.06406687816246	0.14418655569985203	4.8187133125611235	0.14418641508266083	0.06502725213450142	0.2327654672084677	1601.9414367583195	122.0	13.130667514412455	-358.4049791704075
1.0	578.0	330.0	4.511769168690014	0.11492136209824393	57.0442908855718	0.13217794588369042	4.494085671986257	0.13217797999929656	0.07402147317955587	0.17653867008832894	780.795324140766	122.0	6.399961673284967	-415.8500987886676
2.0	588.0	330.0	0.9603329504094027	0.16274046393349242	48.804747289285906	0.5045025563892622	2.402969490528705	0.4857879686635957	0.06912446914839787	0.13641738288987354	519.3584676179224	119.0	4.364356870738844	-477.2146857203531
2.0	588.0	330.0	3.2299310479224674	0.09018676240036771	58.255533473060446	0.2577281155366304	4.6757568396496785	0.25832686471803495	0.06912446914839787	0.13641738288987354	519.3584676179224	119.0	4.364356870738844	-477.2146857203531
3.0	598.0	330.0	1.4033632656663777	0.12504200586333045	49.37623183928796	0.3396737400393057	2.905457218186607	0.32608071809640155	0.0725326854461471	0.12731147776335194	387.4898180761409	116.0	3.3404294661736285	-494.942299451164
3.0	598.0	330.0	2.417272163630322	0.07650006579708767	61.3661921479884	0.30595170482310274	5.613692584323959	0.3663671760699145	0.0725326854461471	0.12731147776335194	387.4898180761409	116.0	3.3404294661736285	-494.942299451164
3.0	598.0	330.0	0.8252064190182755	0.06087313942313027	88.08210629067086	0.7601107686111899	8.444678289981663	0.8308323475348801	0.0725326854461471	0.12731147776335194	387.4898180761409	116.0	3.3404294661736285	-494.942299451164
4.0	608.0	330.0	1.242676219342601	0.11483623671586363	49.75032702332863	0.3318471534673719	2.6148108098123726	0.32401221212282244	0.08081935321130619	0.1274581856491143	314.741918761167	113.0	2.7853267147005933	-486.6690837390328
4.0	608.0	330.0	2.1390450403504997	0.15144005821210418	62.072815633814876	0.33344002981596343	5.187976402581942	0.4640847738903553	0.08081935321130619	0.1274581856491143	314.741918761167	113.0	2.7853267147005933	-486.6690837390328
4.0	608.0	330.0	1.060914557167922	0.06218592666198749	83.35592468821237	1.2902210516693735	11.49826966894871	2.338436688062947	0.08081935321130619	0.1274581856491143	314.741918761167	113.0	2.7853267147005933	-486.6690837390328
4.0	608.0	330.0	0.5423929064212506	0.14160826418807593	103.12624410287194	0.7210091701324136	3.2795708951273133	1.0026348452558582	0.08081935321130619	0.1274581856491143	314.741918761167	113.0	2.7853267147005933	-486.6690837390328
5.0	618.0	330.0	0.760780119494409	0.08457220931968208	50.863221968292855	0.613411115419181	2.941257162161025	0.5853362624315798	0.0665432615591167	0.1027274709003355	298.7647789107983	110.0	2.716043444643621	-534.1542243092966
5.0	618.0	330.0	1.5480694351790463	0.41956066130951003	60.3904932027803	0.5109790890657053	3.1817895746459213	0.6301088137545192	0.0665432615591167	0.1027274709003355	298.7647789107983	110.0	2.716043444643621	-534.1542243092966
5.0	618.0	330.0	1.0009653976727	0.10121592623581818	69.4862015523459	2.170191548702336	5.544318687125041	2.04889455769103	0.0665432615591167	0.1027274709003355	298.7647789107983	110.0	2.716043444643621	-534.1542243092966
5.0	618.0	330.0	0.4575368298423598	0.06954730391132986	86.86003881841938	1.173215642977831	4.442071520369179	1.3419654358499553	0.0665432615591167	0.1027274709003355	298.7647789107983	110.0	2.716043444643621	-534.1542243092966
5.0	618.0	330.0	1.4500405965338168	0.06546842285076412	104.48364108385103	0.28040620255216325	4.942027019299753	0.30307270626590005	0.0665432615591167	0.1027274709003355	298.7647789107983	110.0	2.716043444643621	-534.1542243092966
5.0	628.0	330.0	0.6069391193081385	0.05157014941235772	49.893699278957186	0.3935599841776652	3.642392656830948	0.43374647702745217	0.06785008856391087	0.06351255229350028	128.98305994625628	110.0	1.1725732722386935	-634.2890596045272
5.0	628.0	330.0	1.0670011251628788	0.06572347971294612	60.64670018033324	0.22862536353388227	2.4083277914689165	0.2477247284668523	0.06785008856391087	0.06351255229350028	128.98305994625628	110.0	1.1725732722386935	-634.2890596045272
5.0	628.0	330.0	0.785142237019602	0.050046022973077836	70.19275785979053	0.4044895138544559	3.9103736411623675	0.42958946502365647	0.06785008856391087	0.06351255229350028	128.98305994625628	110.0	1.1725732722386935	-634.2890596045272
5.0	628.0	330.0	1.5045824656923308	0.05059539049105866	105.22613050920103	0.5738245600957578	5.453379617284804	0.4401818990354711	0.06785008856391087	0.06351255229350028	128.98305994625628	110.0	1.1725732722386935	-634.2890596045272
5.0	628.0	330.0	1.0584090859277209	0.13046742342177467	115.31743083832274	0.44958187815321005	3.4256512552660148	0.3470315268489416	0.06785008856391087	0.06351255229350028	128.98305994625628	110.0	1.1725732722386935	-634.2890596045272
5.0	638.0	330.0	0.9056791943420864	0.10506346744499631	49.57284252660932	0.4096078603935675	3.0283578827309885	0.4289993772549852	0.15666585059432675	0.09790577986290347	86.3509531323905	110.0	0.7850086648399136	-475.24308760299016
5.0	638.0	330.0	0.769616803277627	0.12422304480672296	60.444315539393436	0.46323217008614653	2.1617781539923144	0.48685067063318566	0.15666585059432675	0.09790577986290347	86.3509531323905	110.0	0.7850086648399136	-475.24308760299016
5.0	638.0	330.0	0.7937488112238049	0.09402873819584838	70.90479499743931	0.5948836421150258	3.9389638097576105	0.6604307209328373	0.15666585059432675	0.09790577986290347	86.3509531323905	110.0	0.7850086648399136	-475.24308760299016
5.0	638.0	330.0	1.1455385617563778	0.10108641295640829	107.40907239929881	1.2702209024241224	8.977088639628105	0.7307463246405482	0.15666585059432675	0.09790577986290347	86.3509531323905	110.0	0.7850086648399136	-475.24308760299016
5.0	638.0	330.0	2.226941374939149	0.18014883977574525	115.72178689842164	0.1936229001779908	3.1186283326802613	0.2722736044542166	0.15666585059432675	0.09790577986290347	86.3509531323905	110.0	0.7850086648399136	-475.24308760299016
1.0	648.0	330.0	3.2281884419876485	0.1851392255227162	114.44422922724837	0.35277013840935667	5.325924746519382	0.3527691143212441	0.36105376468786626	0.2584723203996032	100.95323407108584	122.0	0.8274855251728348	-275.389144357716
7.0	658.0	330.0	1.2441471071003238	0.06323254109041404	52.242322220426615	0.12725904507041552	2.128463792752975	0.12799768607608591	0.06533945220397529	0.06465396961904316	122.55459194341316	104.0	1.1784095379174342	-633.538585128026
7.0	658.0	330.0	1.0765063084165618	0.039418472263753244	70.07367141767034	0.27647027911015826	6.058415376671244	0.32436895594328957	0.06533945220397529	0.06465396961904316	122.55459194341316	104.0	1.1784095379174342	-633.538585128026
7.0	658.0	330.0	0.3108542384613183	0.0702983226120596	83.72438128897687	0.6021907108596675	2.2237183901851916	0.6641901188235995	0.06533945220397529	0.06465396961904316	122.55459194341316	104.0	1.1784095379174342	-633.538585128026
7.0	658.0	330.0	0.7308342949314114	0.039414572529630376	99.0178831587052	0.6922601434865302	7.051847423196071	0.9774875857260851	0.06533945220397529	0.06465396961904316	122.55459194341316	104.0	1.1784095379174342	-633.538585128026
7.0	658.0	330.0	3.7528950888003534	0.12127781898373557	114.85517325393052	0.1823710203711601	4.026836136192128	0.17777000622878358	0.06533945220397529	0.06465396961904316	122.55459194341316	104.0	1.1784095379174342	-633.538585128026
7.0	658.0	330.0	1.211403284636987	0.05539046301313074	126.04588004600603	0.7316153801141202	4.9702052179844625	0.6817545610889324	0.06533945220397529	0.06465396961904316	122.55459194341316	104.0	1.1784095379174342	-633.538585128026
7.0	658.0	330.0	0.3047942045349425	0.07037865455337032	138.2611713375376	0.5607220838662467	1.9367405813145333	0.5702485560778545	0.06533945220397529	0.06465396961904316	122.55459194341316	104.0	1.1784095379174342	-633.538585128026
4.0	668.0	330.0	0.9067894802012414	0.13859971718957748	52.12757694520239	0.3935304516796795	2.161938343542681	0.4015530130564483	0.10906056742820018	0.14239022146580158	228.17866393782063	113.0	2.0192802118391207	-451.9503575452009
4.0	668.0	330.0	1.1159540737356588	0.08037227533444471	68.24970835332074	0.5633906528261169	6.6117641743590205	0.6127993985191911	0.10906056742820018	0.14239022146580158	228.17866393782063	113.0	2.0192802118391207	-451.9503575452009
4.0	668.0	330.0	0.5788709332243073	0.10928239237464152	95.52300590732524	0.7495264317849645	3.4119939683021157	0.7564933326088593	0.10906056742820018	0.14239022146580158	228.17866393782063	113.0	2.0192802118391207	-451.9503575452009
4.0	668.0	330.0	3.2323254880302	0.0818922956074569	117.61811417680262	0.17901086401783012	6.120679314067853	0.1821325768559959	0.10906056742820018	0.14239022146580158	228.17866393782063	113.0	2.0192802118391207	-451.9503575452009
4.0	678.0	330.0	0.6176675117114585	0.09610608368834461	53.5512364614039	0.5894415475095766	2.8422034946405423	0.6024196836530704	0.11816924615883631	0.10987005186018722	124.82349696207699	113.0	1.1046327164785574	-507.30026164429995
4.0	678.0	330.0	1.898670369285624	0.08262315104970708	66.15952903467257	0.24005388004482428	4.216444780985466	0.3033798072493565	0.11816924615883631	0.10987005186018722	124.82349696207699	113.0	1.1046327164785574	-507.30026164429995
4.0	678.0	330.0	0.46625125974202775	0.07573299941349912	82.34431794645823	0.999810445248855	4.750207540286277	1.0833741913347736	0.11816924615883631	0.10987005186018722	124.82349696207699	113.0	1.1046327164785574	-507.30026164429995
4.0	678.0	330.0	3.3483351149687754	0.07741767045277068	118.71670443337996	0.11629798006844977	4.356077642856398	0.11629800010007582	0.11816924615883631	0.10987005186018722	124.82349696207699	113.0	1.1046327164785574	-507.30026164429995
3.0	688.0	330.0	2.3967646035145376	0.1017064558734621	64.51651126106691	0.253326072212378	5.1355446669161635	0.2633460546045063	0.15447321537384404	0.15625508463466947	149.45980314328827	116.0	1.2884465788214505	-425.0292048361816
3.0	688.0	330.0	0.6944719509029214	0.11807204364731681	83.44372460018427	0.7529933615717209	3.7636983747112582	0.7714774419028745	0.15447321537384404	0.15625508463466947	149.45980314328827	116.0	1.2884465788214505	-425.0292048361816
3.0	688.0	330.0	3.403713379032761	0.11201304234319716	119.59930782090544	0.15760387867123132	4.147457297519192	0.15760387857267608	0.15447321537384404	0.15625508463466947	149.45980314328827	116.0	1.2884465788214505	-425.0292048361816
3.0	698.0	330.0	1.6068740867762956	0.1701859451593146	55.47368024541842	0.7374564541432732	3.2407277669488783	0.6117464265874287	0.1841070712426058	0.189965673685872	142.394865795937	116.0	1.2275419465166981	-387.20795225329744
3.0	698.0	330.0	3.263036246851143	0.14933153953594444	64.82206203465066	0.39099517693069386	3.6055605212678516	0.33969292561904074	0.1841070712426058	0.189965673685872	142.394865795937	116.0	1.2275419465166981	-387.20795225329744
3.0	698.0	330.0	2.5414227720765115	0.12224638535146605	120.5838844186798	0.26174585671030565	4.712506494386665	0.26174586241195463	0.1841070712426058	0.189965673685872	142.394865795937	116.0	1.2275419465166981	-387.20795225329744
3.0	708.0	330.0	2.518874442143657	0.14254497432321814	55.84340704391078	0.3967682257634864	3.1678511103526708	0.3440169229663177	0.18162788291593254	0.15684324658836188	115.04910078509401	116.0	0.9918025929749483	-417.25294577662964
3.0	708.0	330.0	3.354011457582141	0.14065561529706538	64.71106495610773	0.30043159686725185	3.208125711522907	0.2619457735872037	0.18162788291593254	0.15684324658836188	115.04910078509401	116.0	0.9918025929749483	-417.25294577662964
3.0	708.0	330.0	1.1144375305275795	0.10519205130768298	120.33780849768941	0.5454167018823994	5.005513324257404	0.5454190294667296	0.18162788291593254	0.15684324658836188	115.04910078509401	116.0	0.9918025929749483	-417.25294577662964
2.0	718.0	330.0	2.938135600677767	0.13685040698260723	56.98823648886543	0.4199427895760312	3.329673211348914	0.3267028916201534	0.13942747448216247	0.1240880691177783	149.85935405008212	119.0	1.2593223029418665	-457.16787820932495
2.0	718.0	330.0	1.8860880715927861	0.18475626533841324	64.84790902898536	0.5749191755042057	2.8807166012929315	0.4196307326599779	0.13942747448216247	0.1240880691177783	149.85935405008212	119.0	1.2593223029418665	-457.16787820932495
2.0	728.0	330.0	2.634937813407767	0.10826162751814579	57.553814978929665	0.17999236065888316	3.7938534085501976	0.17999236330111845	0.08150414806661341	0.14105182126954063	470.62051664674055	119.0	3.9547942575356347	-448.34618461699876
2.0	728.0	330.0	0.40035267429578975	0.11247180559970399	88.04057364228406	1.1399587553811132	3.5171397725301956	1.1399848139299793	0.08150414806661341	0.14105182126954063	470.62051664674055	119.0	3.9547942575356347	-448.34618461699876
3.0	8.0	340.0	3.7256095099663527	0.12997405768065198	20.803025886001585	0.1838943855008417	4.561621073681086	0.1842904090388554	0.19271961260072268	0.20227589396011336	142.07969477090398	116.0	1.2248249549215862	-376.0552161135824
3.0	8.0	340.0	1.076471203924438	0.25979792999291895	47.49821050337797	0.5066680396035659	2.6331046803606664	0.7360565400378023	0.19271961260072268	0.20227589396011336	142.07969477090398	116.0	1.2248249549215862	-376.0552161135824
3.0	8.0	340.0	0.7160693068606714	0.0988953215960415	58.8856597008965	2.715028883336238	8.905822121698758	2.214532875359722	0.19271961260072268	0.20227589396011336	142.07969477090398	116.0	1.2248249549215862	-376.0552161135824
3.0	18.0	340.0	5.362012102877399	0.16520212313871058	21.20406559572855	0.14052655688585441	3.94996348909042	0.14053970323304565	0.2395619695068442	0.2416103433516602	128.73087629698998	116.0	1.1097489335947412	-333.9942879766494
3.0	18.0	340.0	1.3601663749456085	0.2905897170012231	47.653510575141866	0.5258137776490457	2.853832368838606	0.687290831990436	0.2395619695068442	0.2416103433516602	128.73087629698998	116.0	1.1097489335947412	-333.9942879766494
3.0	18.0	340.0	1.04933210801548	0.11780549690348661	60.82730802185227	1.9673201161293827	8.285975404206308	1.8997034734228566	0.2395619695068442	0.2416103433516602	128.73087629698998	116.0	1.1097489335947412	-333.9942879766494
3.0	28.0	340.0	5.533134833864229	0.19832296421072373	22.268404855041087	0.15405805643657275	4.670468391073709	0.18330602373526622	0.20220793426272426	0.20681932747808934	135.32271966097514	116.0	1.166575169491165	-370.130877930133
3.0	28.0	340.0	0.9703162427072795	0.09170912182306346	46.385229747804416	3.019317083587492	12.636761671537194	4.629285746599422	0.20220793426272426	0.20681932747808934	135.32271966097514	116.0	1.166575169491165	-370.130877930133
3.0	28.0	340.0	0.8509447302057216	0.32536514788522813	64.76019032055906	0.9344580123550814	4.58693473371031	1.6121356473228758	0.20220793426272426	0.20681932747808934	135.32271966097514	116.0	1.166575169491165	-370.130877930133
3.0	38.0	340.0	5.388274966317272	0.7472740945968933	23.694072115454425	0.31531938057507425	5.1225694091946865	0.38663387955945333	0.16911198100955613	0.20635706589479794	186.72457076560593	116.0	1.6096945755655683	-374.5682123263304
3.0	38.0	340.0	0.9207372374276549	0.1036187837537971	40.2284215647043	4.552947616553302	10.133464091409712	9.958110178005345	0.16911198100955613	0.20635706589479794	186.72457076560593	116.0	1.6096945755655683	-374.5682123263304
3.0	38.0	340.0	1.1608403001405934	0.34699092385906266	62.50926946701154	2.3043546049630836	6.537368684785819	1.5201345237535526	0.16911198100955613	0.20635706589479794	186.72457076560593	116.0	1.6096945755655683	-374.5682123263304
3.0	48.0	340.0	5.158366772726365	1.0892614929866111	24.055902151751518	0.4228545045002362	4.596357618997124	0.36481430394153574	0.13154892594876458	0.16500156475516306	200.4529053330026	116.0	1.7280422873534707	-428.4956921705653
3.0	48.0	340.0	1.100997127612179	0.0845695929664592	62.312802554698536	0.8273027669533614	7.3560502742296965	0.8794525492193999	0.13154892594876458	0.16500156475516306	200.4529053330026	116.0	1.7280422873534707	-428.4956921705653
3.0	48.0	340.0	1.617937977706605	0.3820536858468464	34.485770999399946	4.569402535147391	7.364219573378161	2.845684531795774	0.13154892594876458	0.16500156475516306	200.4529053330026	116.0	1.7280422873534707	-428.4956921705653
3.0	58.0	340.0	6.3472446778584635	0.24447211471164623	24.12944059753988	0.20073274288455975	4.316093063580196	0.1356021368697856	0.1120871871566039	0.13258725970722537	180.86207641140643	116.0	1.5591558311328142	-481.3767217128716
3.0	58.0	340.0	2.720408840657952	0.10443254717670812	35.98103006770605	0.7323587654764965	6.140951429392941	0.5417673653206968	0.1120871871566039	0.13258725970722537	180.86207641140643	116.0	1.5591558311328142	-481.3767217128716
3.0	58.0	340.0	0.6754403067933379	0.07478467834803795	64.35431628729107	0.7726064674012372	6.009244937386068	0.7935655174662664	0.1120871871566039	0.13258725970722537	180.86207641140643	116.0	1.5591558311328142	-481.3767217128716
2.0	68.0	340.0	6.7156901242585025	0.12624366916622942	25.39095543866326	0.20331174034049646	4.69312194779323	0.17218504868655402	0.1661999776515666	0.1746700533669071	156.68031627635483	119.0	1.3166413132466792	-407.69229458685464
2.0	68.0	340.0	3.7845816053608505	0.12724258359227744	38.17719037296447	0.3591916171819913	4.6625685452426175	0.3033345405951951	0.1661999776515666	0.1746700533669071	156.68031627635483	119.0	1.3166413132466792	-407.69229458685464
2.0	78.0	340.0	4.5984834959901235	0.09231743670646543	28.556998473650456	0.37255308889422767	5.893826175131271	0.27000913214984845	0.10526887004143769	0.11885603303396956	162.4142209745917	119.0	1.3648253863411066	-517.3679874933835
2.0	78.0	340.0	2.8995627593371798	0.23977517111553157	39.29821335103255	0.3261029232943967	3.831326273500993	0.23746216762731848	0.10526887004143769	0.11885603303396956	162.4142209745917	119.0	1.3648253863411066	-517.3679874933835
2.0	88.0	340.0	1.1568290138064592	0.09042880188175621	14.019286022700346	0.29990482198396984	3.2468756738899316	0.30483166189238536	0.07273017239401196	0.10982325483780384	351.79835976466796	119.0	2.9562887375182183	-513.1948201429345
2.0	88.0	340.0	3.355308720444088	0.06936293937729673	32.798299234819055	0.134934366097979	5.626238148423624	0.14054245888902345	0.07273017239401196	0.10982325483780384	351.79835976466796	119.0	2.9562887375182183	-513.1948201429345
2.0	98.0	340.0	1.6765472662940302	0.08308263223282349	13.78550466712084	0.3019922826789824	4.905261252500448	0.32534410456029783	0.07445909645805752	0.1313198922403946	413.6453768526205	119.0	3.476011570190088	-487.0775604197552
2.0	98.0	340.0	1.7680703252759702	0.08720046804485028	30.97749066912706	0.2725468391299621	4.384713743004967	0.2881771552692917	0.07445909645805752	0.1313198922403946	413.6453768526205	119.0	3.476011570190088	-487.0775604197552
2.0	108.0	340.0	1.2351934386414123	0.07524700186259906	13.220608411540205	0.71885578401517	6.297244443558083	0.7170646836783552	0.07349802065399637	0.12763922021106378	442.0202080429629	119.0	3.7144555297727977	-482.0321034335478
2.0	108.0	340.0	0.7976152849051615	0.08928772523382762	29.53735465404159	0.9571247417979916	4.83904083204062	0.8702666113371245	0.07349802065399637	0.12763922021106378	442.0202080429629	119.0	3.7144555297727977	-482.0321034335478
3.0	118.0	340.0	0.562002655796254	0.11899907971706424	9.83188999357379	4.336994904349558	6.5558937631288385	2.7991189814156634	0.06608792449567258	0.11241544072409859	365.6918180034163	116.0	3.152515672443244	-525.4424393995214
3.0	118.0	340.0	0.7285567425050287	0.3986775633185305	19.055802917495917	0.9662505470515462	3.3580187689380567	1.301526810198265	0.06608792449567258	0.11241544072409859	365.6918180034163	116.0	3.152515672443244	-525.4424393995214
3.0	118.0	340.0	0.7816219224278724	0.07626888021583639	30.03102405048849	0.9773082409558833	4.554716468980483	0.914964116659652	0.06608792449567258	0.11241544072409859	365.6918180034163	116.0	3.152515672443244	-525.4424393995214
2.0	128.0	340.0	1.495537632852893	0.14990975694459638	17.327338943037518	1.1200919440038872	5.894669138726628	0.6861884587578336	0.06550276940300291	0.1075390266170838	341.5585416784036	119.0	2.870239846037005	-543.0531806443485
2.0	128.0	340.0	0.385970863746254	0.12250651180100379	31.350994071150634	4.728497671146738	6.32844798797115	3.0089686978227053	0.06550276940300291	0.1075390266170838	341.5585416784036	119.0	2.870239846037005	-543.0531806443485
1.0	138.0	340.0	2.0812153948866943	0.060280929454882295	16.721277730738564	0.18626971202638	5.5688120508574235	0.18626944038693125	0.0773869227026997	0.1079547770566127	243.57482214504185	122.0	1.996514935615097	-550.3455630197993
2.0	148.0	340.0	1.4039414010642033	0.43483865887895273	18.225819006342295	0.6042615914560903	5.525374795383424	0.6919719729881247	0.06943953740382057	0.07676350825234814	154.65132800867565	119.0	1.2995909916695432	-627.5054345865833
2.0	148.0	340.0	0.5338972283799609	0.17839884288367758	30.159067912452947	6.957564286176729	9.219027212187678	3.518388809719343	0.06943953740382057	0.07676350825234814	154.65132800867565	119.0	1.2995909916695432	-627.5054345865833
2.0	158.0	340.0	1.7878309066323046	0.14441850779277912	23.895225886318677	0.4230393644661647	4.095619213970962	0.29167574608029356	0.06199979580044491	0.08700622532414586	248.1091243217949	119.0	2.0849506245528984	-596.7498162753911
2.0	158.0	340.0	1.3306161848618905	0.06533256541466344	35.28580252632506	0.8666528643477255	5.794451509294832	0.6387703171737192	0.06199979580044491	0.08700622532414586	248.1091243217949	119.0	2.0849506245528984	-596.7498162753911
2.0	168.0	340.0	0.9098288092572338	0.12264638821813506	24.487226947937657	0.3528035989944297	3.0059594937097804	0.4151923370345441	0.0767240664410722	0.08984060205796895	182.45770649037098	119.0	1.53325803773421	-581.8975141796021
2.0	168.0	340.0	2.2968606352061016	0.04832080462802879	36.428998936796226	0.3612453839673149	7.087293822049315	0.3356874454874714	0.0767240664410722	0.08984060205796895	182.45770649037098	119.0	1.53325803773421	-581.8975141796021
2.0	178.0	340.0	0.3394058944857109	0.08672349386993661	21.99996451114363	0.8803992966685283	2.8346380692242614	0.894481113618078	0.07651677370571192	0.08812260007869524	252.34661615759597	119.0	2.120559799643664	-542.0382268486007
2.0	178.0	340.0	2.2926868084038787	0.055624339775442955	40.30956339146988	0.20631592071030616	7.139839117864263	0.2246753750933289	0.07651677370571192	0.08812260007869524	252.34661615759597	119.0	2.120559799643664	-542.0382268486007
2.0	188.0	340.0	0.8133905586323594	0.533813004830351	37.971021109754744	0.9137948785933595	2.794966898571743	1.1455913025481794	0.23329292206760233	0.10801962939328635	57.31156294972952	119.0	0.4816097726868027	-448.6296624370244
2.0	188.0	340.0	1.8362124616222029	0.16051376976678453	45.76670816757168	1.5349040926334392	5.420420568048465	1.0161185565257438	0.23329292206760233	0.10801962939328635	57.31156294972952	119.0	0.4816097726868027	-448.6296624370244
5.0	328.0	340.0	0.3830428553024524	0.16519887544613665	27.936444129290802	3.6725744503366013	5.484216640923165	2.020189070600868	0.07371644136737467	0.07292796288085565	126.47295472606814	110.0	1.1497541338733468	-616.014341260176
5.0	328.0	340.0	1.158248288097011	0.17197220472825755	42.1097668994678	1.0842563168808548	6.376017094595602	1.8380504740105414	0.07371644136737467	0.07292796288085565	126.47295472606814	110.0	1.1497541338733468	-616.014341260176
5.0	328.0	340.0	2.0247672759550275	0.10194273114731153	58.69445430376087	1.0398462355396374	7.769022553071508	0.6276669878653284	0.07371644136737467	0.07292796288085565	126.47295472606814	110.0	1.1497541338733468	-616.014341260176
5.0	328.0	340.0	0.613850435763236	0.09742228484581991	68.0913812605294	0.2654348235920422	1.301224298554613	0.21855113332905948	0.07371644136737467	0.07292796288085565	126.47295472606814	110.0	1.1497541338733468	-616.014341260176
5.0	328.0	340.0	0.4431200191968717	0.04631132971297912	89.11134449386401	0.6116261563483266	4.977539916448479	0.6280218986013325	0.07371644136737467	0.07292796288085565	126.47295472606814	110.0	1.1497541338733468	-616.014341260176
2.0	388.0	340.0	4.09849536423323	0.12356679638319477	53.921640609786564	0.11640526875633685	3.056348555047327	0.11800366454670345	0.06170290224112864	0.15407408364224	825.1158317731632	119.0	6.933746485488767	-447.7429582357707
2.0	388.0	340.0	0.8488063072298686	0.08325883180698086	70.69531230590563	0.8546377367069785	6.904893843867339	0.9513021905421384	0.06170290224112864	0.15407408364224	825.1158317731632	119.0	6.933746485488767	-447.7429582357707
3.0	398.0	340.0	5.652816135478925	0.41600063537852555	54.1158643509094	0.14682511519728994	3.508882387183329	0.21129800858199102	0.06138712790194825	0.2040635281692452	1394.2891767469118	116.0	12.019734282300965	-376.59527533707103
3.0	398.0	340.0	1.0389462373847067	0.10999392186577871	67.04004295453011	2.618046943911065	8.21906509997808	3.3431729022425536	0.06138712790194825	0.2040635281692452	1394.2891767469118	116.0	12.019734282300965	-376.59527533707103
3.0	398.0	340.0	0.2575671393257463	0.2183782017783295	83.65729387076459	2.135620851037618	2.452924227866499	2.5363283060824955	0.06138712790194825	0.2040635281692452	1394.2891767469118	116.0	12.019734282300965	-376.59527533707103
2.0	408.0	340.0	7.258042539315833	0.2833370257503405	54.60717139214477	0.06894972594054352	3.7305255939070756	0.11886103693122523	0.06574952477439501	0.1364487109521401	559.7493110375328	119.0	4.703775723004478	-480.3669336052546
2.0	408.0	340.0	1.4283003972999402	0.08987640316710817	66.10467877058211	1.657915918074387	8.862791209770382	1.128618315606617	0.06574952477439501	0.1364487109521401	559.7493110375328	119.0	4.703775723004478	-480.3669336052546
2.0	418.0	340.0	8.866625095336227	0.2283041214042327	54.80184098900873	0.06975859201780422	3.1362465432870534	0.09225364990562321	0.06309406095598136	0.1924758850956933	1176.9360222053583	119.0	9.890218673994609	-397.77579286775966
2.0	418.0	340.0	1.9049292758549632	0.1469943034343482	62.531196917345106	0.9765266438694612	9.517891484936674	0.5703063366227948	0.06309406095598136	0.1924758850956933	1176.9360222053583	119.0	9.890218673994609	-397.77579286775966
4.0	428.0	340.0	10.881738523496338	0.07319882974735621	55.44933869525388	0.026574026009693975	3.4009394512973508	0.027587269278767996	0.07103810397346334	0.0972109199038603	236.31285100097068	113.0	2.091264168150183	-554.7436495594183
4.0	428.0	340.0	2.78851084778487	0.08542961516669646	67.98611690964647	0.08882983121352675	2.4672973018714237	0.09090007193758279	0.07103810397346334	0.0972109199038603	236.31285100097068	113.0	2.091264168150183	-554.7436495594183
4.0	428.0	340.0	0.5454415744993272	0.07750723178754608	88.19067074760662	0.487848511616258	2.973836584247495	0.48785204374234004	0.07103810397346334	0.0972109199038603	236.31285100097068	113.0	2.091264168150183	-554.7436495594183
4.0	428.0	340.0	0.4059264459303526	0.07270621086979086	189.58621035810577	0.698836791780853	3.379596003630324	0.6988910252167237	0.07103810397346334	0.0972109199038603	236.31285100097068	113.0	2.091264168150183	-554.7436495594183
2.0	438.0	340.0	9.9727745761354	0.5754246050556888	56.10359229461238	0.19115618304008727	3.274745067482103	0.13797692436793885	0.12452190239033929	0.25336781249162454	528.7796875723753	119.0	4.443526786322482	-327.82428225334695
2.0	438.0	340.0	2.698368806157868	0.2206612492844984	65.19319411891723	1.2902782853496582	5.022553816799362	0.9232490126845528	0.12452190239033929	0.25336781249162454	528.7796875723753	119.0	4.443526786322482	-327.82428225334695
1.0	448.0	340.0	9.413320380821736	0.24354516682139787	58.82924961986615	0.14746102589605334	4.935531065960182	0.14746081957028723	0.15227157140909464	0.4086069258080238	910.109514323629	122.0	7.4599140518330245	-216.3660245268177
3.0	458.0	340.0	7.220023698363538	0.6337540044274604	57.02898542245391	0.3045265780801383	3.6431074991421326	0.15941615310079804	0.08121980476665074	0.14416666185166682	409.7830086926375	116.0	3.5326121439020475	-459.6695683297664
3.0	458.0	340.0	4.524505748734486	0.32770808721575106	65.22471119713376	0.7887898294987791	4.7385316309809005	0.4361014821911544	0.08121980476665074	0.14416666185166682	409.7830086926375	116.0	3.5326121439020475	-459.6695683297664
3.0	458.0	340.0	0.44035856439272203	0.1321225377926874	91.91712778484782	0.7826965540056511	2.2572883393201413	0.7819240508889863	0.08121980476665074	0.14416666185166682	409.7830086926375	116.0	3.5326121439020475	-459.6695683297664
4.0	468.0	340.0	5.994866715291909	0.09024446069193566	57.83895915679366	0.1918774394932403	5.429744614250854	0.16730439914382111	0.08216952202040302	0.12355442176289068	289.29268192017304	113.0	2.5601122293820624	-493.06634440038766
4.0	468.0	340.0	3.880953251058471	0.2821714487678623	67.72519910765328	0.15140250231290325	2.8448728962742984	0.18177883734388808	0.08216952202040302	0.12355442176289068	289.29268192017304	113.0	2.5601122293820624	-493.06634440038766
4.0	468.0	340.0	0.9149769377915302	0.06995454748430864	79.47710765821687	1.4948200887168852	7.925377643274254	2.242575251409919	0.08216952202040302	0.12355442176289068	289.29268192017304	113.0	2.5601122293820624	-493.06634440038766
4.0	468.0	340.0	0.2624285437117643	0.17053455405507514	92.14831352393851	1.0893160379919489	1.9502388577666392	1.5060374577672062	0.08216952202040302	0.12355442176289068	289.29268192017304	113.0	2.5601122293820624	-493.06634440038766
3.0	478.0	340.0	4.246554769056175	0.07104723587449101	55.80779007645904	0.3390876626818889	6.7609717702514445	0.27812521744891594	0.10300549700854009	0.11379408404636446	175.6033325031461	116.0	1.5138218319236734	-506.1887732082282
3.0	478.0	340.0	4.571924679966592	0.18813861606815255	67.94066847144093	0.1488800625439887	3.741241341649088	0.1506645362340542	0.10300549700854009	0.11379408404636446	175.6033325031461	116.0	1.5138218319236734	-506.1887732082282
3.0	478.0	340.0	2.061835019871563	0.07802302860703951	83.88918509109227	0.21597294560766536	4.6660374997251495	0.2342803292173257	0.10300549700854009	0.11379408404636446	175.6033325031461	116.0	1.5138218319236734	-506.1887732082282
3.0	488.0	340.0	4.746579168749002	0.12536040014195726	51.52237989967055	0.16182504278042298	3.9644351520865726	0.1573378247507	0.05351758900818181	0.17748488596734263	1435.3895009744808	116.0	12.3740474221938	-407.26128784572904
3.0	488.0	340.0	5.606936420793362	0.11144035956964196	67.0854128403114	0.15670030961859535	5.694951413414978	0.21213915141406745	0.05351758900818181	0.17748488596734263	1435.3895009744808	116.0	12.3740474221938	-407.26128784572904
3.0	488.0	340.0	3.002263857324367	0.12752860902548935	84.34155325649778	0.20780826031894928	3.7063357021762426	0.21259454791819807	0.05351758900818181	0.17748488596734263	1435.3895009744808	116.0	12.3740474221938	-407.26128784572904
3.0	498.0	340.0	5.989987942672841	0.1593031288863622	50.75984643897901	0.10179053174507792	3.0680321147215226	0.10334237334394798	0.36105376468786626	0.1725190845362445	40.78527256305463	116.0	0.35159717726771234	-375.1159683360222
3.0	498.0	340.0	6.124085387042212	0.12115393692008773	68.33202387367575	0.1558644083716997	6.151850393995458	0.2016709522184031	0.36105376468786626	0.1725190845362445	40.78527256305463	116.0	0.35159717726771234	-375.1159683360222
3.0	498.0	340.0	2.7754662236386114	0.15548364404547643	84.04403039914908	0.2584006246759005	3.3629365555926114	0.25649273197562017	0.36105376468786626	0.1725190845362445	40.78527256305463	116.0	0.35159717726771234	-375.1159683360222
3.0	508.0	340.0	5.173314251991821	0.14773787591852514	50.37689361686741	0.11177507896314248	3.2605441386324907	0.11398900548847592	0.021967295055128386	0.15667509635751437	10081.76405591831	116.0	86.91175910274404	-386.2136883128255
3.0	508.0	340.0	5.606416969980167	0.11667137902939965	69.55133066571292	0.1870897850051844	5.870834615819502	0.21947239455421774	0.021967295055128386	0.15667509635751437	10081.76405591831	116.0	86.91175910274404	-386.2136883128255
3.0	508.0	340.0	1.848838868815102	0.1523207834213117	83.80213486010824	0.4350432149900111	3.5341028408131265	0.4126243441623579	0.021967295055128386	0.15667509635751437	10081.76405591831	116.0	86.91175910274404	-386.2136883128255
2.0	518.0	340.0	3.2110625571987934	0.170362234195226	50.18975952790634	0.2278120832736942	3.64725934779462	0.2315405844907608	0.17524051593892928	0.18724045872854805	241.44005765211605	119.0	2.0289080474967736	-340.3986664945286
2.0	518.0	340.0	4.48511169429931	0.13271120182667756	71.11132699298913	0.20951299080036556	6.109900791074396	0.21734576173410425	0.17524051593892928	0.18724045872854805	241.44005765211605	119.0	2.0289080474967736	-340.3986664945286
2.0	528.0	340.0	2.1561299723855387	0.15610959550300021	50.70048709161627	0.3377241931885252	4.035968620999074	0.3401090785072344	0.36105376468786626	0.17809304846496032	52.86911886405951	119.0	0.44427830978201266	-349.5320270244493
2.0	528.0	340.0	3.759846838547674	0.15223216914768153	71.00276154131333	0.19857963228264727	4.246546791865594	0.2000509456126354	0.36105376468786626	0.17809304846496032	52.86911886405951	119.0	0.44427830978201266	-349.5320270244493
2.0	538.0	340.0	2.422281096210882	0.133201613004285	52.28437572891905	0.2752395635102353	4.335428850894762	0.27784741113141853	0.11932507573242196	0.15999454598984555	377.87719632073885	119.0	3.175438624544024	-380.4821399380749
2.0	538.0	340.0	2.523419656736003	0.15906952138755784	70.16723251043577	0.2212267326017827	3.032761342229799	0.2226770377054399	0.11932507573242196	0.15999454598984555	377.87719632073885	119.0	3.175438624544024	-380.4821399380749
2.0	548.0	340.0	3.8929189595766625	0.12223648201649742	54.83112032059806	0.15270777609407174	4.214565935460113	0.15422003061807138	0.09260940789483944	0.16972501861825628	513.3382584997439	119.0	4.313766878149108	-405.55161394785006
2.0	548.0	340.0	1.0143410068731038	0.16675568054826917	70.54879443222744	0.4297019093580457	2.2538528869755323	0.43179642194261175	0.09260940789483944	0.16972501861825628	513.3382584997439	119.0	4.313766878149108	-405.55161394785006
2.0	558.0	340.0	5.631480132192343	0.12493243809183971	56.11590693822696	0.10308501887003703	4.023982062595907	0.10308492648532365	0.06630950242951675	0.1878925550314596	1004.308724666309	119.0	8.439569114842932	-405.17602612984615
2.0	558.0	340.0	0.5157045637137332	0.11564914934939326	120.19652847202944	1.2160296011511036	4.696054160755022	1.2160295922088424	0.06630950242951675	0.1878925550314596	1004.308724666309	119.0	8.439569114842932	-405.17602612984615
1.0	568.0	340.0	5.771793910769903	0.13245960485868033	57.19096827818112	0.10877442213372175	4.104546759671369	0.10877431799177434	0.06775973900204142	0.20323447594642488	1130.6162561973238	122.0	9.267346362273146	-391.671221959365
2.0	578.0	340.0	4.468010213681624	0.078624740442001	57.996672671680805	0.08867443550184416	4.363992513112112	0.08867443553026069	0.0722182357380054	0.12126869278229391	363.67155984699906	119.0	3.0560635281260424	-510.81163183759145
2.0	578.0	340.0	0.6645752529042244	0.10650202026379572	89.14950871998515	0.44026370558285216	2.377705020934159	0.4403716484954824	0.0722182357380054	0.12126869278229391	363.67155984699906	119.0	3.0560635281260424	-510.81163183759145
2.0	588.0	340.0	2.762591514098074	0.06856247939648494	58.9241134219236	0.16948822374378347	5.914271029028412	0.16948948760227092	0.07845097627637364	0.11791130981106027	317.5967667756417	119.0	2.6688803930726195	-507.0498729411314
2.0	588.0	340.0	0.6823328137597794	0.09465157960769058	89.33344533414315	0.49713852532892394	3.102416019852588	0.49713472020857036	0.07845097627637364	0.11791130981106027	317.5967667756417	119.0	2.6688803930726195	-507.0498729411314
3.0	598.0	340.0	0.7017519157999651	0.1715072571777379	49.085339412949345	0.5680062897186474	2.530403584390533	0.7377892170614258	0.07309317276197055	0.14837366630264723	529.4880087590577	116.0	4.56455179964705	-453.99026308106477
3.0	598.0	340.0	2.0410949133432035	0.07532892083537494	62.86878748265134	0.5281077787461561	8.469482043539713	0.6468588759123666	0.07309317276197055	0.14837366630264723	529.4880087590577	116.0	4.56455179964705	-453.99026308106477
3.0	598.0	340.0	0.8710118080992477	0.0882874212588441	89.488445516029	0.6847566956315346	5.318307480518527	0.7031513155018376	0.07309317276197055	0.14837366630264723	529.4880087590577	116.0	4.56455179964705	-453.99026308106477
5.0	608.0	340.0	1.0827162007376832	0.1187076146259356	50.18974554839579	0.550728224918414	2.8137586864125	0.49178256685220567	0.06856100099117003	0.12787209355908502	458.56795129683144	110.0	4.168799557243922	-473.12983805772444
5.0	608.0	340.0	1.9276523685217846	0.28975856072598183	60.431969412837375	0.6483341030194025	3.8394627073161844	0.7144676387721792	0.06856100099117003	0.12787209355908502	458.56795129683144	110.0	4.168799557243922	-473.12983805772444
5.0	608.0	340.0	1.7707750256050359	0.11449966251239652	71.38887875546892	1.252725608547351	5.591035884027741	1.0512959110263949	0.06856100099117003	0.12787209355908502	458.56795129683144	110.0	4.168799557243922	-473.12983805772444
5.0	608.0	340.0	1.1293803591715912	0.09745736644082606	89.2763611836232	0.46548203479792066	3.613643106302866	0.5655859898499003	0.06856100099117003	0.12787209355908502	458.56795129683144	110.0	4.168799557243922	-473.12983805772444
5.0	608.0	340.0	1.0742555708573545	0.09512365823441196	101.76064987995458	0.4861428460759201	3.79323938117711	0.5146415510738628	0.06856100099117003	0.12787209355908502	458.56795129683144	110.0	4.168799557243922	-473.12983805772444
5.0	618.0	340.0	0.5441661149493321	0.10708797288753166	49.63638377881533	0.7127693644402616	2.4366075430022125	0.7022982639646123	0.07210778918072974	0.11277104530296579	339.53440913778337	110.0	3.0866764467071217	-498.086937532529
5.0	618.0	340.0	1.81052234916753	0.15870572106743397	60.0824864540716	0.5966593810250789	3.6520148293382553	0.5657936266704869	0.07210778918072974	0.11277104530296579	339.53440913778337	110.0	3.0866764467071217	-498.086937532529
5.0	618.0	340.0	1.4294297760391934	0.10798217571339334	70.15217568154137	0.9946676636272188	4.466917616452909	0.7576566864917466	0.07210778918072974	0.11277104530296579	339.53440913778337	110.0	3.0866764467071217	-498.086937532529
5.0	618.0	340.0	0.5403568074040053	0.08363987412839886	89.6950959532712	0.9155410279172184	4.0796487205962775	1.0183031271000351	0.07210778918072974	0.11277104530296579	339.53440913778337	110.0	3.0866764467071217	-498.086937532529
5.0	618.0	340.0	2.18482110614876	0.08311422739015199	103.13485858509418	0.22755517886282337	4.037621327848853	0.23759165077439426	0.07210778918072974	0.11277104530296579	339.53440913778337	110.0	3.0866764467071217	-498.086937532529
4.0	628.0	340.0	0.39009320651366236	0.07637745283828982	48.91923490792839	1.5320366627935624	3.9183029646437832	1.4725062493600372	0.045511089225428514	0.09663078391614142	702.1722659185748	113.0	6.213913857686503	-529.9309728759789
4.0	628.0	340.0	1.0965694065602325	0.10450245136872427	60.08276255753816	0.655579269438126	3.405206982889548	0.8187712148138473	0.045511089225428514	0.09663078391614142	702.1722659185748	113.0	6.213913857686503	-529.9309728759789
4.0	628.0	340.0	1.1509524777294249	0.0860050110116858	69.93028763060848	0.7943649288547032	3.956792466830895	0.6393187352066688	0.045511089225428514	0.09663078391614142	702.1722659185748	113.0	6.213913857686503	-529.9309728759789
4.0	628.0	340.0	2.2161285663252994	0.06171890728603199	104.52409690211118	0.18390874185078113	5.71886476986216	0.18390893464419655	0.045511089225428514	0.09663078391614142	702.1722659185748	113.0	6.213913857686503	-529.9309728759789
4.0	638.0	340.0	0.4321105836211599	0.05829755985135558	49.46293384249728	1.3672642818361864	7.162792775295069	1.4894079057078522	0.36105376468786626	0.09473406755408859	11.746921832543924	113.0	0.10395506046499048	-523.4866983269869
4.0	638.0	340.0	0.9729388149878153	0.06726583981362069	69.638577713851	0.520728618394351	5.151093724517095	0.5228152646682801	0.36105376468786626	0.09473406755408859	11.746921832543924	113.0	0.10395506046499048	-523.4866983269869
4.0	638.0	340.0	1.5249597056908526	0.053533424702190184	106.48087957672745	0.5419040511271921	9.375445150735805	0.4279081302045048	0.36105376468786626	0.09473406755408859	11.746921832543924	113.0	0.10395506046499048	-523.4866983269869
4.0	638.0	340.0	1.052220872148735	0.12590026441094102	116.47091523037918	0.24599282708547196	2.0486912074278036	0.3074267803353573	0.36105376468786626	0.09473406755408859	11.746921832543924	113.0	0.10395506046499048	-523.4866983269869
6.0	648.0	340.0	0.8750039335165684	0.07887593012631312	51.13503045923404	0.2213939956324547	2.129371550155596	0.2221295930461126	0.05533681939060652	0.07103989928682962	272.87163127365204	107.0	2.550202161436	-583.5403983493482
6.0	648.0	340.0	1.1031233088751644	0.05535880685216156	70.4859326425469	0.28517795581201	4.619016631811448	0.3152693974318219	0.05533681939060652	0.07103989928682962	272.87163127365204	107.0	2.550202161436	-583.5403983493482
6.0	648.0	340.0	0.5421587753131357	0.08704883534839637	100.73473627450163	0.3970661152016775	2.252189811461597	0.47136418863568486	0.05533681939060652	0.07103989928682962	272.87163127365204	107.0	2.550202161436	-583.5403983493482
6.0	648.0	340.0	1.943863044565682	0.0877742044194775	115.9893933470852	0.11571930018004421	2.5143616522995966	0.14653851188294031	0.05533681939060652	0.07103989928682962	272.87163127365204	107.0	2.550202161436	-583.5403983493482
6.0	648.0	340.0	0.3673042168650996	0.07883809998651416	82.56508789036705	0.6142140934777891	2.265467639188335	0.6457851909725509	0.05533681939060652	0.07103989928682962	272.87163127365204	107.0	2.550202161436	-583.5403983493482
6.0	648.0	340.0	1.3246536665207718	0.06912644978148526	111.11169108638425	0.553402239490809	12.79500188497153	0.497392349217853	0.05533681939060652	0.07103989928682962	272.87163127365204	107.0	2.550202161436	-583.5403983493482
5.0	658.0	340.0	1.2973181843043429	0.09733029745522558	51.75789566899916	0.18568009390240667	2.1178992782736255	0.1862368387512648	0.08934756888310538	0.08522541804408344	163.55967229481632	110.0	1.4869061117710576	-535.7936226148536
5.0	658.0	340.0	1.309544216181493	0.0572463286301551	70.69832043434765	0.3301521743491621	6.304510263207782	0.35259195739989	0.08934756888310538	0.08522541804408344	163.55967229481632	110.0	1.4869061117710576	-535.7936226148536
5.0	658.0	340.0	1.1917158516422843	0.16070447298072654	102.93270841120386	2.2791875855520125	8.61993053582676	1.3523151156704367	0.08934756888310538	0.08522541804408344	163.55967229481632	110.0	1.4869061117710576	-535.7936226148536
5.0	658.0	340.0	2.383247263655089	0.47322067613465973	116.26524703613748	0.21112355784989092	3.462922345896734	0.3824674593691631	0.08934756888310538	0.08522541804408344	163.55967229481632	110.0	1.4869061117710576	-535.7936226148536
5.0	658.0	340.0	2.032112340182636	0.29088215935845135	123.71352828907803	2.507347140357982	8.068232765838127	1.2456724047062646	0.08934756888310538	0.08522541804408344	163.55967229481632	110.0	1.4869061117710576	-535.7936226148536
4.0	668.0	340.0	0.9130187741795489	0.097398290647015	51.83529014233194	0.3715588244562631	2.8500390981407038	0.3767657627510992	0.056831168211781184	0.10961718602958306	554.088378430974	113.0	4.903436977265256	-504.00556955053065
4.0	668.0	340.0	1.444570721406988	0.06520883312596903	69.522146827833	0.3561514213378384	6.657961208222573	0.3914110114036972	0.056831168211781184	0.10961718602958306	554.088378430974	113.0	4.903436977265256	-504.00556955053065
4.0	668.0	340.0	0.6832683297171283	0.07434540365908905	97.74648580318943	0.6625446618619432	4.8985594225087326	0.6900577296535418	0.056831168211781184	0.10961718602958306	554.088378430974	113.0	4.903436977265256	-504.00556955053065
4.0	668.0	340.0	3.972937772837357	0.062403073676415975	120.64931370083758	0.13573501465350996	7.189991081802114	0.14688748677766983	0.056831168211781184	0.10961718602958306	554.088378430974	113.0	4.903436977265256	-504.00556955053065
4.0	678.0	340.0	0.2820531472636005	0.10726188026390296	54.31561282874423	1.084047058818513	3.1752584664785193	1.364700265104491	0.0687246290358188	0.09284175693650429	230.44696089393148	113.0	2.039353636229482	-566.1628221426733
4.0	678.0	340.0	1.3890130460149406	0.12300175950661521	67.02169608407442	0.24898657177524755	3.9708453476349277	0.36229818006959136	0.0687246290358188	0.09284175693650429	230.44696089393148	113.0	2.039353636229482	-566.1628221426733
4.0	678.0	340.0	0.5540300588321452	0.1049829917118506	70.3504810608755	2.2470690722897406	14.72860636343203	1.5014979355391864	0.0687246290358188	0.09284175693650429	230.44696089393148	113.0	2.039353636229482	-566.1628221426733
4.0	678.0	340.0	3.4514829574524475	0.057251942307878466	121.02776743211854	0.09565395420771496	4.973941533951721	0.0959071087242841	0.0687246290358188	0.09284175693650429	230.44696089393148	113.0	2.039353636229482	-566.1628221426733
4.0	688.0	340.0	1.0314257949408907	0.3543159953707038	62.36974824438954	2.7330567063972913	7.032953124260759	1.0758027723298131	0.1317161220506527	0.09887591541637705	100.52476391236267	113.0	0.8895996806403776	-507.22955553826574
4.0	688.0	340.0	1.7017528485196394	0.47630763309718216	66.29896737768478	0.3769712894480049	3.1678691796821363	0.5786574834390777	0.1317161220506527	0.09887591541637705	100.52476391236267	113.0	0.8895996806403776	-507.22955553826574
4.0	688.0	340.0	0.638244131816953	0.08659275648078248	81.9323411245205	1.224671167035544	4.328239538804601	1.0685140829504067	0.1317161220506527	0.09887591541637705	100.52476391236267	113.0	0.8895996806403776	-507.22955553826574
4.0	688.0	340.0	2.8992935429666886	0.07928100406672868	120.6570011860421	0.13122810090596712	4.156047684125263	0.1312281019808646	0.1317161220506527	0.09887591541637705	100.52476391236267	113.0	0.8895996806403776	-507.22955553826574
4.0	698.0	340.0	1.388952109543561	0.1322409997938251	55.75337764442378	0.5878217925919971	3.0954079061522872	0.5271641655578454	0.21483249720484676	0.12691850059849835	70.17200750033659	113.0	0.620991216817138	-429.8589774494094
4.0	698.0	340.0	3.331898966617457	0.1219186828372629	65.3109173470685	0.25041423445170585	3.462730031007757	0.27663165470703854	0.21483249720484676	0.12691850059849835	70.17200750033659	113.0	0.620991216817138	-429.8589774494094
4.0	698.0	340.0	0.7483028270349461	0.10384865124618216	80.83532794363386	0.8071255731456008	4.723507719913008	0.8808339841080295	0.21483249720484676	0.12691850059849835	70.17200750033659	113.0	0.620991216817138	-429.8589774494094
4.0	698.0	340.0	2.3437782336621127	0.10292489611905946	120.96259570954368	0.23220102752830035	4.579213070272062	0.2322010266946663	0.21483249720484676	0.12691850059849835	70.17200750033659	113.0	0.620991216817138	-429.8589774494094
3.0	708.0	340.0	2.31072733329283	0.15037430161944657	55.972035859652706	0.42179001636570385	3.171566331292298	0.36438217128011413	0.16072735854287382	0.1688891133198918	157.43807246692367	116.0	1.3572247626458938	-408.60641965462946
3.0	708.0	340.0	3.4785516964160608	0.1329882866213528	65.49697388361847	0.30435117776391946	3.6124512829284523	0.2775883351626186	0.16072735854287382	0.1688891133198918	157.43807246692367	116.0	1.3572247626458938	-408.60641965462946
3.0	708.0	340.0	1.3348444261564976	0.10495398614830666	121.02409617890471	0.4891832718483505	5.386065540807647	0.48918068886720567	0.16072735854287382	0.1688891133198918	157.43807246692367	116.0	1.3572247626458938	-408.60641965462946
2.0	718.0	340.0	2.8042781568405126	0.10757415255708982	56.52154620477911	0.26642238525715883	3.3937103907482786	0.2432384333203126	0.14535126185567085	0.14040593999955167	121.21758619460833	119.0	1.0186351781059524	-473.27944991976136
2.0	718.0	340.0	2.3934548571810867	0.1064473910603104	66.36991119586455	0.3146887193820699	3.441979014756387	0.2890063907307569	0.14535126185567085	0.14040593999955167	121.21758619460833	119.0	1.0186351781059524	-473.27944991976136
3.0	728.0	340.0	2.603171221341419	0.0939566833423417	56.257731906944166	0.14374984310074027	3.10605794858487	0.1533196223462708	0.0765684089697406	0.11532073717568754	311.4799470952317	116.0	2.6851719577175146	-508.69980537431877
3.0	728.0	340.0	1.1234657748348886	0.09294354605081538	67.67280356777484	0.33730290496723636	3.1952072296102605	0.36425018066392634	0.0765684089697406	0.11532073717568754	311.4799470952317	116.0	2.6851719577175146	-508.69980537431877
3.0	728.0	340.0	0.40454973427269214	0.07112762002875232	88.75851536973792	1.0731215659582818	5.293803505436566	1.0816413243816296	0.0765684089697406	0.11532073717568754	311.4799470952317	116.0	2.6851719577175146	-508.69980537431877
3.0	8.0	350.0	2.528195826911531	0.1313268634605985	21.015896199522725	0.36664038821298683	5.732211992422074	0.4076159359677788	0.2331741804561935	0.225173522238279	116.65907952459898	116.0	1.0056817200396464	-353.05940816243344
3.0	8.0	350.0	1.119978564475001	0.2674920780820815	33.15608185788011	0.394758972997339	1.551506211065143	0.4941377023838756	0.2331741804561935	0.225173522238279	116.65907952459898	116.0	1.0056817200396464	-353.05940816243344
3.0	8.0	350.0	1.1543361376981596	0.12045057786212411	53.299551980079485	0.7713028164338502	6.406242295427922	0.7769928664337166	0.2331741804561935	0.225173522238279	116.65907952459898	116.0	1.0056817200396464	-353.05940816243344
4.0	18.0	350.0	3.2216542345870334	0.14006085800947302	21.857725959429505	0.29955434637709155	5.521664848942952	0.3337072879566947	0.24562846979442862	0.2323864295700104	111.90582427978069	113.0	0.9903170290246078	-338.030087527573
4.0	18.0	350.0	1.1888629489040001	0.2548714952560481	33.630201819993175	0.4239036762144172	1.6872148827492337	0.4330482216319492	0.24562846979442862	0.2323864295700104	111.90582427978069	113.0	0.9903170290246078	-338.030087527573
4.0	18.0	350.0	1.540181932818573	0.34779223344253085	49.36282366872577	0.803255563331914	3.733434645684393	0.7571421429628965	0.24562846979442862	0.2323864295700104	111.90582427978069	113.0	0.9903170290246078	-338.030087527573
4.0	18.0	350.0	1.0191078297213132	0.13076091662129827	61.80579409216795	2.6021639075052465	6.98968698666269	2.199142711316066	0.24562846979442862	0.2323864295700104	111.90582427978069	113.0	0.9903170290246078	-338.030087527573
3.0	28.0	350.0	4.2860077012613225	0.10273684302888812	24.916165803049157	0.3079917382498247	7.026130542775386	0.29540208165298376	0.1811744601124227	0.19626489141244063	149.33706491646194	116.0	1.2873884906591546	-385.2719692857605
3.0	28.0	350.0	1.4051291617709374	0.10620213249087529	48.805048774245115	1.0561266675052103	7.826928655749587	1.7494554217897913	0.1811744601124227	0.19626489141244063	149.33706491646194	116.0	1.2873884906591546	-385.2719692857605
3.0	28.0	350.0	1.1567778670000635	0.18617733730765124	65.7019185908031	0.9328741232731473	4.379318877932257	0.8324915553574165	0.1811744601124227	0.19626489141244063	149.33706491646194	116.0	1.2873884906591546	-385.2719692857605
4.0	38.0	350.0	5.035261022558078	0.7084118422977117	24.7356078443913	0.4124948607233074	5.478115465620357	0.34022014816873647	0.1535739272839561	0.165972142234566	150.41920054149665	113.0	1.3311433676238642	-418.4685487897384
4.0	38.0	350.0	0.8600964876997695	0.29828494137864137	34.068086919027316	0.5529835450665098	1.921387080631817	0.6881595373807753	0.1535739272839561	0.165972142234566	150.41920054149665	113.0	1.3311433676238642	-418.4685487897384
4.0	38.0	350.0	1.5069185860652177	0.11565399265362729	41.61478396478424	3.9132538023399936	9.870904003748691	4.502828339969622	0.1535739272839561	0.165972142234566	150.41920054149665	113.0	1.3311433676238642	-418.4685487897384
4.0	38.0	350.0	1.1925006840804138	0.1846836105861486	64.52182433470179	0.9844804494011159	5.1584563938337995	0.8477920070554846	0.1535739272839561	0.165972142234566	150.41920054149665	113.0	1.3311433676238642	-418.4685487897384
3.0	48.0	350.0	4.829030697603316	0.7639570941434037	24.38282730299944	0.5574514052802434	5.005629687653988	0.3329742113403105	0.1543961669490353	0.1615575563676489	153.7354216473002	116.0	1.32530535902845	-421.6282311066769
3.0	48.0	350.0	2.4803090042305547	0.29276737786078577	36.056805294454364	2.304686779898481	7.253988892866085	1.4680893371847636	0.1543961669490353	0.1615575563676489	153.7354216473002	116.0	1.32530535902845	-421.6282311066769
3.0	48.0	350.0	1.032096787786171	0.09317353170230516	63.146784347848346	0.7539284504850324	6.33154594578301	0.8030010321269598	0.1543961669490353	0.1615575563676489	153.7354216473002	116.0	1.32530535902845	-421.6282311066769
3.0	58.0	350.0	6.318326181077368	0.16230020515598684	23.850161953649543	0.21560554536072543	4.843295566844784	0.15233452805134498	0.1260682557082744	0.14292094072925626	164.51623840450029	116.0	1.4182434345215542	-463.8307915749408
3.0	58.0	350.0	3.263510934464387	0.09525512803994583	37.45309841363335	0.5188826950803804	6.135108092088319	0.42457604674107796	0.1260682557082744	0.14292094072925626	164.51623840450029	116.0	1.4182434345215542	-463.8307915749408
3.0	58.0	350.0	0.8130885655252704	0.08111726607252412	64.17724431109747	0.6899629250996069	5.904526771483248	0.716690729344448	0.1260682557082744	0.14292094072925626	164.51623840450029	116.0	1.4182434345215542	-463.8307915749408
3.0	68.0	350.0	6.356858163684897	0.1287333448695568	24.3536855398377	0.2085074323191044	4.840394203087376	0.17070246502360198	0.1254750862887396	0.17278661927012728	248.64082169277012	116.0	2.143455359420432	-413.3848422173179
3.0	68.0	350.0	4.034668305502539	0.1092741539023103	38.372398005185914	0.3582712108824604	5.488454675005536	0.3131106184361491	0.1254750862887396	0.17278661927012728	248.64082169277012	116.0	2.143455359420432	-413.3848422173179
3.0	68.0	350.0	0.5610350750769311	0.1064955506251544	64.87051220452561	1.1093080276949356	5.057458599092836	1.118442639527	0.1254750862887396	0.17278661927012728	248.64082169277012	116.0	2.143455359420432	-413.3848422173179
2.0	78.0	350.0	4.505184380426307	0.08609787460762915	28.793605371634413	0.42238468534353735	6.9599645592003805	0.33621054738963047	0.12681794508588842	0.1444325206815409	168.8599399208984	119.0	1.4189910917722555	-465.9443321331544
2.0	78.0	350.0	2.201341959571139	0.2591097153507323	40.53801279720172	0.3554227741521599	3.6810209355421124	0.34806927187221387	0.12681794508588842	0.1444325206815409	168.8599399208984	119.0	1.4189910917722555	-465.9443321331544
2.0	88.0	350.0	1.2216448218988416	0.08564137968427472	14.53929380446595	0.34981222956821684	3.72136343299941	0.35156010217087746	0.1158603420369327	0.12066174975437381	140.88334025502022	119.0	1.1838936155884052	-511.1782713165312
2.0	88.0	350.0	3.3918856944224274	0.06721431143110283	31.685655533885186	0.16268818770299961	6.354710750863116	0.18024805193957896	0.1158603420369327	0.12066174975437381	140.88334025502022	119.0	1.1838936155884052	-511.1782713165312
2.0	98.0	350.0	1.458898061223757	0.07088931964824197	13.618425432486278	0.39789172345834717	5.411210249207046	0.4192270560293788	0.09642330867239975	0.10885714029379621	197.97573818780478	119.0	1.6636616654437377	-514.561120504552
2.0	98.0	350.0	2.00810735232803	0.07429553618632852	30.191241135874932	0.2745437473067657	4.826907413292373	0.2787897760827825	0.09642330867239975	0.10885714029379621	197.97573818780478	119.0	1.6636616654437377	-514.561120504552
2.0	128.0	350.0	1.0305309815129455	0.04210041732643604	14.753776109740116	0.29769951963066876	5.702870023302152	0.32949450128896474	0.07213489397200863	0.07206613470529223	128.2136006376993	119.0	1.0774252154428512	-641.4194956064904
2.0	128.0	350.0	0.6242325985990186	0.053308341956176036	30.382543286309957	0.38347347106798546	3.3746025625655633	0.3866580511492604	0.07213489397200863	0.07206613470529223	128.2136006376993	119.0	1.0774252154428512	-641.4194956064904
2.0	138.0	350.0	1.2276777080322518	0.10382575918714043	13.602748506424412	0.2484116043600806	3.654757819083203	0.3302208485195085	0.08088866447761503	0.07599191576745432	133.58127544555992	119.0	1.1225317264332766	-607.6589861875026
2.0	138.0	350.0	0.5709971054863741	0.09322518433240674	18.86007209234637	1.2844353682339398	10.408621037850857	0.9265331372810923	0.08088866447761503	0.07599191576745432	133.58127544555992	119.0	1.1225317264332766	-607.6589861875026
3.0	148.0	350.0	1.0318990771990308	0.07445938742792803	13.747777800704112	0.43204957107505443	3.375447818220759	0.42737073888083715	0.07385735942883347	0.09871231485928991	227.8689395728067	116.0	1.9643874101104026	-556.7825754230753
3.0	148.0	350.0	1.017117783990561	0.07671751996494136	24.455478226317393	0.5000284487937469	3.335881035113749	0.6992297887157457	0.07385735942883347	0.09871231485928991	227.8689395728067	116.0	1.9643874101104026	-556.7825754230753
3.0	148.0	350.0	0.7012309558082649	0.07551245835465693	34.4281462074163	0.8183300472505233	3.4741283733258577	0.7367832041002143	0.07385735942883347	0.09871231485928991	227.8689395728067	116.0	1.9643874101104026	-556.7825754230753
3.0	158.0	350.0	1.7114743298545836	0.06659134611106528	24.970265687175086	0.3551972855407442	3.7626708084292453	0.2868886991838423	0.07523882080200008	0.07915584174335925	147.1513295142105	116.0	1.2685459440880213	-606.8132978448308
3.0	158.0	350.0	1.2016905602071641	0.0688646439806694	34.840019192719595	0.49797866452506123	3.68578468809993	0.398385971139804	0.07523882080200008	0.07915584174335925	147.1513295142105	116.0	1.2685459440880213	-606.8132978448308
3.0	158.0	350.0	0.4371214529956621	0.07118067008238167	60.155632674031864	0.45110084830041286	2.397844378751923	0.45099047934636366	0.07523882080200008	0.07915584174335925	147.1513295142105	116.0	1.2685459440880213	-606.8132978448308
2.0	168.0	350.0	0.9448306024484463	0.19737184437544553	24.590531129565402	0.42183372876424224	3.037927723949166	0.47209959597741935	0.07131877997784182	0.0847057106002311	186.23741592885716	119.0	1.5650203019231694	-597.5984646805415
2.0	168.0	350.0	2.1774210688246156	0.05928140080733848	34.048221895144955	0.54909807227033	6.028216561163048	0.41453715978131633	0.07131877997784182	0.0847057106002311	186.23741592885716	119.0	1.5650203019231694	-597.5984646805415
1.0	178.0	350.0	2.5873154967460845	0.047081043471458396	36.06899553636821	0.14986474269892053	7.131814832287752	0.1498646387820688	0.0672834103939352	0.08976344007821319	251.71665720470364	122.0	2.0632512885631447	-581.2116010777465
1.0	188.0	350.0	2.363153968503451	0.06034521645660746	38.89098214679535	0.2018387002567344	6.844870826243416	0.20183861509887457	0.06549646668563588	0.10931049269365256	418.8334757325079	122.0	3.4330612764959665	-524.2948115062679
4.0	308.0	350.0	0.7620802974899458	0.06229433950551011	41.513857985342945	2.561911389032486	11.045181669803071	1.5553206166837037	0.06703736515121095	0.058822712518266956	96.76856094383234	113.0	0.856358946405596	-680.8395146951591
4.0	308.0	350.0	0.5690708184032681	0.08335897962559087	49.62393843326513	0.255714188511398	1.8638751579054942	0.3201163297868644	0.06703736515121095	0.058822712518266956	96.76856094383234	113.0	0.856358946405596	-680.8395146951591
4.0	308.0	350.0	2.040233675930124	0.16997196011310334	58.921661742694354	0.4312217372558502	6.909669603844161	0.3273176131331659	0.06703736515121095	0.058822712518266956	96.76856094383234	113.0	0.856358946405596	-680.8395146951591
4.0	308.0	350.0	0.8456094220840462	0.04052576542992726	91.63126799161404	0.21952497900915008	3.966687041608994	0.21958234269269095	0.06703736515121095	0.058822712518266956	96.76856094383234	113.0	0.856358946405596	-680.8395146951591
4.0	318.0	350.0	0.9939392365003401	0.05554305724179639	38.09641852209811	0.8622187383644213	7.341316500787309	0.6341924797866832	0.07388152408371292	0.06602785757783002	107.36709956990185	113.0	0.95015132362745	-643.5449015898126
4.0	318.0	350.0	0.737881479554803	0.10858962889662438	49.38353293932183	0.24397743268353458	1.996565186594716	0.32850258876043376	0.07388152408371292	0.06602785757783002	107.36709956990185	113.0	0.95015132362745	-643.5449015898126
4.0	318.0	350.0	2.689391086533195	0.0488357603739271	57.62747494086555	0.42723971204042926	7.523467574317454	0.30865973816132797	0.07388152408371292	0.06602785757783002	107.36709956990185	113.0	0.95015132362745	-643.5449015898126
4.0	318.0	350.0	0.6534993093907515	0.04654256168360087	90.57521340726825	0.3335756932528302	4.054375279376453	0.33400352948068196	0.07388152408371292	0.06602785757783002	107.36709956990185	113.0	0.95015132362745	-643.5449015898126
4.0	328.0	350.0	1.1356523856065077	0.26193542167086237	38.54048851074137	3.281013553206543	7.18505541022377	1.5859170949558898	0.07527212251364811	0.07746193328838953	144.78806466558547	113.0	1.2813103067750926	-601.5059795172305
4.0	328.0	350.0	1.8853318530197563	0.48320973640725057	50.928676629409274	0.8811076489941649	5.462072784324509	1.326159329645715	0.07527212251364811	0.07746193328838953	144.78806466558547	113.0	1.2813103067750926	-601.5059795172305
4.0	328.0	350.0	1.9441656997147883	0.22350395353361402	63.06133956352417	0.9087366170746776	4.998344330248017	0.4704772488548847	0.07527212251364811	0.07746193328838953	144.78806466558547	113.0	1.2813103067750926	-601.5059795172305
4.0	328.0	350.0	0.4593783789250367	0.06364425432936253	88.68887058174727	0.4853167193114849	3.033739242077461	0.48535971041125076	0.07527212251364811	0.07746193328838953	144.78806466558547	113.0	1.2813103067750926	-601.5059795172305
3.0	338.0	350.0	1.9984751654912405	0.03460420468265068	46.76510690732528	0.34562258846219074	9.239311654070631	0.33642513572209276	0.06054307750514437	0.07294478580855951	191.58543754822477	116.0	1.651598599553662	-628.1573031052408
3.0	338.0	350.0	2.1899694229613225	0.07432231144155278	63.803040715170305	0.15120810199237877	4.264947834886048	0.15820966100462514	0.06054307750514437	0.07294478580855951	191.58543754822477	116.0	1.651598599553662	-628.1573031052408
3.0	338.0	350.0	0.4660752292820156	0.05336183547635661	87.94903645816532	0.47581247163197876	3.598010667992318	0.475855983448779	0.06054307750514437	0.07294478580855951	191.58543754822477	116.0	1.651598599553662	-628.1573031052408
3.0	348.0	350.0	1.911438251598738	0.03630942160607784	51.34036725685726	0.545341842292789	11.073472939208235	0.41257918852981135	0.061669995773372475	0.06949600272303319	189.9210343450576	116.0	1.6372502960780826	-624.6373922675898
3.0	348.0	350.0	1.4454191872232593	0.10574790199432559	63.60988560463101	0.15615384772143942	3.1770937122724945	0.25249828434778654	0.061669995773372475	0.06949600272303319	189.9210343450576	116.0	1.6372502960780826	-624.6373922675898
3.0	348.0	350.0	0.39908536907672737	0.043676712655735875	84.91060804185706	0.8393130491847058	5.575195749550213	0.8460766723794231	0.061669995773372475	0.06949600272303319	189.9210343450576	116.0	1.6372502960780826	-624.6373922675898
1.0	388.0	350.0	3.7530231593189742	0.1594280757416899	54.652096027504356	0.1500244833696413	3.0581848985710938	0.15002397822359215	0.13479254564545018	0.18355504622832028	308.39364207493617	122.0	2.527816738319149	-382.121684307981
2.0	398.0	350.0	5.171610316718017	0.19666561177040912	55.0329838084694	0.14580311755072112	3.3460922634449988	0.15719434447604327	0.061875490184888395	0.2330039846072003	1774.0840254276566	119.0	14.908269121240812	-351.3551959044921
2.0	398.0	350.0	0.4814006809504218	0.10918416369953221	72.45132843520071	3.0286456869533827	8.831667758276266	3.320811620896084	0.061875490184888395	0.2330039846072003	1774.0840254276566	119.0	14.908269121240812	-351.3551959044921
2.0	408.0	350.0	6.920256649236562	0.3693948925977343	54.94097591195682	0.10217011315950644	3.2550177060236924	0.16141944518455512	0.06274274399473168	0.2173451602786561	1525.9824681913942	119.0	12.823382085641969	-366.70622267710263
2.0	408.0	350.0	1.3506420175166107	0.11647119473560066	66.45388540220563	2.1244352608983132	8.353342118463386	1.6390475450601643	0.06274274399473168	0.2173451602786561	1525.9824681913942	119.0	12.823382085641969	-366.70622267710263
2.0	418.0	350.0	9.67840584059946	0.10819310482159865	55.08516457864421	0.048478610869336095	3.4156794967312374	0.051737751531850014	0.05957468867037552	0.14507792786061158	769.3195874831956	119.0	6.4648704830520645	-465.2701642724488
2.0	418.0	350.0	2.353904236612508	0.10727275627174095	67.6888626324767	0.20110356546692187	3.484413498528939	0.21542008854100952	0.05957468867037552	0.14507792786061158	769.3195874831956	119.0	6.4648704830520645	-465.2701642724488
4.0	428.0	350.0	10.054997847919141	0.07370019130845733	54.69750037625185	0.029899382808823302	3.534307009108363	0.030237879629945563	0.0718849118216008	0.10086395002769792	246.46448583055877	113.0	2.181101644518219	-546.523485644787
4.0	428.0	350.0	3.4162304709408855	0.09402618088960403	68.36720056369649	0.06895658426760162	2.1610487382055554	0.06933505241403355	0.0718849118216008	0.10086395002769792	246.46448583055877	113.0	2.181101644518219	-546.523485644787
4.0	428.0	350.0	0.4885767328990634	0.08190669598256707	89.31728317467997	0.5505528880820968	2.8424396845627746	0.5505419393431276	0.0718849118216008	0.10086395002769792	246.46448583055877	113.0	2.181101644518219	-546.523485644787
4.0	428.0	350.0	0.3548908980114649	0.07621985324987576	189.1281725447643	0.8143416739178395	3.283716062097752	0.8143540157858215	0.0718849118216008	0.10086395002769792	246.46448583055877	113.0	2.181101644518219	-546.523485644787
4.0	438.0	350.0	9.194991302920355	0.099433191798651	54.852802051019225	0.05056533858254538	4.041678980304941	0.05220658472588613	0.07086369400496294	0.14469561534886732	521.9281788062149	113.0	4.618833440762963	-456.3115166045159
4.0	438.0	350.0	3.7869041336067624	0.13255940369834782	68.53844797691954	0.09204156263880124	2.2395854422931265	0.09324207103248015	0.07086369400496294	0.14469561534886732	521.9281788062149	113.0	4.618833440762963	-456.3115166045159
4.0	438.0	350.0	0.7819629770273085	0.14620862310200783	90.40191001852898	0.3956417681140618	1.8230333238999652	0.3917974881967969	0.07086369400496294	0.14469561534886732	521.9281788062149	113.0	4.618833440762963	-456.3115166045159
4.0	438.0	350.0	0.36378215044632883	0.09759549194228075	190.0807418469165	1.2788597668010502	4.132172665620974	1.2838408713941871	0.07086369400496294	0.14469561534886732	521.9281788062149	113.0	4.618833440762963	-456.3115166045159
2.0	448.0	350.0	8.738074754545126	0.11599506467270787	55.914831500992385	0.09974507339970828	4.411647975273835	0.10327571852720444	0.13772221572769078	0.173156359614682	208.53808271646352	119.0	1.752420863163559	-418.9412813211595
2.0	448.0	350.0	3.6738497396515655	0.1371674066548909	67.46794824078553	0.20130632954464947	3.2457957359293346	0.18877527398458574	0.13772221572769078	0.173156359614682	208.53808271646352	119.0	1.752420863163559	-418.9412813211595
2.0	458.0	350.0	7.756398822168539	0.16546707004243497	55.511111840968084	0.2119531396319195	4.148964916581726	0.15035297345745327	0.140943384844377	0.1528476585819445	165.76172151317428	119.0	1.3929556429678511	-441.8576834726598
2.0	458.0	350.0	5.271612685949298	0.16734620181385593	65.72301521817519	0.31047766185667636	4.129743168653835	0.21973876322329747	0.140943384844377	0.1528476585819445	165.76172151317428	119.0	1.3929556429678511	-441.8576834726598
2.0	468.0	350.0	6.066410762757452	0.15157155009469087	53.581176507867426	0.2108382840018334	4.072689494711878	0.18428016508131775	0.13087704295849273	0.21094449398265114	329.52553377093795	119.0	2.7691221325288904	-374.4948723077588
2.0	468.0	350.0	6.7491552023401615	0.13910134336817329	65.64493286632488	0.20099733635118344	4.475424462798821	0.1828605348757125	0.13087704295849273	0.21094449398265114	329.52553377093795	119.0	2.7691221325288904	-374.4948723077588
3.0	478.0	350.0	6.126547139333831	0.09432669838052808	51.59013368697378	0.08445510279631066	4.097244500711448	0.09002491416709067	0.08481267633827262	0.1360665065674862	337.0430068924704	116.0	2.905543162866124	-473.2752479425124
3.0	478.0	350.0	6.466439312135004	0.09437142675390649	66.16958988317579	0.08308872428787233	4.156353667307263	0.09847911221647439	0.08481267633827262	0.1360665065674862	337.0430068924704	116.0	2.905543162866124	-473.2752479425124
3.0	478.0	350.0	1.5837811021129495	0.07894262537088657	84.78121684225106	0.3694713967523123	5.978916357240769	0.40465220348497294	0.08481267633827262	0.1360665065674862	337.0430068924704	116.0	2.905543162866124	-473.2752479425124
