ncomps	x	y	amplitude	err amplitude	shift	err shift	width	err width	rms	residual	chisq	dof	redchisq	aic
3.0	488.0	350.0	7.841352849106567	0.10488264336273732	50.68213368531746	0.058640368884972045	3.610259590303233	0.06115847208391996	0.36105376468786626	0.13183895024773312	20.573002481774058	116.0	0.177353469670466	-460.6586424022135
3.0	488.0	350.0	5.048604234529287	0.09570366946449001	66.8215079003071	0.10815864960341329	4.546298924868975	0.1256604633320269	0.36105376468786626	0.13183895024773312	20.573002481774058	116.0	0.177353469670466	-460.6586424022135
3.0	488.0	350.0	1.9679570362984107	0.0883517146528075	84.97219238418857	0.29137546966632255	5.2162828261028285	0.31489119169441565	0.36105376468786626	0.13183895024773312	20.573002481774058	116.0	0.177353469670466	-460.6586424022135
2.0	498.0	350.0	9.06889538576449	0.22142995164006513	50.610958247915214	0.09794833287082086	3.2223561966225116	0.09939691779809627	0.36105376468786626	0.25058085624278	84.92067164453736	119.0	0.7136190894498938	-290.29475928380657
2.0	498.0	350.0	4.342708086414382	0.16246273286003962	68.19320759345035	0.2810990866873443	6.268718122162788	0.30624796037736324	0.36105376468786626	0.25058085624278	84.92067164453736	119.0	0.7136190894498938	-290.29475928380657
2.0	508.0	350.0	7.797512977077168	0.18814156806245882	50.55814999394665	0.10288792590722541	3.325518014860746	0.10383122944774706	0.18127278816832612	0.18166192007668155	246.15528682507224	119.0	2.0685318220594304	-329.52009608280326
2.0	508.0	350.0	4.1752939027069695	0.1343324736087905	67.9946019180926	0.27381796544489634	6.80072660463629	0.30371408080904994	0.18127278816832612	0.18166192007668155	246.15528682507224	119.0	2.0685318220594304	-329.52009608280326
2.0	518.0	350.0	4.615071292290587	0.1612592343112666	50.48981403185832	0.15997735032300744	3.671539366659556	0.16441453024922092	0.16169955585204784	0.1622434938621821	255.53749255391503	119.0	2.1473738870076895	-353.410024945339
2.0	518.0	350.0	3.5903512168278873	0.13271265300281532	68.04648933600477	0.2507927781929058	5.6444819730724625	0.27190000582657536	0.16169955585204784	0.1622434938621821	255.53749255391503	119.0	2.1473738870076895	-353.410024945339
2.0	528.0	350.0	2.4946574089449722	0.11911763041746744	51.122493625488126	0.20838541988370934	3.775400411765652	0.21057547183749692	0.36105376468786626	0.12812414193682792	28.739736292575646	119.0	0.24151038901324073	-425.7243644041826
2.0	528.0	350.0	2.5507375260466505	0.11944521472488884	69.08654565009496	0.20323254538132884	3.7550142657292644	0.20535758151055514	0.36105376468786626	0.12812414193682792	28.739736292575646	119.0	0.24151038901324073	-425.7243644041826
2.0	538.0	350.0	2.6912623479742583	0.09282796151699958	52.490647431411595	0.18142437158597255	4.557907113447104	0.18305266608932705	0.1019432052363383	0.12469829904604292	264.3649253994347	119.0	2.221553994953233	-464.4959055720638
2.0	538.0	350.0	1.5203563510568117	0.12656740222230561	69.62298121504337	0.2354911756623186	2.442652858568003	0.23651102494415738	0.1019432052363383	0.12469829904604292	264.3649253994347	119.0	2.221553994953233	-464.4959055720638
1.0	548.0	350.0	3.9019381512975286	0.10367527547501698	54.82130612393857	0.14059022342457075	4.582311300141611	0.14059018561934603	0.07266543292964475	0.16330895228583778	672.352458940013	122.0	5.5110857290165	-439.16375098529875
2.0	558.0	350.0	5.347338494777097	0.0916107175588046	56.52002335365277	0.07688223674642689	3.8861625273537266	0.07688212500864156	0.07110494653024849	0.1351296752051556	453.5577361567285	119.0	3.8114095475355336	-487.0866243143368
2.0	558.0	350.0	0.48115303645042756	0.08182950074063404	121.37518228796945	0.9564975266369021	4.87146696913161	0.9565001436297946	0.07110494653024849	0.1351296752051556	453.5577361567285	119.0	3.8114095475355336	-487.0866243143368
2.0	568.0	350.0	5.388058415181103	0.08205115230283729	57.63898040931089	0.06954781436705905	3.955138555755277	0.06954781409996959	0.07817469176542259	0.12237134862460321	306.3369471933005	119.0	2.5742600604479033	-512.4439785414264
2.0	568.0	350.0	0.496872620660993	0.07924644050083778	121.8424008343121	0.780736627477184	4.241448109358963	0.7807444667538694	0.07817469176542259	0.12237134862460321	306.3369471933005	119.0	2.5742600604479033	-512.4439785414264
2.0	578.0	350.0	4.161440472882693	0.06382809560378962	58.76866693690273	0.08183719841035166	4.62075758079985	0.08183719983006152	0.09403619059504378	0.08884108509687295	149.67440708089654	119.0	1.257768126730223	-555.7884544471375
2.0	578.0	350.0	0.6561510195597923	0.07839927881889755	88.47097444312182	0.42259691341226724	3.062253664084902	0.422593528499349	0.09403619059504378	0.08884108509687295	149.67440708089654	119.0	1.257768126730223	-555.7884544471375
2.0	588.0	350.0	2.808976720889515	0.07847212257063634	60.779635522027654	0.18865506213826777	5.850094961189004	0.18934369522382832	0.0834751158429599	0.11386776046886872	362.7293697286499	119.0	3.0481459641063013	-474.9219018208162
2.0	588.0	350.0	0.6948105920341061	0.09193805481397249	86.8751659283568	0.6510606767659445	4.257605463712034	0.6528675001715978	0.0834751158429599	0.11386776046886872	362.7293697286499	119.0	3.0481459641063013	-474.9219018208162
2.0	598.0	350.0	2.004318356002155	0.06500738171786388	64.14305307175744	0.3963179393255031	10.378526897237478	0.4275084832968576	0.09030360886045251	0.13575576706211648	361.8787452094553	119.0	3.0409978589029856	-455.55816657121073
2.0	598.0	350.0	0.5885845457107435	0.12802035412420143	88.17690087867756	0.6678373588441997	2.637460072702555	0.6887058289212171	0.09030360886045251	0.13575576706211648	361.8787452094553	119.0	3.0409978589029856	-455.55816657121073
3.0	608.0	350.0	1.0220730764071202	0.173093788490974	50.055064003282425	0.538295023581097	2.926169066143207	0.6084400148026381	0.08428237485256287	0.1752783293455852	611.5857250134637	116.0	5.272290732874687	-400.3627361772177
3.0	608.0	350.0	2.273435471665182	0.09242606981786478	66.89594982002902	0.5019491471169055	8.824188455651342	0.6629666797810825	0.08428237485256287	0.1752783293455852	611.5857250134637	116.0	5.272290732874687	-400.3627361772177
3.0	608.0	350.0	0.5277946339284639	0.09815095731110109	96.64157693674203	1.5706410095786625	6.662834076166931	1.6400536155293772	0.08428237485256287	0.1752783293455852	611.5857250134637	116.0	5.272290732874687	-400.3627361772177
2.0	618.0	350.0	1.9617181187790762	0.07467762282964399	64.3476330952448	0.44270424934679115	10.075548203769001	0.4440100598256573	0.06753579680597924	0.17531112524392775	864.6241060473741	119.0	7.265748790314068	-419.31487078683585
2.0	618.0	350.0	1.7939018634116264	0.11599808316326986	102.14196552535462	0.31163833378333095	4.169649299803752	0.31199199721106863	0.06753579680597924	0.17531112524392775	864.6241060473741	119.0	7.265748790314068	-419.31487078683585
3.0	628.0	350.0	1.0492028949853496	0.08583304969358486	61.129904847584335	1.16063574665711	10.72113810092808	0.6884552970611071	0.0758757062785946	0.11949880049267876	315.2541857083359	116.0	2.7177084974856545	-509.46627354781765
3.0	628.0	350.0	0.8091840932539502	0.13374209889635963	69.76268940248919	0.5033339438445197	3.4631390404133304	0.6615667737395557	0.0758757062785946	0.11949880049267876	315.2541857083359	116.0	2.7177084974856545	-509.46627354781765
3.0	628.0	350.0	2.1041478587193154	0.07287990459798017	103.35323653723556	0.19985557395863335	4.9896416506091885	0.20036841507100553	0.0758757062785946	0.11949880049267876	315.2541857083359	116.0	2.7177084974856545	-509.46627354781765
3.0	638.0	350.0	0.7456469947484188	0.05938048710180104	49.5131373637964	0.48954564835819336	5.096382595428033	0.51879616450896	0.09769254847219155	0.08878071489655583	125.62152904767002	116.0	1.08294421592819	-561.2972917309631
3.0	638.0	350.0	1.338407529333762	0.05968697921439345	69.26137696946269	0.27198670674266057	5.047387919410622	0.28958128655643195	0.09769254847219155	0.08878071489655583	125.62152904767002	116.0	1.08294421592819	-561.2972917309631
3.0	638.0	350.0	1.3037032040458267	0.043992443864741874	104.18078510620963	0.3536342336509745	9.082790996169571	0.3565796595997287	0.09769254847219155	0.08878071489655583	125.62152904767002	116.0	1.08294421592819	-561.2972917309631
4.0	648.0	350.0	0.8536381211085068	0.08015456025694517	49.82481259739525	0.4033714506668878	3.709197304356892	0.4074074558199565	0.07028507928619764	0.10396251588130645	320.6330722994335	113.0	2.8374608168091457	-519.2652653637451
4.0	648.0	350.0	1.1341301703921927	0.07046323665456208	70.13113224765239	0.3618200846283331	4.8834279266939955	0.37391446889462976	0.07028507928619764	0.10396251588130645	320.6330722994335	113.0	2.8374608168091457	-519.2652653637451
4.0	648.0	350.0	1.1174948425356341	0.05230245572219193	107.12613302302908	0.8153373428770206	14.600643654916626	0.6999022245721576	0.07028507928619764	0.10396251588130645	320.6330722994335	113.0	2.8374608168091457	-519.2652653637451
4.0	648.0	350.0	0.6321577788983508	0.10479364523497108	117.19419961709575	0.47030361448210967	2.606596063425762	0.5421754516007444	0.07028507928619764	0.10396251588130645	320.6330722994335	113.0	2.8374608168091457	-519.2652653637451
4.0	658.0	350.0	0.9758963699526045	0.09132786905183858	51.25721059179698	0.3461103472419007	3.0922004803736263	0.3515756967620441	0.07211487156355251	0.11409448927557463	330.60238772718805	113.0	2.925684847143257	-509.0127001420954
4.0	658.0	350.0	1.1357961355729695	0.0689408338500822	69.5046461203842	0.4279386592845254	5.821596020432407	0.4698667317492805	0.07211487156355251	0.11409448927557463	330.60238772718805	113.0	2.925684847143257	-509.0127001420954
4.0	658.0	350.0	1.012223379114911	0.0963746416428969	112.95852425754792	1.235080133643328	17.83603349310356	1.218977217022321	0.07211487156355251	0.11409448927557463	330.60238772718805	113.0	2.925684847143257	-509.0127001420954
4.0	658.0	350.0	2.1214834632752253	0.11005092180293194	120.32797176555012	0.22283558627273356	5.071473001402598	0.302177566052332	0.07211487156355251	0.11409448927557463	330.60238772718805	113.0	2.925684847143257	-509.0127001420954
3.0	668.0	350.0	0.6838013720588122	0.09745317962653892	51.53958797153977	1.0114103735369933	4.649886243189879	0.957847110529134	0.06816796020951645	0.13624866360063137	579.5477065820143	116.0	4.996100918810468	-460.1381559276969
3.0	668.0	350.0	1.2330922544750549	0.07575486491386796	69.63589270936889	0.7221058084340087	7.324101026000237	0.7681918512116849	0.06816796020951645	0.13624866360063137	579.5477065820143	116.0	4.996100918810468	-460.1381559276969
3.0	668.0	350.0	4.363684203270034	0.08240117620692973	122.02604515750312	0.12618878680491696	5.787237382688285	0.12618878876346273	0.06816796020951645	0.13624866360063137	579.5477065820143	116.0	4.996100918810468	-460.1381559276969
2.0	678.0	350.0	1.4066555672991778	0.050814661698313224	65.77001353621806	0.3766971917681653	9.031593567955493	0.3766974149051416	0.07208960617080083	0.10726063959032461	315.47821273598987	119.0	2.651077417949495	-529.0275007448964
2.0	678.0	350.0	4.030445252200855	0.07511070822886412	122.27569067855093	0.08894642842457573	4.133427367671069	0.08894642870782357	0.07208960617080083	0.10726063959032461	315.47821273598987	119.0	2.651077417949495	-529.0275007448964
2.0	688.0	350.0	2.0355956692433423	0.06444226312034951	65.03265718006416	0.22654641337639456	6.197325690860991	0.2265463917922101	0.08343830111295172	0.11797705574581473	259.90728444581634	119.0	2.1840948272757674	-516.6986888842514
2.0	688.0	350.0	2.7368252399571693	0.08423443488998843	121.62495380548371	0.12890698075915924	3.6272643962611895	0.12890709101484057	0.08343830111295172	0.11797705574581473	259.90728444581634	119.0	2.1840948272757674	-516.6986888842514
2.0	698.0	350.0	2.4320540873353074	0.0951459094683393	64.08571914284137	0.3094679691818102	6.851446513323427	0.30946833245519745	0.1550426575580437	0.1759618525677028	181.39508598077634	119.0	1.5243284536199693	-406.7564192367499
2.0	698.0	350.0	1.8570036955067482	0.12288765265578783	121.54910073126142	0.3138120079272263	4.106983221403018	0.31381228968656777	0.1550426575580437	0.1759618525677028	181.39508598077634	119.0	1.5243284536199693	-406.7564192367499
2.0	708.0	350.0	2.7222316022313433	0.09385712077165094	62.92106292447033	0.30592491175950687	7.684282428551123	0.30592491297434254	0.11995630471319942	0.18549628985106303	330.74421737877213	119.0	2.779363171250186	-395.8161202958374
2.0	708.0	350.0	1.1311991272427246	0.11560560620164051	121.38866623648373	0.5976193058899117	5.066512884968368	0.5976234582478424	0.11995630471319942	0.18549628985106303	330.74421737877213	119.0	2.779363171250186	-395.8161202958374
1.0	718.0	350.0	2.431387097797119	0.10912020836250831	61.7563225171904	0.42179948860494826	8.141205547738135	0.42180021256333955	0.13099410080128154	0.2277414188822978	407.13681807060226	122.0	3.337187033365592	-354.54630296330777
2.0	728.0	350.0	2.6373384923810668	0.09920938919252341	56.22778578340413	0.14336773576459824	3.2353682195112983	0.15023574481384944	0.07988396161704336	0.12879178216504636	342.9417825694417	119.0	2.881863719070939	-492.9273091906056
2.0	728.0	350.0	2.024463775540239	0.10241594210426401	69.03288342038934	0.18091824743836535	3.0229808143669974	0.18864696527055666	0.07988396161704336	0.12879178216504636	342.9417825694417	119.0	2.881863719070939	-492.9273091906056
3.0	8.0	360.0	1.5393007677766497	0.11485409331897889	17.34597379514902	0.8793869907041125	8.649404896227708	0.977779797964471	0.2643590682128878	0.23918038258609037	103.51890779623638	116.0	0.8924043775537619	-336.6164630352756
3.0	8.0	360.0	1.6184598853045606	0.2334828908858851	33.49875836709406	0.3711661773217992	2.3396285169398285	0.4172888337928078	0.2643590682128878	0.23918038258609037	103.51890779623638	116.0	0.8924043775537619	-336.6164630352756
3.0	8.0	360.0	1.6361040548055161	0.17920553412802406	51.96957976741832	0.4159385543489918	3.287310392191748	0.41613894413378943	0.2643590682128878	0.23918038258609037	103.51890779623638	116.0	0.8924043775537619	-336.6164630352756
3.0	28.0	360.0	3.5352878994703536	0.11474836608999302	27.696899663423395	0.3406753138356628	8.032640429752929	0.377118129447264	0.17824762849863052	0.20695561217128472	213.74066887079508	116.0	1.8425919730240954	-344.5239492471255
3.0	28.0	360.0	1.5830444024667596	0.1442334181984787	50.25609580960493	0.7197286800484497	4.97340450157939	0.8764186964451083	0.17824762849863052	0.20695561217128472	213.74066887079508	116.0	1.8425919730240954	-344.5239492471255
3.0	28.0	360.0	1.3144198883585383	0.14981988604263086	65.46385223537175	0.8315089737624366	4.505785928445515	0.8325827268755803	0.17824762849863052	0.20695561217128472	213.74066887079508	116.0	1.8425919730240954	-344.5239492471255
2.0	38.0	360.0	3.3492947032664584	0.17184684310380646	26.606444419181848	0.29290198601163775	6.666151828391294	0.38747156606546646	0.16984956918154967	0.20293498411333763	188.4190723081142	119.0	1.5833535488076824	-379.2043092071978
2.0	38.0	360.0	1.4410056611236184	0.11380353232806746	42.43936933780999	2.0293511154726733	19.894338652575478	1.1725368630945372	0.16984956918154967	0.20293498411333763	188.4190723081142	119.0	1.5833535488076824	-379.2043092071978
3.0	48.0	360.0	4.614730339743222	0.20975776617618005	25.080265739213306	0.5614073596221131	6.01553882947474	0.33866173215365336	0.12770337077616598	0.14435051457522047	164.8149366031774	116.0	1.4208184189929085	-460.3823738188103
3.0	48.0	360.0	2.535586069532251	0.1821097501910163	39.11404475096041	0.9841472934246837	6.08333907677445	0.7579883401927641	0.12770337077616598	0.14435051457522047	164.8149366031774	116.0	1.4208184189929085	-460.3823738188103
3.0	48.0	360.0	0.9878827275247586	0.07702872051835329	62.615126366946356	0.7506200403341038	6.9298638681688844	0.8108981159300301	0.12770337077616598	0.14435051457522047	164.8149366031774	116.0	1.4208184189929085	-460.3823738188103
3.0	58.0	360.0	5.185211100931427	0.18802601224834847	24.13383481531288	0.3764012679924145	5.33139525333692	0.25743615155692784	0.12401492470022947	0.1696922982509968	244.64880108219177	116.0	2.109041388639584	-418.3343751574791
3.0	58.0	360.0	3.6448650866547374	0.12253143263425177	38.4406779865488	0.5936367586898688	6.184271673199074	0.5134616207820536	0.12401492470022947	0.1696922982509968	244.64880108219177	116.0	2.109041388639584	-418.3343751574791
3.0	58.0	360.0	0.8655947631495028	0.09497843400136399	62.9066240855057	0.8676551132188859	6.306927702517815	0.9332343968898474	0.12401492470022947	0.1696922982509968	244.64880108219177	116.0	2.109041388639584	-418.3343751574791
3.0	68.0	360.0	4.4481739836521745	0.1743871015100748	23.937392666152437	0.34800067087647785	4.852498036426235	0.26838917918656896	0.11418383758869677	0.19371293375106724	371.9503425911825	116.0	3.2064684706136424	-386.61533481351
3.0	68.0	360.0	4.076852283110077	0.11527668983078966	38.42308111618111	0.4649378111341938	6.258585821810412	0.40807567187580074	0.11418383758869677	0.19371293375106724	371.9503425911825	116.0	3.2064684706136424	-386.61533481351
3.0	68.0	360.0	0.7924486213942366	0.12229041017778648	64.07103978073614	0.8579694746681001	4.772265984616763	0.8754766605922547	0.11418383758869677	0.19371293375106724	371.9503425911825	116.0	3.2064684706136424	-386.61533481351
3.0	78.0	360.0	3.16269003389331	0.10833547154082088	28.635409340825557	0.8284070229769184	7.303095719358385	0.5998695925875912	0.16676026225452373	0.14354035420845002	108.82296005134808	116.0	0.9381289659598973	-445.5582203473273
3.0	78.0	360.0	2.0952639398268755	0.34009256599585835	40.588165689799276	0.49765197894900326	4.107878035061298	0.45587700011238685	0.16676026225452373	0.14354035420845002	108.82296005134808	116.0	0.9381289659598973	-445.5582203473273
3.0	78.0	360.0	0.550966367507993	0.1001238223245678	63.805647753988396	0.9249226139601043	4.408247991002048	0.926183845237138	0.16676026225452373	0.14354035420845002	108.82296005134808	116.0	0.9381289659598973	-445.5582203473273
3.0	88.0	360.0	0.828119552088897	0.098017958449561	13.834788523644443	0.6959768753237924	4.292076622867633	0.653481877726262	0.11624822755693705	0.11115729916463134	140.1875006220535	116.0	1.208512936397013	-504.10826804500584
3.0	88.0	360.0	2.728433658678993	0.0617654611808598	30.67891091109981	0.3235397520463742	7.7981643346603455	0.3323111371201965	0.11624822755693705	0.11115729916463134	140.1875006220535	116.0	1.208512936397013	-504.10826804500584
3.0	88.0	360.0	0.5054360935394095	0.09430389141006532	62.19820730535865	0.669960813916363	3.1086509746451707	0.6702934823874629	0.11624822755693705	0.11115729916463134	140.1875006220535	116.0	1.208512936397013	-504.10826804500584
3.0	98.0	360.0	1.1333125026494317	0.05198456330719026	12.423578036116417	0.5827528092372755	5.889690570984457	0.5011765307471623	0.07738789034857632	0.08433790692807354	152.39654091674024	116.0	1.313763283765002	-595.3944980896124
3.0	98.0	360.0	2.2762395465942173	0.04866721105904676	29.35552318280652	0.3023260956629831	6.2744081088061305	0.2672930512448193	0.07738789034857632	0.08433790692807354	152.39654091674024	116.0	1.313763283765002	-595.3944980896124
3.0	98.0	360.0	0.5386598162008451	0.06514026421120432	61.10122806465604	0.43820613003123393	3.1390004312694764	0.43821497560688005	0.07738789034857632	0.08433790692807354	152.39654091674024	116.0	1.313763283765002	-595.3944980896124
2.0	108.0	360.0	0.6162545960646946	0.05351863832861558	11.326573549911462	1.0379106053453597	7.279677453581687	1.0974429542870419	0.08321966439020621	0.10431436814655384	197.75155534889774	119.0	1.6617777760411574	-551.5188208347679
2.0	108.0	360.0	1.386411705058033	0.07044160862833956	28.97851643804653	0.35201927608976635	4.550643184790588	0.33115699360611395	0.08321966439020621	0.10431436814655384	197.75155534889774	119.0	1.6617777760411574	-551.5188208347679
2.0	128.0	360.0	0.7291891928011679	0.046175396789342196	9.266146594881896	0.39478436826038293	5.39630916964425	0.40318823027117445	0.07059656992892431	0.07596679169830975	160.44315941635395	119.0	1.3482618438349072	-618.7783162025174
2.0	128.0	360.0	1.2030378152138856	0.058381085609425565	29.15602913741388	0.1892110846061005	3.349057170923885	0.19136368995664774	0.07059656992892431	0.07596679169830975	160.44315941635395	119.0	1.3482618438349072	-618.7783162025174
2.0	138.0	360.0	1.914137053720247	0.06302429191338732	9.997045436640086	0.1806399085565361	4.561163741569406	0.19045432505792068	0.09311184133290541	0.09044191055293878	143.51314083458792	119.0	1.2059927801225876	-563.512505507482
2.0	138.0	360.0	0.6297687988907098	0.061845915527387704	28.29487500334959	0.5595069381651712	4.755580372513553	0.5925263544279067	0.09311184133290541	0.09044191055293878	143.51314083458792	119.0	1.2059927801225876	-563.512505507482
3.0	148.0	360.0	1.41466177711736	0.06380063626594237	10.061487310946655	0.21014137905172559	3.763514520664325	0.2180792717910141	0.06800314743324978	0.0871007921703602	224.7288911083154	116.0	1.9373180267958223	-579.1624786341274
3.0	148.0	360.0	1.1062012757629618	0.05555172462254186	26.969938610030546	0.30931366445713326	5.11888943431767	0.3337358641307913	0.06800314743324978	0.0871007921703602	224.7288911083154	116.0	1.9373180267958223	-579.1624786341274
3.0	148.0	360.0	0.3254674470182008	0.051202468277611005	61.65751662642823	1.0508159437007738	5.7828182989876495	1.0508403005444085	0.06800314743324978	0.0871007921703602	224.7288911083154	116.0	1.9373180267958223	-579.1624786341274
2.0	158.0	360.0	1.5643014731414047	0.04748692668186387	27.600475619086833	0.2135080693033454	6.091112236547506	0.21351596862454306	0.06332049788535715	0.08726366670081216	240.8493950457051	119.0	2.023944496182396	-595.1924203395454
2.0	158.0	360.0	0.455580762958905	0.05493121943290258	61.11212836252646	0.633815579467338	4.551210414046992	0.633832712691529	0.06332049788535715	0.08726366670081216	240.8493950457051	119.0	2.023944496182396	-595.1924203395454
2.0	168.0	360.0	1.8769722634129578	0.04599675070407217	30.836301025216123	0.18190893671057443	6.425436055314518	0.1831529930068652	0.06595313035897309	0.08635785161879703	218.96597197925757	119.0	1.8400501846996435	-596.9155442505471
2.0	168.0	360.0	0.3331159064685912	0.04536329778730345	62.877654266800704	1.0392162027937923	6.608206486852893	1.0465098405415236	0.06595313035897309	0.08635785161879703	218.96597197925757	119.0	1.8400501846996435	-596.9155442505471
1.0	178.0	360.0	2.704568501124989	0.05353009056334454	33.7067390690447	0.1379878312841909	6.037545365704439	0.13798779128131147	0.06288285744912993	0.09896391000353595	315.36441351405415	122.0	2.5849542091315914	-569.9435346044195
1.0	188.0	360.0	2.308828543357892	0.06045858622771177	36.41869309967985	0.21684885865625492	7.171129478722385	0.21684870847028775	0.07461915515527871	0.1227538528209578	339.34307636548033	122.0	2.7815006259465602	-518.0022729281075
3.0	308.0	360.0	0.4972515179380869	0.0547974342394185	32.25548982686505	0.6003874323341258	4.564004517190619	0.6130476506042969	0.06726536344714774	0.08648200434570003	206.6995123034581	116.0	1.7818923474436044	-592.3431948275066
3.0	308.0	360.0	2.9055732379553043	0.04320293414687747	56.980671374003975	0.1305229496872159	7.524613419867178	0.13754855995882367	0.06726536344714774	0.08648200434570003	206.6995123034581	116.0	1.7818923474436044	-592.3431948275066
3.0	308.0	360.0	0.5590597373468329	0.05943327166750953	92.01955915538416	0.4742575672061941	3.863380974468284	0.47429578009645496	0.06726536344714774	0.08648200434570003	206.6995123034581	116.0	1.7818923474436044	-592.3431948275066
2.0	318.0	360.0	0.687133764632412	0.08192903573552396	34.66619743641321	0.7148391015002257	4.7380977776139614	0.731549801854847	0.08579491521609535	0.12799282874746354	302.87264790758525	119.0	2.5451483017444136	-490.6121854683207
2.0	318.0	360.0	3.5004706411599256	0.06625916681347774	57.418707541804125	0.17442447448738344	7.592027987288253	0.19035697399754825	0.08579491521609535	0.12799282874746354	302.87264790758525	119.0	2.5451483017444136	-490.6121854683207
1.0	328.0	360.0	2.9907283416557093	0.08873970556771275	55.587442144165266	0.3634105871047449	10.607444946205202	0.3634106790742287	0.09343106948987692	0.2135588119573322	689.7026432753833	122.0	5.653300354716256	-373.13948286614163
2.0	338.0	360.0	2.3162592926310093	0.05309381066590101	50.43409813069731	0.549117950585539	9.685092289758416	0.4869504384076973	0.10076372829741059	0.10043924976928377	174.3400139505984	119.0	1.4650421340386421	-519.4456224110309
2.0	338.0	360.0	3.117494121125585	0.14783461372621678	64.8125670959423	0.12190096214176807	3.433953466754719	0.17307962071784708	0.10076372829741059	0.10043924976928377	174.3400139505984	119.0	1.4650421340386421	-519.4456224110309
2.0	348.0	360.0	2.251710979075694	0.05225481153160081	53.70584370254703	0.41858815479403877	11.011114659815497	0.2917890745654071	0.08482469683475753	0.10012110024853275	196.2515659236985	119.0	1.6491728228882228	-547.6948213551412
2.0	348.0	360.0	2.6391849346130654	0.10853331994278335	64.44954205950457	0.1123576926117777	2.874844447305396	0.14534353432635483	0.08482469683475753	0.10012110024853275	196.2515659236985	119.0	1.6491728228882228	-547.6948213551412
1.0	358.0	360.0	2.4017767276086115	0.0777411273910018	57.76272968633672	0.3644296777087989	9.750503498907975	0.36442967622415945	0.07110841729617748	0.18385703043013402	840.0393205078316	122.0	6.885568200883865	-416.74552016768524
2.0	388.0	360.0	2.2662397420065354	0.12759577889481488	55.900020471680754	0.25855548674969425	3.9774078648350715	0.2585591307436013	0.06370953714524329	0.17757396459611205	1121.5824028548066	119.0	9.42506220886392	-401.3706263781221
2.0	388.0	360.0	0.37553636964948245	0.11875104684665092	83.69491673382407	1.6772327315349669	4.58801676223621	1.6772178146980496	0.06370953714524329	0.17757396459611205	1121.5824028548066	119.0	9.42506220886392	-401.3706263781221
2.0	398.0	360.0	4.310178212641011	0.15434724013358184	56.539240541092944	0.16205483845916133	3.908479617647724	0.16281770377977103	0.05946810812043276	0.22866944564143418	1848.2701749255002	119.0	15.531682142231094	-356.15544977363976
2.0	398.0	360.0	0.24305842835183702	0.11715401587595017	82.8012793819265	3.7863313583973106	6.8069036004669075	3.8192177138796572	0.05946810812043276	0.22866944564143418	1848.2701749255002	119.0	15.531682142231094	-356.15544977363976
2.0	408.0	360.0	6.245353602098055	0.627490467994246	55.990499609603255	0.1921672944466572	3.8332793410605	0.29030467539429394	0.06294782517589677	0.2848265129784025	2579.303483053811	119.0	21.674819185326143	-300.2802854299832
2.0	408.0	360.0	0.870664555207305	0.1834765743508337	67.78844162271088	5.814364084859714	8.41912495790467	4.115145604297425	0.06294782517589677	0.2848265129784025	2579.303483053811	119.0	21.674819185326143	-300.2802854299832
1.0	418.0	360.0	8.712074650157337	0.21694227882029857	55.896061375016934	0.1216110537212813	4.229061252155466	0.1216108401089726	0.06776348043563984	0.3341923078232832	3124.4905097120145	122.0	25.610577948459134	-264.5938696132632
1.0	428.0	360.0	9.833797149809609	0.23101726415738164	54.82881654746996	0.11991148384699625	4.420120440089908	0.11991130451238756	0.06634141755473316	0.3619219902761991	3863.5784258702315	122.0	31.668675621887143	-243.3558007865163
3.0	438.0	360.0	9.954363119841528	0.2752117540081359	53.67645459406983	0.16011035308734073	5.015526007624436	0.16011047222022443	0.05887249284023816	0.45249469582017504	7511.453352724232	116.0	64.75390821313994	-176.54629672712107
3.0	438.0	360.0	0.49540837932850956	0.3999922156710127	91.07370442426752	2.214044371602199	2.3742334945508734	2.2147073343567	0.05887249284023816	0.45249469582017504	7511.453352724232	116.0	64.75390821313994	-176.54629672712107
3.0	438.0	360.0	0.45511596282007366	0.2716544017806059	188.66427963298344	3.56799000464934	5.182057545797618	3.609270597308608	0.05887249284023816	0.45249469582017504	7511.453352724232	116.0	64.75390821313994	-176.54629672712107
1.0	448.0	360.0	8.988464360882643	0.25217432206726714	54.40035984224677	0.20194396351724245	6.233049946362003	0.20194372671770602	0.20192925963619107	0.4778245759646996	700.7251333414179	122.0	5.743648633946048	-178.4842148920786
1.0	458.0	360.0	8.25959740849929	0.22842349071691792	56.34210340828825	0.23844846683972987	7.4663946243078225	0.23844831886656925	0.24194573468155392	0.4559180739381855	479.7241659992633	122.0	3.9321652950759285	-180.64826029903838
2.0	468.0	360.0	8.41307803959421	0.15358265937120905	52.35142912407486	0.11909130203287237	3.8835665949429004	0.11780933295848658	0.0747002834444215	0.1780926356185858	1126.9680613270898	119.0	9.470319843084788	-360.98442909845517
2.0	468.0	360.0	6.650162296720835	0.14850002280133784	64.90963089863054	0.15613880671092178	4.185413482920566	0.15872707646517992	0.0747002834444215	0.1780926356185858	1126.9680613270898	119.0	9.470319843084788	-360.98442909845517
2.0	478.0	360.0	8.131471216914937	0.18047089338752145	50.9424760392252	0.1015840912077047	3.616596274452042	0.10674471882701762	0.048805243322212095	0.25339713962961624	3416.250713632183	119.0	28.70798919018641	-328.76936618093526
2.0	478.0	360.0	6.173948378564767	0.16727921828283573	65.5802625451687	0.1446183715241131	4.308788507705118	0.15645141134216609	0.048805243322212095	0.25339713962961624	3416.250713632183	119.0	28.70798919018641	-328.76936618093526
3.0	488.0	360.0	9.16977898579182	0.1093815834728468	50.12903836558095	0.04730716072226921	3.4015062200397113	0.04835933167811614	0.0588634325558639	0.1450430639936043	788.4780320049683	116.0	6.7972244138359335	-458.3447367267073
3.0	488.0	360.0	4.467477131346352	0.20626594495105838	65.70966705243704	0.12884513949927792	3.7093949185083996	0.164427422564989	0.0588634325558639	0.1450430639936043	788.4780320049683	116.0	6.7972244138359335	-458.3447367267073
3.0	488.0	360.0	1.0680904181381203	0.07072080771990683	79.84654092162712	1.6161279881781305	8.91899943599673	1.4271422548283716	0.0588634325558639	0.1450430639936043	788.4780320049683	116.0	6.7972244138359335	-458.3447367267073
2.0	498.0	360.0	9.989888758464152	0.14113064332740252	50.25273899538583	0.05722638110748765	3.3590028597747823	0.05887613087378387	0.06255384431102336	0.16308559749273605	1193.6451323387312	119.0	10.030631364191018	-398.16336870824574
2.0	498.0	360.0	3.5767205907139026	0.11749801027597176	66.87037076023441	0.19224683980024163	4.974121276439372	0.20439311710028	0.06255384431102336	0.16308559749273605	1193.6451323387312	119.0	10.030631364191018	-398.16336870824574
2.0	508.0	360.0	8.598788599191224	0.13862042199211122	50.67295505357254	0.08193934132599272	3.535159491434251	0.07973364213436412	0.09004036524641325	0.1368719107086049	545.6351020288607	119.0	4.585168924612275	-404.9578492434541
2.0	508.0	360.0	3.5704558073315464	0.10635214433877478	65.55130314757263	0.2606290993302521	5.9790059767391766	0.2847023425100593	0.09004036524641325	0.1368719107086049	545.6351020288607	119.0	4.585168924612275	-404.9578492434541
2.0	518.0	360.0	5.025803180041419	0.09286057495189978	51.36822424846563	0.10774312988654157	3.772431711983786	0.10571535226365257	0.07313728328833971	0.10749230144405458	416.76967222589406	119.0	3.5022661531587738	-490.6148899397143
2.0	518.0	360.0	3.8188012393589745	0.08145217580308134	65.3947875608367	0.16310285935495225	5.053325168171246	0.17466333123076022	0.07313728328833971	0.10749230144405458	416.76967222589406	119.0	3.5022661531587738	-490.6148899397143
2.0	528.0	360.0	2.755103821553262	0.05895479377010518	53.21868897509676	0.10972498693776575	3.6688802848227207	0.11399673857434012	0.06511988627556475	0.07849879520795729	208.10679940781603	119.0	1.7487966336791263	-606.4522528467619
2.0	528.0	360.0	2.74225530579345	0.05545446197894563	66.75554969301197	0.11772339271324377	4.26680043942805	0.12720262066979401	0.06511988627556475	0.07849879520795729	208.10679940781603	119.0	1.7487966336791263	-606.4522528467619
2.0	538.0	360.0	3.1100529398365357	0.07200749542468216	54.26904320980845	0.12846821473495035	4.672427119390351	0.13839199925908147	0.05849011780901706	0.10638799381559198	477.63052659498015	119.0	4.013701904159497	-529.4470345084063
2.0	538.0	360.0	1.8588432208709558	0.09058061246599163	68.71288949957835	0.170285614928881	2.841607827572776	0.17431160164457818	0.05849011780901706	0.10638799381559198	477.63052659498015	119.0	4.013701904159497	-529.4470345084063
1.0	548.0	360.0	3.5161094067823018	0.11510349730941781	55.5418546866885	0.2042606983546421	5.4029266457101945	0.20426029997539058	0.07101983674806246	0.19035749979315358	1023.0584142698133	122.0	8.385724707129617	-392.41924654045454
1.0	558.0	360.0	4.248422091319293	0.11164163922480026	56.8260510725653	0.12642996803900824	4.166337276124651	0.12642979930092296	0.06578003746697571	0.1510497257360917	865.0686359088837	122.0	7.090726523843309	-432.54782786617903
2.0	568.0	360.0	4.693549790303293	0.09039102372199044	57.77064239341827	0.09955120976237752	4.476650079763478	0.09955124250390643	0.07057836796648934	0.137413142592829	516.2513632567211	119.0	4.33824675005648	-472.7610256793642
2.0	568.0	360.0	0.6266555908713356	0.09787722882096193	87.41182912706994	0.6887278732201435	3.8165487250994437	0.6887184897795324	0.07057836796648934	0.137413142592829	516.2513632567211	119.0	4.33824675005648	-472.7610256793642
2.0	578.0	360.0	3.99016883419126	0.07830851450568213	59.02094781657503	0.12211410697673938	5.389273962663519	0.12229405729629711	0.10127774454296505	0.13167122594941721	226.34021468596194	119.0	1.9020186108064028	-485.5445950886565
2.0	578.0	360.0	0.7123440027294298	0.08321749615878983	86.45215291386475	0.6437236447513361	4.770847469169188	0.6445903309328934	0.10127774454296505	0.13167122594941721	226.34021468596194	119.0	1.9020186108064028	-485.5445950886565
2.0	588.0	360.0	2.684422842328692	0.08416803845817968	61.12681696014727	0.24715840994255125	6.392757254914656	0.26671469762994277	0.08958494941157424	0.12836773360070702	381.55440217342203	119.0	3.20633951406237	-450.9376597036551
2.0	588.0	360.0	0.7442153675240835	0.09006153287888319	83.20438344719393	0.8319021930573265	5.474868261300813	0.8758068875548456	0.08958494941157424	0.12836773360070702	381.55440217342203	119.0	3.20633951406237	-450.9376597036551
2.0	598.0	360.0	1.9634499616724086	0.06440970804019489	63.5098383046992	0.413909262329557	10.755568901619494	0.4397871755120644	0.11301461618384966	0.12785134235794368	237.35883557706816	119.0	1.9946120636728417	-452.1902494439994
2.0	598.0	360.0	0.5066308895703433	0.16118566262506046	86.12628025879599	0.614927597551467	1.5981014817403518	0.5731334748908125	0.11301461618384966	0.12785134235794368	237.35883557706816	119.0	1.9946120636728417	-452.1902494439994
2.0	608.0	360.0	1.6614775106785737	0.13652140307960503	50.544493561603495	0.3983259709402164	3.6946511967984863	0.39273132458604837	0.09705384515616369	0.15512174276520407	396.428932772376	119.0	3.331335569515765	-426.1375916255861
2.0	608.0	360.0	2.19811671164228	0.0878301183078056	66.76254115807312	0.474553497922626	7.460255186424968	0.5107327964875809	0.09705384515616369	0.15512174276520407	396.428932772376	119.0	3.331335569515765	-426.1375916255861
3.0	618.0	360.0	1.6992911569390157	0.09462392276927195	51.367835103550384	0.4996718549548943	4.951225655184367	0.4660629265230903	0.06743382366987904	0.14564011904238605	626.4973008434437	116.0	5.4008388003745145	-453.1080795384976
3.0	618.0	360.0	2.1465366303187694	0.08619404773065552	67.42897045091172	0.4313945426763782	5.823915256852761	0.4279431143662991	0.06743382366987904	0.14564011904238605	626.4973008434437	116.0	5.4008388003745145	-453.1080795384976
3.0	618.0	360.0	0.512262683563883	0.10741578759972925	100.72122020738635	0.8724258432405757	3.6013533060224576	0.8724145580062603	0.06743382366987904	0.14564011904238605	626.4973008434437	116.0	5.4008388003745145	-453.1080795384976
3.0	628.0	360.0	1.2933226135415639	0.0751936037147363	51.620443071201755	0.6291437117328209	5.872193711828598	0.6194226071952164	0.06603370978504143	0.13206743071517962	503.18239111060916	116.0	4.337779233712148	-485.7523891589078
3.0	628.0	360.0	1.6945785836848828	0.07978048316644802	68.31636490431742	0.4540501525570462	5.277237350014801	0.4288974086711113	0.06603370978504143	0.13206743071517962	503.18239111060916	116.0	4.337779233712148	-485.7523891589078
3.0	628.0	360.0	0.8122171284315491	0.07749971249844666	100.5883791380921	0.5872152162543943	5.332320557817289	0.5872939092010362	0.06603370978504143	0.13206743071517962	503.18239111060916	116.0	4.337779233712148	-485.7523891589078
4.0	648.0	360.0	1.4282336270488403	0.060757321081098124	51.590134354577444	0.22544355103685496	4.417632550861396	0.2389806524453882	0.07539169874640379	0.0883669604791	186.28679038996316	113.0	1.6485556671678157	-569.6071081787934
4.0	648.0	360.0	1.5854582019513657	0.062175641399286025	68.57829578463269	0.2042711044537972	4.233596811276931	0.22068822530756532	0.07539169874640379	0.0883669604791	186.28679038996316	113.0	1.6485556671678157	-569.6071081787934
4.0	648.0	360.0	0.6246088329720634	0.037386725709934024	101.90951539662277	1.0528897847930039	12.5318750020189	1.2310376630075746	0.07539169874640379	0.0883669604791	186.28679038996316	113.0	1.6485556671678157	-569.6071081787934
4.0	648.0	360.0	0.3983407565724584	0.08895849109330328	121.7303071730113	0.5878924666913067	2.523038755344372	0.7052078255116979	0.07539169874640379	0.0883669604791	186.28679038996316	113.0	1.6485556671678157	-569.6071081787934
4.0	658.0	360.0	1.2583634036833664	0.06095008014462014	53.06801902238312	0.3108347731109378	4.443223180690829	0.3259107727940558	0.06535988400737175	0.09223279291279675	250.7835728168341	113.0	2.2193236532463194	-568.1413652185464
4.0	658.0	360.0	1.4927668473734599	0.061310621631658034	68.09201726272269	0.2657884272636122	4.541758115128019	0.29427459956702623	0.06535988400737175	0.09223279291279675	250.7835728168341	113.0	2.2193236532463194	-568.1413652185464
4.0	658.0	360.0	0.5206784654482763	0.04053686037551403	108.67060516383748	1.7037835916285153	17.694950564446625	1.4014636820848299	0.06535988400737175	0.09223279291279675	250.7835728168341	113.0	2.2193236532463194	-568.1413652185464
4.0	658.0	360.0	1.6075138036161734	0.07571606319632898	121.53798008529124	0.18166947931370397	3.6004500208509036	0.2137553585145732	0.06535988400737175	0.09223279291279675	250.7835728168341	113.0	2.2193236532463194	-568.1413652185464
3.0	668.0	360.0	0.9155432583082165	0.08606548363586385	53.13211054220998	0.6259244032355207	4.030738262265185	0.5467387237869756	0.08712229825880757	0.10768717408620421	191.23313389812535	116.0	1.6485614991217703	-537.3979448463107
3.0	668.0	360.0	1.4280297604755743	0.061690071878002635	67.01645632036602	0.5206178041168058	5.914377785530634	0.5076863039802941	0.08712229825880757	0.10768717408620421	191.23313389812535	116.0	1.6485614991217703	-537.3979448463107
3.0	668.0	360.0	3.3908125288994375	0.07319438585090964	122.51926960755112	0.09853623119795422	3.95328887382414	0.09853626081457922	0.08712229825880757	0.10768717408620421	191.23313389812535	116.0	1.6485614991217703	-537.3979448463107
2.0	678.0	360.0	1.6639050980745473	0.059646183666305724	63.96529835370787	0.33357745755992435	8.059233074881655	0.3335775755619728	0.0669929792569685	0.126577153376587	449.14589285507736	119.0	3.7743352340762804	-503.2007454072734
2.0	678.0	360.0	3.7405038549678675	0.09643132052946855	122.62328460572428	0.09178406301280323	3.0832422220678772	0.09178405117430297	0.0669929792569685	0.126577153376587	449.14589285507736	119.0	3.7743352340762804	-503.2007454072734
2.0	688.0	360.0	2.190384670536252	0.053124746922603605	64.24307024834373	0.17987327496915048	6.4229757592021315	0.17987334398783658	0.07293930198124313	0.09922425049624897	239.55053297839916	119.0	2.0130296888941106	-560.5137200792286
2.0	688.0	360.0	3.008679728780274	0.08119936038741431	122.18107218373339	0.08567617106689938	2.749241540830638	0.08567579038966923	0.07293930198124313	0.09922425049624897	239.55053297839916	119.0	2.0130296888941106	-560.5137200792286
2.0	698.0	360.0	2.507365033214803	0.05922622553810614	63.28958622851887	0.18421494519688114	6.753850141120616	0.18421491250803185	0.07135467344694592	0.11426413158111089	327.14507327142536	119.0	2.749118262785087	-527.0499967724288
2.0	698.0	360.0	1.7760897488027267	0.08676867178057371	122.27203675355909	0.1775111323094474	3.1467313829490307	0.17751114698846435	0.07135467344694592	0.11426413158111089	327.14507327142536	119.0	2.749118262785087	-527.0499967724288
2.0	708.0	360.0	2.7081187045132284	0.06289378035436129	62.584639498634495	0.19343810150395035	7.213688563367883	0.19343819774189921	0.07164785633163137	0.1257958700640297	390.7963787865738	119.0	3.2840031830804524	-503.80203195093713
2.0	708.0	360.0	0.8147068980407873	0.08024275862032385	122.23858661276792	0.5039986402951041	4.43121358501704	0.5039979141411552	0.07164785633163137	0.1257958700640297	390.7963787865738	119.0	3.2840031830804524	-503.80203195093713
1.0	718.0	360.0	2.428564844868796	0.0811831659567949	62.850523991854494	0.2960448127718304	7.6706531487075384	0.29604514047414565	0.11431610272669213	0.14805344048507774	278.8191777350416	122.0	2.2854030961888654	-435.9157434727729
2.0	728.0	360.0	2.091397194486379	0.09712925082201794	57.5781475543821	0.2785669969858328	4.283323009445162	0.3055875397345298	0.09959125211144161	0.1256906699589828	268.1192711478395	119.0	2.253103118889408	-468.56859948162685
2.0	728.0	360.0	2.676293269596983	0.11804296493943782	69.07378170261373	0.17684087945219165	2.7855474342904887	0.17495807605799762	0.09959125211144161	0.1256906699589828	268.1192711478395	119.0	2.253103118889408	-468.56859948162685
3.0	738.0	360.0	1.5213098643298857	0.09622251732135237	57.30513298242859	0.33779468186976236	4.165540268413677	0.3709305101928765	0.06910834282659513	0.13572896329818185	523.8502941469735	116.0	4.515950811611841	-469.34321159418045
3.0	738.0	360.0	2.4998511077760095	0.111109534889773	69.83487904685762	0.17680212417099117	2.976904295079727	0.18138899960719312	0.06910834282659513	0.13572896329818185	523.8502941469735	116.0	4.515950811611841	-469.34321159418045
3.0	738.0	360.0	0.41104822391563134	0.11433584311115656	106.52750659370416	0.8964987829266151	2.7950834268308675	0.8965447597843461	0.06910834282659513	0.13572896329818185	523.8502941469735	116.0	4.515950811611841	-469.34321159418045
2.0	38.0	370.0	3.4487461415679643	0.1401701603621544	29.26487918109454	0.5296495692150518	8.71194970191077	0.41172351809307833	0.14784193908916757	0.1855140593305137	197.76265239366487	119.0	1.6618710285181921	-407.8467932208208
2.0	38.0	370.0	0.8483648295383217	0.0755040065949686	56.18311037906942	3.0674622905523665	12.694349995384362	2.605798956198107	0.14784193908916757	0.1855140593305137	197.76265239366487	119.0	1.6618710285181921	-407.8467932208208
2.0	48.0	370.0	3.4444079360422006	0.0797943391472223	31.159896123701408	0.29378293805244904	10.655972147610521	0.31740942895884733	0.1300342656312977	0.18974991637218858	270.0810888872219	119.0	2.269588982245562	-400.9763927356723
2.0	48.0	370.0	0.7381419608387559	0.10220080101333402	63.33838262473744	1.0656552127320642	6.234037019916477	1.0882911566581008	0.1300342656312977	0.18974991637218858	270.0810888872219	119.0	2.269588982245562	-400.9763927356723
3.0	58.0	370.0	3.644113241411547	0.16432995033159487	26.473639018534204	0.7175303089045685	6.139547939131429	0.47645759067079885	0.10686391034096623	0.1627498944672354	292.78653356348866	116.0	2.5240218410645574	-433.09330613391785
3.0	58.0	370.0	3.3415376181254746	0.2162480339432521	40.24381821061333	0.6255267518157491	5.4248396937603705	0.5487411713703578	0.10686391034096623	0.1627498944672354	292.78653356348866	116.0	2.5240218410645574	-433.09330613391785
3.0	58.0	370.0	0.7604660159103571	0.08133977753988877	61.233291179728965	1.4113905938164288	7.851634086074393	1.4761805230551666	0.10686391034096623	0.1627498944672354	292.78653356348866	116.0	2.5240218410645574	-433.09330613391785
3.0	68.0	370.0	2.5589502135818942	0.26147942363244847	24.32263835005408	0.6948194582458687	5.055554891655247	0.4729302672090384	0.11534289099452205	0.16886585987667396	292.03611433490914	116.0	2.5175527097836996	-414.3257970730968
3.0	68.0	370.0	3.655949164897379	0.11326224462902774	38.635504140353575	0.6947175888110271	7.0546206517245	0.5886000667278795	0.11534289099452205	0.16886585987667396	292.03611433490914	116.0	2.5175527097836996	-414.3257970730968
3.0	68.0	370.0	0.7045462301320679	0.104573914621616	63.74145425721884	0.9737818204734942	5.25931991547694	1.018822634040496	0.11534289099452205	0.16886585987667396	292.03611433490914	116.0	2.5175527097836996	-414.3257970730968
2.0	78.0	370.0	2.668942656396255	0.065753121836368	33.567264623649706	0.27952882357621905	9.811006757373923	0.2890666316637937	0.10692305572693521	0.14520859918059434	255.98832720900415	119.0	2.1511624135210434	-456.5973240700502
2.0	78.0	370.0	0.6930004154400432	0.09875562616429481	63.97026968357586	0.7152364477486448	4.271015799208381	0.7214453539921388	0.10692305572693521	0.14520859918059434	255.98832720900415	119.0	2.1511624135210434	-456.5973240700502
2.0	88.0	370.0	2.0394023249359816	0.05240428791041498	30.462644582366867	0.29498235113971366	9.948300351127333	0.3004598637859031	0.09060843514876758	0.12323428468156691	231.5203930466103	119.0	1.9455495214000866	-510.5458494558725
2.0	88.0	370.0	0.6362413043469491	0.08192054923516152	62.66389631241547	0.6042588637799108	4.02933478914153	0.6073239361975064	0.09060843514876758	0.12323428468156691	231.5203930466103	119.0	1.9455495214000866	-510.5458494558725
3.0	98.0	370.0	1.0521919807799867	0.08512526098601983	27.064749700614367	0.8018121802000334	15.751115252652873	1.0558800701975024	0.09565263282193952	0.10104183482134987	200.03340257996936	116.0	1.7244258843100808	-508.42146855675435
3.0	98.0	370.0	1.2969032753778986	0.11162765570709443	29.836708436754023	0.28223682883405654	3.390986474129013	0.3605469368031412	0.09565263282193952	0.10104183482134987	200.03340257996936	116.0	1.7244258843100808	-508.42146855675435
3.0	98.0	370.0	0.5473553688988491	0.0880949359797339	62.09024138820075	0.6692184776654747	3.6096831366207516	0.6997358056036186	0.09565263282193952	0.10104183482134987	200.03340257996936	116.0	1.7244258843100808	-508.42146855675435
2.0	128.0	370.0	0.6390475895432358	0.073889241173789	8.03200357540909	0.6013463418770826	4.505091393798272	0.6023633594718276	0.07259664647824522	0.11683130758663318	327.7940735672193	119.0	2.7545720467833554	-522.4882919092951
2.0	128.0	370.0	1.8191907177306317	0.08547502034784786	29.219504192467056	0.18262534717738393	3.3649340354508697	0.1828716905354032	0.07259664647824522	0.11683130758663318	327.7940735672193	119.0	2.7545720467833554	-522.4882919092951
2.0	138.0	370.0	1.7608926684898445	0.06411003755170651	8.817478754812536	0.1810228572650381	4.306829827649708	0.1816705721379478	0.05964586116208307	0.09960625465714842	349.1313730479191	119.0	2.933877084436295	-563.7289475070132
2.0	138.0	370.0	1.1997260342827571	0.07072379993494815	29.03118846419417	0.24082979628469972	3.5378702428934954	0.2415639904947504	0.05964586116208307	0.09960625465714842	349.1313730479191	119.0	2.933877084436295	-563.7289475070132
2.0	148.0	370.0	1.4750315923610278	0.05652707390704994	9.170365542334245	0.1780502001057322	3.9595641908928503	0.18426434311906303	0.06774763975336087	0.0788098975538775	190.85107640668394	119.0	1.6037905580393608	-607.3820897052684
2.0	148.0	370.0	1.407732196277276	0.0543817193748032	26.545752048441038	0.19392684459951817	4.294240461168807	0.20158198613855907	0.06774763975336087	0.0788098975538775	190.85107640668394	119.0	1.6037905580393608	-607.3820897052684
1.0	158.0	370.0	1.7852547008928876	0.06646088337513481	26.972185923973388	0.25245074915980364	5.872125042583681	0.25245042016123215	0.06871810781910632	0.09286142529302353	395.93997486522824	122.0	3.2454096300428543	-519.3170236029031
1.0	168.0	370.0	1.4944468088780787	0.06178859744130342	30.636140010849346	0.3165042757134177	6.629148437024878	0.31650409704151056	0.08013427090347759	0.10052925130501121	284.09772043828707	122.0	2.3286698396580907	-522.3873502671141
2.0	178.0	370.0	2.34633104611769	0.04220940825626974	32.625891542900206	0.11906149472225507	5.73173210596282	0.11907001286144787	0.06752681010833235	0.06883505838205162	157.44716052200684	119.0	1.3230853825378726	-632.2487568953941
2.0	178.0	370.0	0.37801161792482646	0.04256771756189829	67.39555028807007	0.7327104663003977	5.636992869327451	0.7327658929586205	0.06752681010833235	0.06883505838205162	157.44716052200684	119.0	1.3230853825378726	-632.2487568953941
2.0	188.0	370.0	2.640124388281548	0.05309484146380199	34.181687035601406	0.1508719681200606	6.497386073496142	0.15088164388084252	0.07373857391199909	0.10071324465753469	236.82256043161652	119.0	1.990105549845517	-559.2207628783902
2.0	188.0	370.0	0.3892583765659795	0.06572088831727235	67.55139311357215	0.8266920153355213	4.240635438319701	0.8267341436276121	0.07373857391199909	0.10071324465753469	236.82256043161652	119.0	1.990105549845517	-559.2207628783902
2.0	298.0	370.0	0.5925614567166884	0.08678085468033772	30.590662042091715	0.6003014355717797	3.530621927488645	0.6043856991561196	0.0888810798230783	0.12150203232748621	236.1429698610393	119.0	1.984394704714616	-512.8866706190015
2.0	298.0	370.0	2.5678820729007	0.06425705811984295	54.14615032283785	0.1871133726111965	6.4789062483751705	0.18985019168164383	0.0888810798230783	0.12150203232748621	236.1429698610393	119.0	1.984394704714616	-512.8866706190015
2.0	308.0	370.0	0.48016678828586584	0.08730670227571372	31.176680224229386	0.720535610154222	3.413833020580136	0.7236247056127331	0.08728214193988776	0.11779975426792211	240.09007991099546	119.0	2.017563696731054	-515.352928706003
2.0	308.0	370.0	2.9925111338269588	0.06000941279417379	56.910001931191644	0.16822659238015908	7.270432827152776	0.17011845163578518	0.08728214193988776	0.11779975426792211	240.09007991099546	119.0	2.017563696731054	-515.352928706003
1.0	318.0	370.0	3.6222781890083047	0.07437399708591182	58.5961946404646	0.1727440573097415	7.286588546738415	0.1727441606460481	0.0914988669296875	0.14932095035532333	346.99936705566967	122.0	2.8442571070136857	-464.23102019038055
1.0	328.0	370.0	4.146844406105559	0.0970505339124731	59.486572262227135	0.2052910571829273	7.596913939055586	0.20529112138065023	0.11777339428255572	0.19343598855464286	371.82710373447065	122.0	3.0477631453645135	-392.483817812359
1.0	338.0	370.0	4.820053781366241	0.12760193529117259	61.130701867316816	0.21211905536521594	6.938984034451164	0.21211901434082353	0.17781797457467904	0.23796388507403415	257.56012845841224	122.0	2.1111485939214116	-335.38128365169104
1.0	348.0	370.0	5.472934172874451	0.1355488548499644	61.712262388069625	0.17025741176245857	5.952869073192028	0.17025724665611094	0.1030867916460641	0.24550266249939326	741.9055692326532	122.0	6.081193190431583	-339.4324729852676
1.0	358.0	370.0	5.190494017575885	0.11878750511198449	61.405681410760835	0.1465242978811038	5.544370048659578	0.1465241794767025	0.08329356278068979	0.20951748607418014	812.8337010793255	122.0	6.66257132032234	-381.3194023839812
1.0	368.0	370.0	3.988026222699947	0.08198021107710379	60.54867518837855	0.12487450228743023	5.260352822819726	0.12487434103359875	0.06599975735953224	0.14243689055936296	585.0425225133307	122.0	4.79543051240435	-480.604703915188
1.0	378.0	370.0	2.5460569051019903	0.10881480380345755	58.9869232429484	0.26036116729705155	5.275396386048565	0.26036088835648047	0.36105376468786626	0.14466160321350566	34.5399785969195	122.0	0.28311457866327455	-409.45663530189574
2.0	388.0	370.0	2.1269195527737947	0.13036797162299443	58.07725506410848	0.33133625573233333	4.68051049868797	0.3313354725403521	0.07058193421798999	0.19999493093633677	1122.8093420505982	119.0	9.435372622273935	-375.62397128283726
2.0	388.0	370.0	0.699649572484099	0.15222431418837884	86.37195959154593	0.8625715270156608	3.433439422187357	0.8625727860401174	0.07058193421798999	0.19999493093633677	1122.8093420505982	119.0	9.435372622273935	-375.62397128283726
2.0	398.0	370.0	3.3594445601103984	0.1218679080532176	57.77066587877914	0.18780148681209988	4.4837856703182934	0.1878017859515739	0.05778239433459473	0.19212414027980762	1402.1950186617808	119.0	11.783151417325888	-397.87086947220496
2.0	398.0	370.0	0.5410779825783508	0.14945426213482485	88.47783843507612	0.9508238471813254	2.9811385740291523	0.9508238164929318	0.05778239433459473	0.19212414027980762	1402.1950186617808	119.0	11.783151417325888	-397.87086947220496
2.0	408.0	370.0	5.054035312992741	0.15391394310173834	57.15827235026103	0.17444727360272422	4.844672817820177	0.17804652914005953	0.05950566177530629	0.2532355083123102	2266.7752318643356	119.0	19.0485313602045	-330.48411930355115
2.0	408.0	370.0	0.30843102923155774	0.1240607922037144	83.32948351964922	3.5487795942112688	7.59195899619065	3.703555464654945	0.05950566177530629	0.2532355083123102	2266.7752318643356	119.0	19.0485313602045	-330.48411930355115
1.0	418.0	370.0	7.095308790335951	0.16790356676658724	56.587769489448156	0.13606391128667505	4.9800597677816105	0.13606415921582862	0.06353392196967746	0.28451255120636043	2506.822081061114	122.0	20.547721975910772	-308.2381541838682
1.0	428.0	370.0	8.608784982937614	0.13645755132067855	55.619237793723975	0.10091798857182786	5.514108043733046	0.10091808915603061	0.06410244458279081	0.24242346890436786	1800.9993782828783	122.0	14.762289985925232	-347.3452868580512
1.0	438.0	370.0	9.468143697951685	0.19765006473303878	54.21431826647868	0.14530733369343896	6.027784945168893	0.14530722177170155	0.06879668591845646	0.3672790595857747	3586.319797041234	122.0	29.39606391017405	-243.57891472242218
1.0	448.0	370.0	9.75242471159174	0.24205835939495915	54.28645993657373	0.18124996319085834	6.323396945870766	0.18124973395255067	0.1591352327489245	0.46001637099412596	1054.642323803042	122.0	8.644609211500345	-186.91982675977056
1.0	458.0	370.0	9.63736198777116	0.24711132026846055	55.220070913964925	0.19784959816391384	6.682048443903636	0.19784949669553828	0.2530691090117471	0.46956197124311916	459.2451965755975	122.0	3.7643048899639138	-174.8643514193159
1.0	468.0	370.0	8.580769157144042	0.2711450637969181	55.586395857241804	0.2730929408991358	7.485080337378095	0.2730930983548511	0.1742781321883103	0.5481052857944377	1305.8913011786692	122.0	10.70402705884155	-137.48478143196874
2.0	478.0	370.0	8.356789427915286	0.14363953089106327	51.32091361907188	0.11023459089823207	3.787213208506844	0.10393951907734446	0.11612922390689467	0.18916718543009275	382.34163174243173	119.0	3.212954888591863	-385.800963325993
2.0	478.0	370.0	4.905805015700242	0.12554679727050458	64.45703195195982	0.21448216691584848	4.883147085466578	0.22056848973509394	0.11612922390689467	0.18916718543009275	382.34163174243173	119.0	3.212954888591863	-385.800963325993
2.0	488.0	370.0	7.486661210862845	0.11329320640198627	50.111888174324946	0.06935895337865383	3.349728556940491	0.06911980025059365	0.06921648619434569	0.147710862757067	613.5781209935741	119.0	5.156118663811547	-456.0429549102149
2.0	488.0	370.0	4.120959195388641	0.08794682744009799	65.23953789413802	0.16486402432427438	5.79241859711835	0.18266563971551902	0.06921648619434569	0.147710862757067	613.5781209935741	119.0	5.156118663811547	-456.0429549102149
2.0	498.0	370.0	7.129521433949253	0.11295971260545276	49.92833966997563	0.0712134999648942	3.2875806776532075	0.07008989223398537	0.05659451117757966	0.12684625764746907	825.2723739175649	119.0	6.935061965693823	-469.3239860338774
2.0	498.0	370.0	3.807185087085105	0.08066510505649735	64.70286998712508	0.19036986931711736	6.240453354876268	0.20943107585948195	0.05659451117757966	0.12684625764746907	825.2723739175649	119.0	6.935061965693823	-469.3239860338774
2.0	508.0	370.0	5.573159408194776	0.1557097175639438	50.461646782569126	0.13602460775416172	3.665410104900041	0.11868487869322678	0.06139314112521881	0.13771955232605934	736.4538143439031	119.0	6.188687515494984	-463.2108267518163
2.0	508.0	370.0	3.7995332658656666	0.08314060900783642	63.19479597332654	0.31800093105840976	6.198520688624662	0.29547712840804524	0.06139314112521881	0.13771955232605934	736.4538143439031	119.0	6.188687515494984	-463.2108267518163
2.0	518.0	370.0	3.7328592482110112	0.0807258771151801	58.588805049187606	0.2296637134341652	9.197525290015303	0.22976945690014342	0.060101430952031284	0.18284792916412512	1166.3230886915987	119.0	9.801034358752931	-411.05633230387616
2.0	518.0	370.0	0.5600486934871389	0.14354332577346066	94.49036751953129	0.8608341460138259	2.908288428998551	0.8609621056146042	0.060101430952031284	0.18284792916412512	1166.3230886915987	119.0	9.801034358752931	-411.05633230387616
1.0	528.0	370.0	2.871239943518918	0.07903557594349016	61.24868120725784	0.2608429493436814	8.207707642339088	0.26084322618278927	0.0622348189684435	0.16957303139903593	954.0480227300909	122.0	7.820065760082712	-434.16012744663186
1.0	538.0	370.0	3.024430448189127	0.09598067348436673	59.344041182356484	0.2826818027282177	7.713264228464071	0.2826815428208602	0.06947154381012147	0.19425227627989847	1061.3015212824641	122.0	8.699192797397247	-393.34231959928894
1.0	548.0	370.0	3.4490516329283967	0.09018167338621993	58.5151676428176	0.20758729483326976	6.874964689610211	0.20758710220076132	0.0605923464506476	0.162913536776347	1097.7746562077755	122.0	8.998152919735865	-423.3058434487192
2.0	558.0	370.0	3.4190697349658694	0.08384029080595244	58.63947273029299	0.16585676573413385	5.858048837769873	0.165886846410874	0.06547992506467593	0.14264779272393172	675.1224650804635	119.0	5.673298025886248	-457.96850745539626
2.0	558.0	370.0	0.7141344901864164	0.10768651163520611	86.85196933996426	0.6182493685449271	3.5505310797692857	0.6183297178639787	0.06547992506467593	0.14264779272393172	675.1224650804635	119.0	5.673298025886248	-457.96850745539626
2.0	568.0	370.0	3.7623645344255396	0.09041364380640457	58.39583416668713	0.15574116158947082	5.611851736790577	0.15644804427548728	0.06944920326546725	0.15297860442259414	667.127877431357	119.0	5.606116617070227	-444.74455475446564
2.0	568.0	370.0	0.9245764702043844	0.08943417603060355	87.06438903255876	0.6406308503071749	5.737045483950992	0.6435954684095412	0.06944920326546725	0.15297860442259414	667.127877431357	119.0	5.606116617070227	-444.74455475446564
3.0	578.0	370.0	3.6445093613983373	0.08415627312015314	58.84451414632643	0.15854793923707142	5.9171829739410065	0.1616274125361597	0.06367161098251224	0.1494138572151624	702.0262763963369	116.0	6.051950658589112	-453.2317663122609
3.0	578.0	370.0	1.0379187996890473	0.08103084009240762	86.57687372110617	0.5782259080416133	6.393443964039894	0.5906531244267602	0.06367161098251224	0.1494138572151624	702.0262763963369	116.0	6.051950658589112	-453.2317663122609
3.0	578.0	370.0	0.3872963680879265	0.09125505299962369	120.50123713062601	1.3567805179429324	4.98774056236233	1.356985313158511	0.06367161098251224	0.1494138572151624	702.0262763963369	116.0	6.051950658589112	-453.2317663122609
2.0	588.0	370.0	2.77484841795914	0.06358477890763248	59.87077285930742	0.19088852248841603	7.037771563354484	0.20319407855818145	0.07018293290081898	0.12403658081263773	393.001120005835	119.0	3.3025304202171006	-508.2633246819165
2.0	588.0	370.0	1.0073949137213558	0.07207996797937555	84.4231735937392	0.463361930432038	5.364914906678069	0.4807394487220806	0.07018293290081898	0.12403658081263773	393.001120005835	119.0	3.3025304202171006	-508.2633246819165
2.0	598.0	370.0	2.341465871525838	0.05945340230165871	59.062248803775205	0.3242372232213164	9.181218273479354	0.35748554136810895	0.06692042706779094	0.12482766878883575	474.53120812885084	119.0	3.987657211166814	-496.5991847300322
2.0	598.0	370.0	0.5141344667567184	0.07649811652703914	82.55457018766137	1.1298638054893047	5.405461017406386	1.1142777322369206	0.06692042706779094	0.12482766878883575	474.53120812885084	119.0	3.987657211166814	-496.5991847300322
2.0	608.0	370.0	1.7384893196591924	0.23380063879563368	50.673093169533026	0.24767709054645282	3.5774326999868657	0.4274100010137527	0.06983875905644803	0.12208340304034498	428.5706032504518	119.0	3.6014336407600993	-498.6619501472699
2.0	608.0	370.0	1.8117187410464557	0.08173402160590047	61.80523195145217	1.095582698591173	9.073067194569356	0.7298674370992517	0.06983875905644803	0.12208340304034498	428.5706032504518	119.0	3.6014336407600993	-498.6619501472699
2.0	618.0	370.0	2.6483655812529117	0.08694856419570064	52.46765763044302	0.3684102085747839	5.463719721847112	0.3398231600102631	0.065839365723856	0.1455588376817956	628.3999979478564	119.0	5.280672251662659	-465.5645789311605
2.0	618.0	370.0	1.3222204745911241	0.08877023974383713	68.01113826235145	0.7261254611472784	5.316307328890118	0.6620050183199774	0.065839365723856	0.1455588376817956	628.3999979478564	119.0	5.280672251662659	-465.5645789311605
2.0	628.0	370.0	2.2259685711493344	0.08708935625680142	52.16410782407343	0.4305740327891009	6.0280033633984225	0.4302139194432739	0.06358785762348927	0.15672959127967948	762.312229771755	119.0	6.405985124132395	-450.1160111744077
2.0	628.0	370.0	1.2677844284262083	0.09701354914850942	68.6076246055132	0.6834003076401921	4.990928820922993	0.636651779800759	0.06358785762348927	0.15672959127967948	762.312229771755	119.0	6.405985124132395	-450.1160111744077
2.0	638.0	370.0	2.0151279005939764	0.0897355232693644	51.972424742108274	0.3398438552454478	5.3482752207664035	0.36601629337158065	0.1029578567933025	0.1438805327379219	272.14160268650915	119.0	2.2869042242563795	-458.3959195947069
2.0	638.0	370.0	1.612383171554422	0.09732812127715752	68.07487245318707	0.3888835107444765	4.386537415854408	0.39570771194062265	0.1029578567933025	0.1438805327379219	272.14160268650915	119.0	2.2869042242563795	-458.3959195947069
2.0	648.0	370.0	2.1685506294365893	0.08733886741438496	52.62659817207936	0.21450358369142722	4.256906636846578	0.23177577087224377	0.13256350354605595	0.12674281396218195	124.8704795876901	119.0	1.0493317612410933	-492.59109223514724
2.0	648.0	370.0	2.1534517269481905	0.09252438077127575	67.24469625877458	0.20357431757905023	3.7205471709529228	0.21478022398236754	0.13256350354605595	0.12674281396218195	124.8704795876901	119.0	1.0493317612410933	-492.59109223514724
3.0	658.0	370.0	1.940742921010423	0.0820610188963115	53.24447293631401	0.20808629814107052	3.566022480655355	0.21691264938250743	0.14409972538009327	0.1068097634814913	77.96711499845033	116.0	0.6721303017107787	-523.7505283051298
3.0	658.0	370.0	2.3724410818356505	0.07727519692691562	66.48818266465959	0.1814926484703509	4.13420967355457	0.19633224920374562	0.14409972538009327	0.1068097634814913	77.96711499845033	116.0	0.6721303017107787	-523.7505283051298
3.0	658.0	370.0	1.3344558051835218	0.09041816131343601	121.53553779171521	0.22606617565786494	2.8894469432789465	0.22606615190659793	0.14409972538009327	0.1068097634814913	77.96711499845033	116.0	0.6721303017107787	-523.7505283051298
2.0	668.0	370.0	2.1744733233842473	0.08276015829949815	62.63422392679865	0.3414397561764109	7.769780210089969	0.34143995197631427	0.15104285904997447	0.1561387172777608	163.99505790420972	119.0	1.3781097302874765	-425.89572809420355
2.0	668.0	370.0	2.177467921270601	0.13339666541257933	122.23529460765722	0.2115586132731307	2.9900978508564964	0.2115572279508426	0.15104285904997447	0.1561387172777608	163.99505790420972	119.0	1.3781097302874765	-425.89572809420355
2.0	678.0	370.0	2.7577912185485784	0.09863031663576359	63.139615545901165	0.24678119556751688	5.975763963239351	0.24678119318247962	0.10575288525233306	0.17178462773256858	365.4522427200634	119.0	3.071027249748432	-414.8479462129809
2.0	678.0	370.0	2.306567162630585	0.14762693071529587	122.77993608955141	0.19711852143136732	2.66771037615218	0.19712200181263395	0.10575288525233306	0.17178462773256858	365.4522427200634	119.0	3.071027249748432	-414.8479462129809
2.0	688.0	370.0	2.9884754305085672	0.0830141159943459	62.85701014638933	0.17398540978480692	5.4242688141909765	0.1739854117123117	0.19663046481152874	0.12201303093509597	67.97420460307563	119.0	0.5712118033871902	-470.04359784526457
2.0	688.0	370.0	2.130386518097077	0.12390604687495824	122.38772852348778	0.16352645861209536	2.4343140667886534	0.16351484159814259	0.19663046481152874	0.12201303093509597	67.97420460307563	119.0	0.5712118033871902	-470.04359784526457
2.0	698.0	370.0	3.1199678543964895	0.05897202665908304	61.919077568246834	0.11525751602554296	5.280850583198706	0.11525751685226401	0.09705970436307862	0.08910545202296045	137.06253199400086	119.0	1.1517859831428645	-558.879940537689
2.0	698.0	370.0	1.2569151101551714	0.0846826595120583	121.81287515010757	0.19925045453304185	2.5604527341464003	0.19924060028318485	0.09705970436307862	0.08910545202296045	137.06253199400086	119.0	1.1517859831428645	-558.879940537689
2.0	708.0	370.0	3.2912573432885712	0.06289514946196945	61.794457032980375	0.11272083164816396	5.108336142943012	0.11272083140923336	0.10099116006650632	0.10156715249032491	139.29891079322573	119.0	1.1705790822960145	-546.9301675709555
2.0	708.0	370.0	0.6876716892178856	0.08475119744142945	121.41732904643571	0.40038737511554773	2.8130285782698783	0.40038520177575765	0.10099116006650632	0.10156715249032491	139.29891079322573	119.0	1.1705790822960145	-546.9301675709555
1.0	718.0	370.0	2.9520259380887754	0.0730686831651163	62.83269242234516	0.1573497186747388	5.505431409205507	0.15734974705618054	0.14803741987313518	0.11779324680536848	96.67640770470258	122.0	0.7924295713500211	-503.6905923872891
1.0	728.0	370.0	2.297342588046927	0.07272376987566873	63.766534825910725	0.22686159816808363	6.20711200554425	0.22686188430097742	0.09607357470227262	0.12425161433543752	256.33951696192145	122.0	2.101143581655094	-489.88661114654064
1.0	738.0	370.0	1.688635870164661	0.0783879090129934	65.52591033312902	0.3545288932884271	6.614199742761246	0.35452896406652523	0.06391453369119675	0.1519400332797366	717.1075900246142	122.0	5.877931065775526	-463.1881063055755
1.0	748.0	370.0	2.0630439872131427	0.08011552431349356	67.8173185130809	0.23241321557514893	5.182493730994474	0.23241285932816882	0.0826243055891356	0.12443074984797062	351.2364987018094	122.0	2.8789876942771264	-488.2195907098645
1.0	758.0	370.0	2.1567245933339914	0.09881512731084474	68.31183903362377	0.24597521224250274	4.649100661168239	0.24597496853361397	0.0817231025437489	0.14292122023208578	489.9545802312344	122.0	4.016021149436347	-449.354766541344
1.0	38.0	380.0	3.135153838226731	0.1450423381662552	31.20515616526524	0.47093741942745426	8.817552129922364	0.47093803294747877	0.20361363695873524	0.2829610441288241	322.4610821261377	122.0	2.643123623984735	-273.4241648358114
2.0	48.0	380.0	1.4236708873844661	0.41472526135906435	23.564872154457458	0.6297159203378384	4.3168628982756205	0.9878790609428143	0.1393378689876186	0.1908973105259247	291.4481095384525	119.0	2.4491437776340548	-374.1830012754563
2.0	48.0	380.0	2.4786656067166004	0.1226008840844534	37.1162951893319	1.5607329184308192	9.799247800978273	1.113598587601574	0.1393378689876186	0.1908973105259247	291.4481095384525	119.0	2.4491437776340548	-374.1830012754563
1.0	58.0	380.0	3.0180373527839492	0.07797265139245359	36.45131152074023	0.32725137494676804	10.969270352973938	0.3272513213556337	0.1120679220216841	0.1958517665997284	382.758043885015	122.0	3.1373610154509426	-401.27637208939626
2.0	68.0	380.0	1.0744732254503715	0.16388339467087845	21.00972558821335	0.5994733865673015	3.698415069070454	0.6581454909060135	0.10050253051638078	0.17688773576974906	388.9855462105298	119.0	3.2687861026094938	-419.7776725570147
2.0	68.0	380.0	2.6825656945618706	0.0819100482064337	37.74168769664473	0.5063955066544884	9.026157432695179	0.5236923005980484	0.10050253051638078	0.17688773576974906	388.9855462105298	119.0	3.2687861026094938	-419.7776725570147
3.0	78.0	380.0	0.6684475146260346	0.11818662039266029	19.12398393838819	0.41998113143080035	2.560557105857998	0.5581181764023455	0.08268982454882932	0.10819323401147334	220.01758061505305	116.0	1.8967032811642504	-532.9252491518638
3.0	78.0	380.0	1.5475783842391782	0.048241177866196173	34.02392110729728	0.5563841328582794	10.362366676750245	0.6141327644127206	0.08268982454882932	0.10819323401147334	220.01758061505305	116.0	1.8967032811642504	-532.9252491518638
3.0	78.0	380.0	0.6929154778082199	0.06671765947342813	63.81738567130942	0.5873964589878973	4.950000046419996	0.5957125730102291	0.08268982454882932	0.10819323401147334	220.01758061505305	116.0	1.8967032811642504	-532.9252491518638
3.0	88.0	380.0	0.9357827269953951	0.05259265068059727	27.506844537610547	0.5277894503488569	12.419235533555591	0.6093178886713041	0.07857629319786949	0.08265831577739899	138.32733754896407	116.0	1.192477047835897	-603.692448396034
3.0	88.0	380.0	0.5976973697286313	0.08596383947228464	30.47550929891805	0.32521780478991247	2.157506719213403	0.3896223115428373	0.07857629319786949	0.08265831577739899	138.32733754896407	116.0	1.192477047835897	-603.692448396034
3.0	88.0	380.0	0.6181272430207164	0.05322167346449423	62.66165422376022	0.4480044672848072	4.411407527190408	0.4522277419711542	0.07857629319786949	0.08265831577739899	138.32733754896407	116.0	1.192477047835897	-603.692448396034
1.0	128.0	380.0	1.3828158447069667	0.09779579701671963	29.050594204790148	0.2935912623790727	3.596262224236236	0.2935935994517925	0.0677929090683907	0.13058845346726303	539.321506054563	122.0	4.42066808241445	-484.0746511335436
2.0	138.0	380.0	0.6752363742709431	0.07361983217914657	9.428211487572545	0.48375305265175894	3.8429151754487068	0.48418109092250117	0.07118391749475005	0.10628329503563767	288.8449896555681	119.0	2.427268820635026	-543.213171716071
2.0	138.0	380.0	1.401721006338201	0.07954453327084801	29.188922300044965	0.2156893455724214	3.2911088344789388	0.21586016238298808	0.07118391749475005	0.10628329503563767	288.8449896555681	119.0	2.427268820635026	-543.213171716071
2.0	148.0	380.0	0.6903039446071443	0.04365989772584339	12.81375079693258	0.7971284658040166	6.271944474864848	0.7807285452152437	0.06599222612941659	0.07332520316583675	182.0096873491315	119.0	1.529493171001105	-619.8744461020813
2.0	148.0	380.0	1.319613299701271	0.05918267485726673	27.766499851966277	0.32753327826474915	4.351551335877186	0.2874406398436464	0.06599222612941659	0.07332520316583675	182.0096873491315	119.0	1.529493171001105	-619.8744461020813
1.0	158.0	380.0	1.3968683814331488	0.04244055111243362	26.49621099608484	0.2674791340437114	7.623888048220692	0.26747904205883666	0.05395448988027453	0.07270856394390478	340.0236954751988	122.0	2.787079471108187	-598.8158956311745
2.0	178.0	380.0	1.8261177536394877	0.04176197215080023	32.209969891304574	0.1533721610822222	5.799042475590078	0.15444957129014622	0.057790000041753185	0.07358734138001459	212.2357480348407	119.0	1.783493680965048	-633.8500252548581
2.0	178.0	380.0	0.4368359929200183	0.037006361998504864	64.29560605781347	0.7234553762505693	7.399180819143549	0.7299147913486475	0.057790000041753185	0.07358734138001459	212.2357480348407	119.0	1.783493680965048	-633.8500252548581
